1  23.3172  23.0996  23.0981  23  22.9672  22.7224  23.3291  23.0996  23.0981  23  22.9672  22.7224  0 23.2682  23.0851  23.0953  22.9817  22.9893  22.7447  0.0581994  0.0167079  0.0131702  0.0209983  0.0366005  0.0893573  
2  23.3172  23.0996  23.0981  23  22.9672  22.7224  23.3305  23.0996  23.0981  23  22.9672  22.7224  0 23.3451  23.0968  23.088  22.9992  22.9552  22.6813  0.0582655  0.0167079  0.0131702  0.0209983  0.0366005  0.0893573  
3  23.3172  23.0996  23.0981  23  22.9672  22.7224  23.3362  23.0996  23.0981  23  22.9672  22.7224  0 23.2955  23.0762  23.1052  23.0205  22.9624  22.6378  0.0585368  0.0167079  0.0131702  0.0209983  0.0366005  0.0893573  
4  23.3172  23.0996  23.0981  23  22.9672  22.7224  23.3329  23.0996  23.0981  23  22.9672  22.7224  0 23.3358  23.0895  23.0994  23.0015  22.9851  22.6924  0.0583794  0.0167079  0.0131702  0.0209983  0.0366005  0.0893573  
5  23.3172  23.0996  23.0981  23  22.9672  22.7224  23.4047  23.0996  23.0981  23  22.9672  22.7224  0 23.4138  23.0927  23.1065  23.0027  22.9944  22.7971  0.0618956  0.0167079  0.0131702  0.0209983  0.0366006  0.0893573  
6  23.3172  23.0996  23.0981  23  22.9672  22.7224  23.3393  23.0996  23.0981  23  22.9672  22.7224  0 23.3481  23.0979  23.0947  23.0223  22.9354  22.8688  0.0586835  0.0167079  0.0131702  0.0209983  0.0366005  0.0893573  
7  23.3172  23.0996  23.0981  23  22.9672  22.7224  23.3298  23.0996  23.0981  23  22.9672  22.7224  0 23.2095  23.1239  23.0933  23.0105  22.9898  22.722  0.0582332  0.0167079  0.0131702  0.0209983  0.0366005  0.0893573  
8  23.3172  23.0996  23.0981  23  22.9672  22.7224  23.3238  23.0996  23.0981  23  22.9672  22.7224  0 23.4257  23.1007  23.0912  22.9938  23.0125  22.7767  0.0579504  0.0167079  0.0131703  0.0209983  0.0366005  0.0893573  
9  23.3172  23.0996  23.0981  23  22.9672  22.7224  23.3421  23.0996  23.0981  23  22.9672  22.7224  0 23.2757  23.1124  23.1046  23.0203  22.9408  22.8132  0.0588165  0.0167079  0.0131703  0.0209983  0.0366005  0.0893573  
10  23.3172  23.0996  23.0981  23  22.9672  22.7224  23.3251  23.0996  23.0981  23  22.9672  22.7224  0 23.2772  23.1053  23.0869  22.9843  22.9762  22.7468  0.058013  0.0167079  0.0131702  0.0209983  0.0366005  0.0893573  
11  23.3172  23.0996  23.0981  23  22.9672  22.7224  23.3495  23.0996  23.0981  23  22.9672  22.7224  0 23.43  23.1072  23.1072  22.9729  22.9977  22.8717  0.0591725  0.0167079  0.0131702  0.0209983  0.0366005  0.0893573  
12  23.3172  23.0996  23.0981  23  22.9672  22.7224  23.3364  23.0996  23.0981  23  22.9672  22.7224  0 23.4618  23.1053  23.0946  23.0032  22.9945  22.6182  0.0585465  0.0167079  0.0131702  0.0209983  0.0366005  0.0893573  
13  23.3172  23.0996  23.0981  23  22.9672  22.7224  23.3323  23.0996  23.0981  23  22.9672  22.7224  0 23.351  23.064  23.1105  22.9928  23.0013  22.8192  0.0583503  0.0167079  0.0131703  0.0209983  0.0366005  0.0893573  
14  23.3172  23.0996  23.0981  23  22.9672  22.7224  23.3494  23.0996  23.0981  23  22.9672  22.7224  0 23.4217  23.0844  23.0964  22.9896  22.9526  22.7693  0.0591684  0.0167079  0.0131703  0.0209983  0.0366005  0.0893573  
15  23.3172  23.0996  23.0981  23  22.9672  22.7224  23.3944  23.0996  23.0981  23  22.9672  22.7224  0 23.5028  23.0782  23.1093  23.0255  22.9701  22.8668  0.0613786  0.0167079  0.0131702  0.0209983  0.0366005  0.0893572  
16  23.3172  23.0996  23.0981  23  22.9672  22.7224  23.3298  23.0996  23.0981  23  22.9672  22.7224  0 23.4594  23.0956  23.115  23.0113  22.8724  22.7165  0.058236  0.0167079  0.0131702  0.0209983  0.0366005  0.0893573  
17  23.3172  23.0996  23.0981  23  22.9672  22.7224  23.332  23.0996  23.0981  23  22.9672  22.7224  0 23.3068  23.1216  23.0811  22.9702  22.9997  22.7625  0.0583372  0.0167079  0.0131702  0.0209983  0.0366005  0.0893573  
18  23.3172  23.0996  23.0981  23  22.9672  22.7224  23.3533  23.0996  23.0981  23  22.9672  22.7224  0 23.4337  23.0968  23.0776  23.0013  22.9361  22.7543  0.0593568  0.0167079  0.0131702  0.0209983  0.0366005  0.0893572  
19  23.3172  23.0996  23.0981  23  22.9672  22.7224  23.3663  23.0996  23.0981  23  22.9672  22.7224  0 23.4751  23.0981  23.1127  23.0111  22.9537  22.6535  0.0599869  0.0167079  0.0131702  0.0209983  0.0366005  0.0893572  
20  23.3172  23.0996  23.0981  23  22.9672  22.7224  23.3238  23.0996  23.0981  23  22.9672  22.7224  0 23.3489  23.1062  23.0878  22.9971  22.8664  22.5969  0.0579518  0.0167079  0.0131703  0.0209983  0.0366005  0.0893573  
21  23.3172  23.0996  23.0981  23  22.9672  22.7224  23.3302  23.0996  23.0981  23  22.9672  22.7224  0 23.297  23.1177  23.1185  23.0133  22.963  22.8429  0.0582511  0.0167079  0.0131702  0.0209983  0.0366005  0.0893573  
22  23.3172  23.0996  23.0981  23  22.9672  22.7224  23.3638  23.0996  23.0981  23  22.9672  22.7224  0 23.3731  23.108  23.1053  23.009  23.0236  22.6716  0.0598676  0.0167079  0.0131702  0.0209983  0.0366005  0.0893573  
23  23.3172  23.0996  23.0981  23  22.9672  22.7224  23.3738  23.0996  23.0981  23  22.9672  22.7224  0 23.3434  23.0927  23.1085  22.9838  22.9615  22.8992  0.0603556  0.0167079  0.0131702  0.0209983  0.0366005  0.0893573  
24  23.3172  23.0996  23.0981  23  22.9672  22.7224  23.3272  23.0996  23.0981  23  22.9672  22.7224  0 23.3235  23.0877  23.0949  22.9812  22.983  22.6632  0.0581112  0.0167079  0.0131702  0.0209983  0.0366005  0.0893573  
25  23.3172  23.0996  23.0981  23  22.9672  22.7224  23.352  23.0996  23.0981  23  22.9672  22.7224  0 23.3644  23.0877  23.1282  22.9948  22.9025  22.696  0.0592944  0.0167079  0.0131702  0.0209983  0.0366005  0.0893573  
26  23.3172  23.0996  23.0981  23  22.9672  22.7224  23.3293  23.0996  23.0981  23  22.9672  22.7224  0 23.3176  23.0971  23.0987  23.0302  22.9506  22.7121  0.0582109  0.0167079  0.0131703  0.0209983  0.0366005  0.0893573  
27  23.3172  23.0996  23.0981  23  22.9672  22.7224  23.3428  23.0996  23.0981  23  22.9672  22.7224  0 23.365  23.1368  23.0979  23.0267  22.9841  22.5737  0.0588523  0.0167079  0.0131703  0.0209983  0.0366005  0.0893573  
28  23.3172  23.0996  23.0981  23  22.9672  22.7224  23.3224  23.0996  23.0981  23  22.9672  22.7224  0 23.3109  23.1098  23.0978  22.9583  22.9479  22.6795  0.0578862  0.0167079  0.0131702  0.0209983  0.0366005  0.0893573  
29  23.3172  23.0996  23.0981  23  22.9672  22.7224  23.3605  23.0996  23.0981  23  22.9672  22.7224  0 23.3524  23.1019  23.0991  23.0108  22.8931  22.7699  0.0597048  0.0167079  0.0131702  0.0209983  0.0366005  0.0893573  
30  23.3172  23.0996  23.0981  23  22.9672  22.7224  23.3283  23.0996  23.0981  23  22.9672  22.7224  0 23.3818  23.0963  23.0927  22.9738  22.9654  22.8088  0.0581654  0.0167079  0.0131702  0.0209983  0.0366005  0.0893573  
31  23.3172  23.0996  23.0981  23  22.9672  22.7224  23.3276  23.0996  23.0981  23  22.9672  22.7224  0 23.2817  23.0912  23.1173  22.9874  23.0424  22.5245  0.058129  0.0167079  0.0131702  0.0209983  0.0366005  0.0893573  
32  23.3172  23.0996  23.0981  23  22.9672  22.7224  23.3524  23.0996  23.0981  23  22.9672  22.7224  0 23.3621  23.0706  23.1069  22.9826  22.9153  22.713  0.0593109  0.0167079  0.0131702  0.0209983  0.0366005  0.0893573  
33  23.3172  23.0996  23.0981  23  22.9672  22.7224  23.3698  23.0996  23.0981  23  22.9672  22.7224  0 23.3653  23.1148  23.0982  23.0667  23.0271  22.8365  0.0601572  0.0167079  0.0131702  0.0209983  0.0366005  0.0893573  
34  23.3172  23.0996  23.0981  23  22.9672  22.7224  23.3303  23.0996  23.0981  23  22.9672  22.7224  0 23.2586  23.0951  23.0871  22.9884  22.9752  22.8649  0.0582585  0.0167079  0.0131703  0.0209983  0.0366005  0.0893573  
35  23.3172  23.0996  23.0981  23  22.9672  22.7224  23.3433  23.0996  23.0981  23  22.9672  22.7224  0 23.3923  23.0889  23.086  22.9848  22.9486  22.5534  0.0588742  0.0167079  0.0131702  0.0209983  0.0366005  0.0893573  
36  23.3172  23.0996  23.0981  23  22.9672  22.7224  23.3532  23.0996  23.0981  23  22.9672  22.7224  0 23.3772  23.0821  23.0806  22.9771  23.0079  22.8663  0.0593505  0.0167079  0.0131702  0.0209983  0.0366005  0.0893573  
37  23.3172  23.0996  23.0981  23  22.9672  22.7224  23.3511  23.0996  23.0981  23  22.9672  22.7224  0 23.417  23.1012  23.1022  22.9651  22.9651  22.6521  0.0592482  0.0167079  0.0131702  0.0209983  0.0366005  0.0893573  
38  23.3172  23.0996  23.0981  23  22.9672  22.7224  23.3483  23.0996  23.0981  23  22.9672  22.7224  0 23.4144  23.1022  23.1029  23.0127  22.9827  22.6492  0.0591148  0.0167079  0.0131702  0.0209983  0.0366005  0.0893573  
39  23.3172  23.0996  23.0981  23  22.9672  22.7224  23.3473  23.0996  23.0981  23  22.9672  22.7224  0 23.2602  23.1022  23.0901  23.0527  22.8912  22.8642  0.0590661  0.0167079  0.0131702  0.0209983  0.0366005  0.0893573  
40  23.3172  23.0996  23.0981  23  22.9672  22.7224  23.335  23.0996  23.0981  23  22.9672  22.7224  0 23.4149  23.1062  23.0889  23.0141  23.0071  22.7294  0.0584823  0.0167079  0.0131702  0.0209983  0.0366005  0.0893573  
41  23.3172  23.0996  23.0981  23  22.9672  22.7224  23.335  23.0996  23.0981  23  22.9672  22.7224  0 23.2717  23.0952  23.073  23.0304  22.8846  22.7831  0.058482  0.0167079  0.0131702  0.0209983  0.0366005  0.0893573  
42  23.3172  23.0996  23.0981  23  22.9672  22.7224  23.3227  23.0996  23.0981  23  22.9672  22.7224  0 23.3394  23.0922  23.0953  22.989  23.0125  22.7143  0.0579007  0.0167079  0.0131702  0.0209983  0.0366005  0.0893573  
43  23.3172  23.0996  23.0981  23  22.9672  22.7224  23.3535  23.0996  23.0981  23  22.9672  22.7224  0 23.2484  23.0821  23.1206  23.0171  22.9915  22.6578  0.0593654  0.0167079  0.0131702  0.0209983  0.0366005  0.0893573  
44  23.3172  23.0996  23.0981  23  22.9672  22.7224  23.334  23.0996  23.0981  23  22.9672  22.7224  0 23.3587  23.1037  23.0912  23.022  22.9852  22.6607  0.0584325  0.0167079  0.0131702  0.0209983  0.0366005  0.0893573  
45  23.3172  23.0996  23.0981  23  22.9672  22.7224  23.3265  23.0996  23.0981  23  22.9672  22.7224  0 23.4334  23.0994  23.105  23.0248  22.9638  22.6684  0.0580796  0.0167079  0.0131702  0.0209983  0.0366005  0.0893573  
46  23.3172  23.0996  23.0981  23  22.9672  22.7224  23.3318  23.0996  23.0981  23  22.9672  22.7224  0 23.3001  23.0761  23.0744  22.9592  22.9337  22.6217  0.058328  0.0167079  0.0131702  0.0209983  0.0366005  0.0893573  
47  23.3172  23.0996  23.0981  23  22.9672  22.7224  23.3262  23.0996  23.0981  23  22.9672  22.7224  0 23.4669  23.1073  23.0907  23.0065  22.9062  22.7124  0.0580648  0.0167079  0.0131702  0.0209983  0.0366005  0.0893573  
48  23.3172  23.0996  23.0981  23  22.9672  22.7224  23.3254  23.0996  23.0981  23  22.9672  22.7224  0 23.3346  23.0959  23.1108  22.9974  22.9413  22.9081  0.0580278  0.0167079  0.0131703  0.0209983  0.0366005  0.0893573  
49  23.3172  23.0996  23.0981  23  22.9672  22.7224  23.3694  23.0996  23.0981  23  22.9672  22.7224  0 23.378  23.0865  23.1133  22.9938  23.0003  22.6764  0.0601381  0.0167079  0.0131702  0.0209983  0.0366005  0.0893573  
50  23.3172  23.0996  23.0981  23  22.9672  22.7224  23.3592  23.0996  23.0981  23  22.9672  22.7224  0 23.3421  23.089  23.0723  22.9519  22.9636  22.7264  0.0596435  0.0167079  0.0131702  0.0209983  0.0366005  0.0893572  
51  23.3172  23.0996  23.0981  23  22.9672  22.7224  23.3297  23.0996  23.0981  23  22.9672  22.7224  0 23.3195  23.103  23.0877  22.986  22.9808  22.7782  0.0582293  0.0167079  0.0131703  0.0209983  0.0366005  0.0893573  
52  23.3172  23.0996  23.0981  23  22.9672  22.7224  23.3198  23.0996  23.0981  23  22.9672  22.7224  0 23.3331  23.0907  23.1013  22.9919  22.9128  22.6609  0.0577652  0.0167079  0.0131703  0.0209983  0.0366005  0.0893574  
53  23.3172  23.0996  23.0981  23  22.9672  22.7224  23.3338  23.0996  23.0981  23  22.9672  22.7224  0 23.2259  23.1025  23.1196  22.9849  22.9933  22.6404  0.0584255  0.0167079  0.0131702  0.0209983  0.0366005  0.0893573  
54  23.3172  23.0996  23.0981  23  22.9672  22.7224  23.3298  23.0996  23.0981  23  22.9672  22.7224  0 23.2361  23.0727  23.0992  23.017  23.0641  22.787  0.0582344  0.0167079  0.0131703  0.0209983  0.0366005  0.0893573  
55  23.3172  23.0996  23.0981  23  22.9672  22.7224  23.333  23.0996  23.0981  23  22.9672  22.7224  0 23.3735  23.0833  23.0997  22.9874  22.9595  22.6599  0.0583834  0.0167079  0.0131702  0.0209983  0.0366005  0.0893573  
56  23.3172  23.0996  23.0981  23  22.9672  22.7224  23.36  23.0996  23.0981  23  22.9672  22.7224  0 23.3403  23.1255  23.0975  22.9953  22.9885  22.5997  0.0596818  0.0167079  0.0131703  0.0209983  0.0366005  0.0893573  
57  23.3172  23.0996  23.0981  23  22.9672  22.7224  23.357  23.0996  23.0981  23  22.9672  22.7224  0 23.3433  23.1032  23.1177  23.0119  22.9775  22.6735  0.0595356  0.0167079  0.0131702  0.0209983  0.0366005  0.0893572  
58  23.3172  23.0996  23.0981  23  22.9672  22.7224  23.3254  23.0996  23.0981  23  22.9672  22.7224  0 23.2484  23.1409  23.1  23.0014  22.9548  22.7251  0.0580264  0.0167079  0.0131703  0.0209983  0.0366005  0.0893573  
59  23.3172  23.0996  23.0981  23  22.9672  22.7224  23.3262  23.0996  23.0981  23  22.9672  22.7224  0 23.2346  23.0847  23.1138  22.9756  22.9901  22.7435  0.0580659  0.0167079  0.0131702  0.0209983  0.0366005  0.0893573  
60  23.3172  23.0996  23.0981  23  22.9672  22.7224  23.3211  23.0996  23.0981  23  22.9672  22.7224  0 23.1602  23.1187  23.1036  23.0115  22.9409  22.7366  0.0578235  0.0167079  0.0131703  0.0209983  0.0366005  0.0893573  
61  23.3172  23.0996  23.0981  23  22.9672  22.7224  23.3578  23.0996  23.0981  23  22.9672  22.7224  0 23.3373  23.0747  23.0898  23.0319  22.9357  22.6785  0.0595732  0.0167079  0.0131702  0.0209983  0.0366005  0.0893573  
62  23.3172  23.0996  23.0981  23  22.9672  22.7224  23.3248  23.0996  23.0981  23  22.9672  22.7224  0 23.3329  23.0977  23.1145  22.9921  22.8969  22.8438  0.0580004  0.0167079  0.0131702  0.0209983  0.0366005  0.0893573  
63  23.3172  23.0996  23.0981  23  22.9672  22.7224  23.3314  23.0996  23.0981  23  22.9672  22.7224  0 23.2639  23.0696  23.0902  22.985  22.9294  22.637  0.0583085  0.0167079  0.0131702  0.0209983  0.0366005  0.0893573  
64  23.3172  23.0996  23.0981  23  22.9672  22.7224  23.3249  23.0996  23.0981  23  22.9672  22.7224  0 23.3771  23.0953  23.1174  23.0155  23.0676  22.7038  0.0580024  0.0167079  0.0131703  0.0209983  0.0366005  0.0893573  
65  23.3172  23.0996  23.0981  23  22.9672  22.7224  23.345  23.0996  23.0981  23  22.9672  22.7224  0 23.3788  23.1116  23.1008  22.9878  22.9423  22.7084  0.0589589  0.0167079  0.0131702  0.0209983  0.0366005  0.0893573  
66  23.3172  23.0996  23.0981  23  22.9672  22.7224  23.325  23.0996  23.0981  23  22.9672  22.7224  0 23.3237  23.1299  23.1103  23.0354  22.9632  22.6385  0.058008  0.0167079  0.0131703  0.0209983  0.0366005  0.0893573  
67  23.3172  23.0996  23.0981  23  22.9672  22.7224  23.3764  23.0996  23.0981  23  22.9672  22.7224  0 23.3692  23.0894  23.0861  23.0401  22.9859  22.7725  0.0604849  0.0167079  0.0131703  0.0209983  0.0366005  0.0893572  
68  23.3172  23.0996  23.0981  23  22.9672  22.7224  23.3401  23.0996  23.0981  23  22.9672  22.7224  0 23.3889  23.0849  23.0996  23.0029  22.9929  22.741  0.0587228  0.0167079  0.0131702  0.0209983  0.0366005  0.0893573  
69  23.3172  23.0996  23.0981  23  22.9672  22.7224  23.3499  23.0996  23.0981  23  22.9672  22.7224  0 23.4656  23.1001  23.1003  23.0185  22.9896  22.6936  0.0591912  0.0167079  0.0131703  0.0209983  0.0366005  0.0893573  
70  23.3172  23.0996  23.0981  23  22.9672  22.7224  23.3184  23.0996  23.0981  23  22.9672  22.7224  0 23.2901  23.1333  23.0725  23.0114  22.92  22.8678  0.0576983  0.0167079  0.0131703  0.0209983  0.0366005  0.0893573  
71  23.3172  23.0996  23.0981  23  22.9672  22.7224  23.3288  23.0996  23.0981  23  22.9672  22.7224  0 23.2795  23.09  23.0852  23.0206  22.9198  22.7526  0.0581875  0.0167079  0.0131702  0.0209983  0.0366005  0.0893573  
72  23.3172  23.0996  23.0981  23  22.9672  22.7224  23.3343  23.0996  23.0981  23  22.9672  22.7224  0 23.3937  23.1018  23.0968  22.9797  23.0077  22.8699  0.0584475  0.0167079  0.0131702  0.0209983  0.0366005  0.0893573  
73  23.3172  23.0996  23.0981  23  22.9672  22.7224  23.3224  23.0996  23.0981  23  22.9672  22.7224  0 23.3099  23.0932  23.0786  23.0085  22.9577  22.7825  0.057887  0.0167079  0.0131703  0.0209983  0.0366005  0.0893573  
74  23.3172  23.0996  23.0981  23  22.9672  22.7224  23.3251  23.0996  23.0981  23  22.9672  22.7224  0 23.2861  23.0568  23.0929  23.0229  22.935  22.705  0.0580134  0.0167079  0.0131702  0.0209983  0.0366005  0.0893573  
75  23.3172  23.0996  23.0981  23  22.9672  22.7224  23.341  23.0996  23.0981  23  22.9672  22.7224  0 23.3008  23.0805  23.1204  22.9977  22.9829  22.7935  0.0587652  0.0167079  0.0131702  0.0209983  0.0366005  0.0893573  
76  23.3172  23.0996  23.0981  23  22.9672  22.7224  23.3381  23.0996  23.0981  23  22.9672  22.7224  0 23.3484  23.0659  23.1126  23.0016  23.0094  22.6319  0.0586283  0.0167079  0.0131702  0.0209983  0.0366005  0.0893573  
77  23.3172  23.0996  23.0981  23  22.9672  22.7224  23.3197  23.0996  23.0981  23  22.9672  22.7224  0 23.3496  23.1087  23.1001  22.9899  22.9587  22.6354  0.0577576  0.0167079  0.0131703  0.0209983  0.0366005  0.0893573  
78  23.3172  23.0996  23.0981  23  22.9672  22.7224  23.3332  23.0996  23.0981  23  22.9672  22.7224  0 23.3486  23.0895  23.0795  23.0017  22.9735  22.6021  0.0583962  0.0167079  0.0131702  0.0209983  0.0366005  0.0893573  
79  23.3172  23.0996  23.0981  23  22.9672  22.7224  23.3281  23.0996  23.0981  23  22.9672  22.7224  0 23.3134  23.0784  23.0892  22.9688  23.0137  22.5955  0.0581553  0.0167079  0.0131702  0.0209983  0.0366005  0.0893573  
80  23.3172  23.0996  23.0981  23  22.9672  22.7224  23.3777  23.0996  23.0981  23  22.9672  22.7224  0 23.3891  23.09  23.0774  23.0022  22.9383  22.6658  0.0605462  0.0167079  0.0131702  0.0209983  0.0366005  0.0893572  
81  23.3172  23.0996  23.0981  23  22.9672  22.7224  23.3472  23.0996  23.0981  23  22.9672  22.7224  0 23.4162  23.1009  23.0926  22.9788  22.9762  22.7243  0.059063  0.0167079  0.0131702  0.0209983  0.0366005  0.0893573  
82  23.3172  23.0996  23.0981  23  22.9672  22.7224  23.3431  23.0996  23.0981  23  22.9672  22.7224  0 23.2967  23.0919  23.0854  22.9574  22.9668  22.8431  0.0588672  0.0167079  0.0131702  0.0209983  0.0366005  0.0893573  
83  23.3172  23.0996  23.0981  23  22.9672  22.7224  23.3367  23.0996  23.0981  23  22.9672  22.7224  0 23.4066  23.1079  23.0885  22.9962  23.0106  22.6533  0.0585605  0.0167079  0.0131702  0.0209983  0.0366005  0.0893573  
84  23.3172  23.0996  23.0981  23  22.9672  22.7224  23.3715  23.0996  23.0981  23  22.9672  22.7224  0 23.3696  23.1269  23.1049  22.9716  22.9388  22.7319  0.0602446  0.0167079  0.0131702  0.0209983  0.0366006  0.0893573  
85  23.3172  23.0996  23.0981  23  22.9672  22.7224  23.3288  23.0996  23.0981  23  22.9672  22.7224  0 23.238  23.1121  23.0902  22.9921  22.9381  22.7657  0.0581866  0.0167079  0.0131702  0.0209983  0.0366005  0.0893573  
86  23.3172  23.0996  23.0981  23  22.9672  22.7224  23.3749  23.0996  23.0981  23  22.9672  22.7224  0 23.3618  23.1067  23.1041  23.0092  23.0195  22.7605  0.0604116  0.0167079  0.0131702  0.0209983  0.0366005  0.0893573  
87  23.3172  23.0996  23.0981  23  22.9672  22.7224  23.326  23.0996  23.0981  23  22.9672  22.7224  0 23.2765  23.1156  23.1048  22.9793  22.9095  22.8297  0.0580551  0.0167079  0.0131702  0.0209983  0.0366005  0.0893573  
88  23.3172  23.0996  23.0981  23  22.9672  22.7224  23.3237  23.0996  23.0981  23  22.9672  22.7224  0 23.3804  23.0782  23.0799  23.0247  23.0172  22.8  0.0579485  0.0167079  0.0131703  0.0209983  0.0366005  0.0893573  
89  23.3172  23.0996  23.0981  23  22.9672  22.7224  23.3277  23.0996  23.0981  23  22.9672  22.7224  0 23.3861  23.1101  23.0757  23.0449  22.9819  22.6433  0.0581352  0.0167079  0.0131702  0.0209983  0.0366005  0.0893573  
90  23.3172  23.0996  23.0981  23  22.9672  22.7224  23.3243  23.0996  23.0981  23  22.9672  22.7224  0 23.3025  23.1227  23.1204  23.0243  22.9541  22.6814  0.0579762  0.0167079  0.0131702  0.0209983  0.0366005  0.0893573  
91  23.3172  23.0996  23.0981  23  22.9672  22.7224  23.369  23.0996  23.0981  23  22.9672  22.7224  0 23.3991  23.1219  23.1118  23.0048  22.9919  22.6976  0.0601178  0.0167079  0.0131702  0.0209983  0.0366005  0.0893572  
92  23.3172  23.0996  23.0981  23  22.9672  22.7224  23.3348  23.0996  23.0981  23  22.9672  22.7224  0 23.2464  23.0721  23.1043  23.0305  22.967  22.7192  0.0584709  0.0167079  0.0131702  0.0209983  0.0366005  0.0893573  
93  23.3172  23.0996  23.0981  23  22.9672  22.7224  23.3344  23.0996  23.0981  23  22.9672  22.7224  0 23.3776  23.0842  23.106  22.9616  22.9559  22.6442  0.0584527  0.0167079  0.0131702  0.0209983  0.0366005  0.0893573  
94  23.3172  23.0996  23.0981  23  22.9672  22.7224  23.338  23.0996  23.0981  23  22.9672  22.7224  0 23.289  23.1252  23.0946  22.943  22.9664  22.6094  0.0586217  0.0167079  0.0131702  0.0209983  0.0366005  0.0893573  
95  23.3172  23.0996  23.0981  23  22.9672  22.7224  23.3223  23.0996  23.0981  23  22.9672  22.7224  0 23.3473  23.098  23.1188  22.9988  23.0479  22.5861  0.0578812  0.0167079  0.0131703  0.0209983  0.0366005  0.0893573  
96  23.3172  23.0996  23.0981  23  22.9672  22.7224  23.3349  23.0996  23.0981  23  22.9672  22.7224  0 23.2873  23.1271  23.079  23.0296  22.9592  22.6715  0.0584777  0.0167079  0.0131702  0.0209983  0.0366005  0.0893573  
97  23.3172  23.0996  23.0981  23  22.9672  22.7224  23.3294  23.0996  23.0981  23  22.9672  22.7224  0 23.2565  23.0732  23.1001  22.9773  23.0073  22.7656  0.0582147  0.0167079  0.0131703  0.0209983  0.0366005  0.0893573  
98  23.3172  23.0996  23.0981  23  22.9672  22.7224  23.3489  23.0996  23.0981  23  22.9672  22.7224  0 23.3473  23.089  23.0772  22.9791  22.9718  22.6659  0.0591458  0.0167079  0.0131702  0.0209983  0.0366005  0.0893573  
99  23.3172  23.0996  23.0981  23  22.9672  22.7224  23.3392  23.0996  23.0981  23  22.9672  22.7224  0 23.3667  23.1045  23.083  22.9924  22.9443  22.7977  0.0586789  0.0167079  0.0131702  0.0209983  0.0366005  0.0893573  
100  23.3172  23.0996  23.0981  23  22.9672  22.7224  23.35  23.0996  23.0981  23  22.9672  22.7224  0 23.2801  23.1075  23.0962  22.9799  22.9479  22.8596  0.0591996  0.0167079  0.0131702  0.0209983  0.0366005  0.0893573  
