1  23.4138  23.1138  23.0742  23  22.9551  22.9225  23.4672  23.1138  23.0742  23  22.9551  22.9225  0 23.3993  23.0992  23.0714  22.9817  22.9769  22.9494  0.0651525  0.0168735  0.0129386  0.0209983  0.0361948  0.107436  
2  23.4138  23.1138  23.0742  23  22.9551  22.9225  23.5011  23.1138  23.0742  23  22.9551  22.9225  0 23.5179  23.1109  23.0643  22.9992  22.9432  22.8734  0.0669927  0.0168735  0.0129386  0.0209983  0.036195  0.107436  
3  23.4138  23.1138  23.0742  23  22.9551  22.9225  23.5066  23.1138  23.0742  23  22.9551  22.9225  0 23.46  23.0901  23.0812  23.0205  22.9503  22.8216  0.0672982  0.0168735  0.0129386  0.0209983  0.0361948  0.107436  
4  23.4138  23.1138  23.0742  23  22.9551  22.9225  23.473  23.1138  23.0742  23  22.9551  22.9225  0 23.4763  23.1036  23.0755  23.0015  22.9727  22.8866  0.0654604  0.0168735  0.0129387  0.0209983  0.0361948  0.107436  
5  23.4138  23.1138  23.0742  23  22.9551  22.9225  23.5205  23.1138  23.0742  23  22.9551  22.9225  0 23.5306  23.1069  23.0825  23.0027  22.982  23.013  0.0680731  0.0168735  0.0129386  0.0209983  0.0361949  0.107436  
6  23.4138  23.1138  23.0742  23  22.9551  22.9225  23.4699  23.1138  23.0742  23  22.9551  22.9225  0 23.4797  23.112  23.0709  23.0223  22.9236  23.1011  0.0652938  0.0168735  0.0129386  0.0209983  0.0361949  0.107436  
7  23.4138  23.1138  23.0742  23  22.9551  22.9225  23.4727  23.1138  23.0742  23  22.9551  22.9225  0 23.3385  23.1384  23.0695  23.0105  22.9774  22.9222  0.0654481  0.0168735  0.0129386  0.0209983  0.0361948  0.107436  
8  23.4138  23.1138  23.0742  23  22.9551  22.9225  23.5217  23.1138  23.0742  23  22.9551  22.9225  0 23.6425  23.1149  23.0674  22.9938  22.9998  22.9882  0.0681398  0.0168735  0.0129386  0.0209983  0.0361949  0.107436  
9  23.4138  23.1138  23.0742  23  22.9551  22.9225  23.6325  23.1138  23.0742  23  22.9551  22.9225  0 23.5488  23.1267  23.0806  23.0203  22.9289  23.0327  0.0747016  0.0168735  0.0129386  0.0209983  0.0361959  0.107435  
10  23.4138  23.1138  23.0742  23  22.9551  22.9225  23.4515  23.1138  23.0742  23  22.9551  22.9225  0 23.3986  23.1195  23.0632  22.9843  22.9639  22.9519  0.0643154  0.0168736  0.0129387  0.0209983  0.0361948  0.107436  
11  23.4138  23.1138  23.0742  23  22.9551  22.9225  23.4629  23.1138  23.0742  23  22.9551  22.9225  0 23.5516  23.1215  23.0831  22.9729  22.9853  23.1048  0.064921  0.0168735  0.0129387  0.0209983  0.0361951  0.107436  
12  23.4138  23.1138  23.0742  23  22.9551  22.9225  23.5058  23.1138  23.0742  23  22.9551  22.9225  0 23.6512  23.1195  23.0708  23.0032  22.982  22.7985  0.0672556  0.0168735  0.0129386  0.0209983  0.0361953  0.107436  
13  23.4138  23.1138  23.0742  23  22.9551  22.9225  23.4879  23.1138  23.0742  23  22.9551  22.9225  0 23.5093  23.0779  23.0864  22.9928  22.9888  23.0401  0.0662703  0.0168735  0.0129386  0.0209983  0.036195  0.107436  
14  23.4138  23.1138  23.0742  23  22.9551  22.9225  23.4985  23.1138  23.0742  23  22.9551  22.9225  0 23.5806  23.0985  23.0725  22.9896  22.9406  22.9793  0.0668478  0.0168735  0.0129387  0.0209983  0.0361948  0.107436  
15  23.4138  23.1138  23.0742  23  22.9551  22.9225  23.4989  23.1138  23.0742  23  22.9551  22.9225  0 23.6176  23.0922  23.0853  23.0255  22.9579  23.0987  0.0668742  0.0168735  0.0129386  0.0209983  0.0361949  0.107436  
16  23.4138  23.1138  23.0742  23  22.9551  22.9225  23.4431  23.1138  23.0742  23  22.9551  22.9225  0 23.586  23.1097  23.0909  23.0113  22.8612  22.9155  0.0638732  0.0168736  0.0129386  0.0209983  0.0361948  0.107436  
17  23.4138  23.1138  23.0742  23  22.9551  22.9225  23.5461  23.1138  23.0742  23  22.9551  22.9225  0 23.5162  23.136  23.0575  22.9702  22.9872  22.971  0.069533  0.0168735  0.0129386  0.0209983  0.0361951  0.107436  
18  23.4138  23.1138  23.0742  23  22.9551  22.9225  23.5935  23.1138  23.0742  23  22.9551  22.9225  0 23.6923  23.111  23.0541  23.0013  22.9244  22.9611  0.0723193  0.0168735  0.0129386  0.0209983  0.0361956  0.107435  
19  23.4138  23.1138  23.0742  23  22.9551  22.9225  23.5556  23.1138  23.0742  23  22.9551  22.9225  0 23.6839  23.1122  23.0885  23.0111  22.9417  22.8402  0.0700806  0.0168735  0.0129386  0.0209983  0.0361956  0.107436  
20  23.4138  23.1138  23.0742  23  22.9551  22.9225  23.5355  23.1138  23.0742  23  22.9551  22.9225  0 23.5653  23.1204  23.0641  22.9971  22.8553  22.7734  0.0689213  0.0168735  0.0129387  0.0209983  0.0361955  0.107436  
21  23.4138  23.1138  23.0742  23  22.9551  22.9225  23.4941  23.1138  23.0742  23  22.9551  22.9225  0 23.4562  23.132  23.0943  23.0133  22.9509  23.0692  0.066608  0.0168735  0.0129386  0.0209983  0.0361948  0.107436  
22  23.4138  23.1138  23.0742  23  22.9551  22.9225  23.5421  23.1138  23.0742  23  22.9551  22.9225  0 23.5528  23.1222  23.0813  23.009  23.0108  22.8618  0.0693004  0.0168735  0.0129387  0.0209983  0.0361951  0.107436  
23  23.4138  23.1138  23.0742  23  22.9551  22.9225  23.5779  23.1138  23.0742  23  22.9551  22.9225  0 23.542  23.1068  23.0845  22.9838  22.9494  23.1389  0.0713864  0.0168735  0.0129387  0.0209983  0.0361948  0.107436  
24  23.4138  23.1138  23.0742  23  22.9551  22.9225  23.5718  23.1138  23.0742  23  22.9551  22.9225  0 23.5673  23.1018  23.0711  22.9812  22.9707  22.8518  0.0710287  0.0168735  0.0129386  0.0209983  0.0361951  0.107436  
25  23.4138  23.1138  23.0742  23  22.9551  22.9225  23.5576  23.1138  23.0742  23  22.9551  22.9225  0 23.5723  23.1018  23.1038  22.9948  22.891  22.8909  0.0701975  0.0168735  0.0129386  0.0209983  0.0361952  0.107436  
26  23.4138  23.1138  23.0742  23  22.9551  22.9225  23.4894  23.1138  23.0742  23  22.9551  22.9225  0 23.4761  23.1113  23.0749  23.0302  22.9387  22.9102  0.0663504  0.0168735  0.0129386  0.0209983  0.0361951  0.107436  
27  23.4138  23.1138  23.0742  23  22.9551  22.9225  23.5219  23.1138  23.0742  23  22.9551  22.9225  0 23.5477  23.1514  23.074  23.0267  22.9717  22.7461  0.0681536  0.0168735  0.0129386  0.0209983  0.0361956  0.107436  
28  23.4138  23.1138  23.0742  23  22.9551  22.9225  23.4727  23.1138  23.0742  23  22.9551  22.9225  0 23.4597  23.1241  23.0739  22.9583  22.936  22.8712  0.0654432  0.0168735  0.0129386  0.0209983  0.0361948  0.107436  
29  23.4138  23.1138  23.0742  23  22.9551  22.9225  23.5016  23.1138  23.0742  23  22.9551  22.9225  0 23.4925  23.1161  23.0752  23.0108  22.8817  22.98  0.0670203  0.0168735  0.0129386  0.0209983  0.0361951  0.107436  
30  23.4138  23.1138  23.0742  23  22.9551  22.9225  23.4737  23.1138  23.0742  23  22.9551  22.9225  0 23.5341  23.1105  23.069  22.9738  22.9533  23.0273  0.0655008  0.0168735  0.0129386  0.0209983  0.0361948  0.107436  
31  23.4138  23.1138  23.0742  23  22.9551  22.9225  23.4878  23.1138  23.0742  23  22.9551  22.9225  0 23.4356  23.1053  23.0931  22.9874  23.0294  22.6887  0.0662623  0.0168735  0.0129386  0.0209983  0.036195  0.107436  
32  23.4138  23.1138  23.0742  23  22.9551  22.9225  23.5618  23.1138  23.0742  23  22.9551  22.9225  0 23.5734  23.0845  23.0829  22.9826  22.9037  22.9113  0.0704378  0.0168735  0.0129386  0.0209983  0.0361949  0.107435  
33  23.4138  23.1138  23.0742  23  22.9551  22.9225  23.4984  23.1138  23.0742  23  22.9551  22.9225  0 23.4934  23.1292  23.0743  23.0667  23.0142  23.0613  0.0668436  0.0168735  0.0129386  0.0209983  0.0361952  0.107436  
34  23.4138  23.1138  23.0742  23  22.9551  22.9225  23.4814  23.1138  23.0742  23  22.9551  22.9225  0 23.4006  23.1092  23.0634  22.9884  22.9629  23.0963  0.0659171  0.0168735  0.0129386  0.0209983  0.0361949  0.107436  
35  23.4138  23.1138  23.0742  23  22.9551  22.9225  23.5651  23.1138  23.0742  23  22.9551  22.9225  0 23.6242  23.103  23.0624  22.9848  22.9367  22.7224  0.0706348  0.0168735  0.0129386  0.0209983  0.0361953  0.107436  
36  23.4138  23.1138  23.0742  23  22.9551  22.9225  23.5148  23.1138  23.0742  23  22.9551  22.9225  0 23.5422  23.0961  23.0571  22.9771  22.9953  23.0981  0.0677535  0.0168735  0.0129386  0.0209983  0.0361953  0.107436  
37  23.4138  23.1138  23.0742  23  22.9551  22.9225  23.5707  23.1138  23.0742  23  22.9551  22.9225  0 23.6502  23.1154  23.0782  22.9651  22.953  22.8387  0.0709636  0.0168735  0.0129387  0.0209983  0.036195  0.107436  
38  23.4138  23.1138  23.0742  23  22.9551  22.9225  23.493  23.1138  23.0742  23  22.9551  22.9225  0 23.5677  23.1165  23.0789  23.0127  22.9704  22.8351  0.0665494  0.0168735  0.0129386  0.0209983  0.0361952  0.107436  
39  23.4138  23.1138  23.0742  23  22.9551  22.9225  23.5518  23.1138  23.0742  23  22.9551  22.9225  0 23.4495  23.1164  23.0664  23.0527  22.8799  23.0955  0.0698566  0.0168735  0.0129386  0.0209983  0.036195  0.107436  
40  23.4138  23.1138  23.0742  23  22.9551  22.9225  23.4844  23.1138  23.0742  23  22.9551  22.9225  0 23.5751  23.1204  23.0652  23.0141  22.9945  22.9309  0.0660797  0.0168735  0.0129387  0.0209983  0.0361952  0.107436  
41  23.4138  23.1138  23.0742  23  22.9551  22.9225  23.5529  23.1138  23.0742  23  22.9551  22.9225  0 23.4776  23.1094  23.0495  23.0304  22.8734  22.996  0.0699212  0.0168735  0.0129387  0.0209983  0.0361952  0.107436  
42  23.4138  23.1138  23.0742  23  22.9551  22.9225  23.5301  23.1138  23.0742  23  22.9551  22.9225  0 23.5499  23.1063  23.0715  22.989  22.9999  22.9128  0.0686192  0.0168735  0.0129386  0.0209983  0.0361949  0.107436  
43  23.4138  23.1138  23.0742  23  22.9551  22.9225  23.5183  23.1138  23.0742  23  22.9551  22.9225  0 23.3989  23.0961  23.0963  23.0171  22.9791  22.8454  0.067953  0.0168735  0.0129386  0.0209983  0.036195  0.107436  
44  23.4138  23.1138  23.0742  23  22.9551  22.9225  23.478  23.1138  23.0742  23  22.9551  22.9225  0 23.5059  23.118  23.0674  23.022  22.9729  22.8488  0.0657319  0.0168735  0.0129386  0.0209983  0.0361955  0.107436  
45  23.4138  23.1138  23.0742  23  22.9551  22.9225  23.4851  23.1138  23.0742  23  22.9551  22.9225  0 23.6076  23.1136  23.081  23.0248  22.9517  22.8579  0.0661162  0.0168736  0.0129387  0.0209983  0.0361948  0.107436  
46  23.4138  23.1138  23.0742  23  22.9551  22.9225  23.5382  23.1138  23.0742  23  22.9551  22.9225  0 23.5008  23.09  23.051  22.9592  22.9219  22.8026  0.0690784  0.0168735  0.0129386  0.0209983  0.036195  0.107436  
47  23.4138  23.1138  23.0742  23  22.9551  22.9225  23.4825  23.1138  23.0742  23  22.9551  22.9225  0 23.6438  23.1215  23.0669  23.0065  22.8947  22.9106  0.0659747  0.0168735  0.0129386  0.0209983  0.036195  0.107436  
48  23.4138  23.1138  23.0742  23  22.9551  22.9225  23.4876  23.1138  23.0742  23  22.9551  22.9225  0 23.4981  23.1101  23.0867  22.9974  22.9294  23.15  0.0662528  0.0168735  0.0129386  0.0209983  0.0361953  0.107436  
49  23.4138  23.1138  23.0742  23  22.9551  22.9225  23.4904  23.1138  23.0742  23  22.9551  22.9225  0 23.4999  23.1005  23.0891  22.9938  22.9878  22.8675  0.0664061  0.0168735  0.0129387  0.0209983  0.0361949  0.107436  
50  23.4138  23.1138  23.0742  23  22.9551  22.9225  23.4838  23.1138  23.0742  23  22.9551  22.9225  0 23.4649  23.1031  23.0489  22.9519  22.9515  22.9274  0.0660454  0.0168735  0.0129387  0.0209983  0.0361948  0.107436  
51  23.4138  23.1138  23.0742  23  22.9551  22.9225  23.5028  23.1138  23.0742  23  22.9551  22.9225  0 23.491  23.1172  23.064  22.986  22.9685  22.99  0.067087  0.0168735  0.0129387  0.0209983  0.0361949  0.107436  
52  23.4138  23.1138  23.0742  23  22.9551  22.9225  23.5453  23.1138  23.0742  23  22.9551  22.9225  0 23.5612  23.1048  23.0774  22.9919  22.9012  22.8491  0.0694831  0.0168735  0.0129386  0.0209983  0.0361949  0.107436  
53  23.4138  23.1138  23.0742  23  22.9551  22.9225  23.4712  23.1138  23.0742  23  22.9551  22.9225  0 23.3511  23.1167  23.0953  22.9849  22.9808  22.8247  0.0653638  0.0168736  0.0129386  0.0209983  0.0361949  0.107436  
54  23.4138  23.1138  23.0742  23  22.9551  22.9225  23.5198  23.1138  23.0742  23  22.9551  22.9225  0 23.411  23.0866  23.0753  23.017  23.0508  23.0007  0.0680331  0.0168735  0.0129387  0.0209983  0.036195  0.107436  
55  23.4138  23.1138  23.0742  23  22.9551  22.9225  23.611  23.1138  23.0742  23  22.9551  22.9225  0 23.6622  23.0973  23.0758  22.9874  22.9474  22.8479  0.0733786  0.0168735  0.0129387  0.0209983  0.0361957  0.107435  
56  23.4138  23.1138  23.0742  23  22.9551  22.9225  23.4737  23.1138  23.0742  23  22.9551  22.9225  0 23.4521  23.1399  23.0736  22.9953  22.9761  22.7767  0.0654975  0.0168735  0.0129386  0.0209983  0.0361948  0.107436  
57  23.4138  23.1138  23.0742  23  22.9551  22.9225  23.4632  23.1138  23.0742  23  22.9551  22.9225  0 23.4482  23.1175  23.0935  23.0119  22.9652  22.864  0.0649337  0.0168735  0.0129387  0.0209983  0.0361948  0.107436  
58  23.4138  23.1138  23.0742  23  22.9551  22.9225  23.5061  23.1138  23.0742  23  22.9551  22.9225  0 23.4174  23.1555  23.0761  23.0014  22.9428  22.9259  0.0672718  0.0168735  0.0129386  0.0209983  0.0361957  0.107436  
59  23.4138  23.1138  23.0742  23  22.9551  22.9225  23.6039  23.1138  23.0742  23  22.9551  22.9225  0 23.4901  23.0987  23.0897  22.9756  22.9777  22.948  0.0729487  0.0168735  0.0129387  0.0209983  0.0361952  0.107435  
60  23.4138  23.1138  23.0742  23  22.9551  22.9225  23.5128  23.1138  23.0742  23  22.9551  22.9225  0 23.3269  23.133  23.0796  23.0115  22.929  22.9397  0.0676431  0.0168735  0.0129387  0.0209983  0.0361949  0.107436  
61  23.4138  23.1138  23.0742  23  22.9551  22.9225  23.5579  23.1138  23.0742  23  22.9551  22.9225  0 23.5338  23.0887  23.0661  23.0319  22.9239  22.87  0.0702148  0.0168735  0.0129386  0.0209983  0.0361954  0.107436  
62  23.4138  23.1138  23.0742  23  22.9551  22.9225  23.5024  23.1138  23.0742  23  22.9551  22.9225  0 23.5117  23.1118  23.0903  22.9921  22.8855  23.0702  0.0670639  0.0168735  0.0129386  0.0209983  0.0361955  0.107436  
63  23.4138  23.1138  23.0742  23  22.9551  22.9225  23.5138  23.1138  23.0742  23  22.9551  22.9225  0 23.4358  23.0835  23.0665  22.985  22.9177  22.8207  0.0676979  0.0168735  0.0129386  0.0209983  0.0361949  0.107436  
64  23.4138  23.1138  23.0742  23  22.9551  22.9225  23.5011  23.1138  23.0742  23  22.9551  22.9225  0 23.5616  23.1095  23.0932  23.0155  23.0543  22.9002  0.0669928  0.0168735  0.0129387  0.0209983  0.0361948  0.107436  
65  23.4138  23.1138  23.0742  23  22.9551  22.9225  23.5973  23.1138  23.0742  23  22.9551  22.9225  0 23.6389  23.1259  23.0768  22.9878  22.9304  22.9058  0.0725452  0.0168735  0.0129387  0.0209983  0.0361952  0.107435  
66  23.4138  23.1138  23.0742  23  22.9551  22.9225  23.4826  23.1138  23.0742  23  22.9551  22.9225  0 23.4812  23.1444  23.0862  23.0354  22.951  22.8225  0.0659823  0.0168736  0.0129386  0.0209983  0.036195  0.107436  
67  23.4138  23.1138  23.0742  23  22.9551  22.9225  23.469  23.1138  23.0742  23  22.9551  22.9225  0 23.4612  23.1035  23.0624  23.0401  22.9735  22.9831  0.0652447  0.0168735  0.0129387  0.0209983  0.0361948  0.107436  
68  23.4138  23.1138  23.0742  23  22.9551  22.9225  23.6648  23.1138  23.0742  23  22.9551  22.9225  0 23.7291  23.0989  23.0757  23.0029  22.9805  22.945  0.0767461  0.0168735  0.0129387  0.0209983  0.0361958  0.107435  
69  23.4138  23.1138  23.0742  23  22.9551  22.9225  23.5345  23.1138  23.0742  23  22.9551  22.9225  0 23.6704  23.1143  23.0764  23.0185  22.9772  22.888  0.0688683  0.0168735  0.0129387  0.0209983  0.0361952  0.107436  
70  23.4138  23.1138  23.0742  23  22.9551  22.9225  23.5855  23.1138  23.0742  23  22.9551  22.9225  0 23.5503  23.1478  23.0491  23.0114  22.9084  23.0999  0.0718375  0.0168735  0.0129386  0.0209983  0.0361958  0.107435  
71  23.4138  23.1138  23.0742  23  22.9551  22.9225  23.4502  23.1138  23.0742  23  22.9551  22.9225  0 23.3959  23.1041  23.0615  23.0206  22.9082  22.959  0.0642456  0.0168736  0.0129386  0.0209983  0.0361948  0.107436  
72  23.4138  23.1138  23.0742  23  22.9551  22.9225  23.5151  23.1138  23.0742  23  22.9551  22.9225  0 23.5844  23.116  23.0729  22.9797  22.9951  23.1025  0.0677737  0.0168735  0.0129387  0.0209983  0.0361952  0.107436  
73  23.4138  23.1138  23.0742  23  22.9551  22.9225  23.5181  23.1138  23.0742  23  22.9551  22.9225  0 23.5033  23.1073  23.055  23.0085  22.9456  22.9953  0.0679375  0.0168735  0.0129387  0.0209983  0.0361958  0.107436  
74  23.4138  23.1138  23.0742  23  22.9551  22.9225  23.5181  23.1138  23.0742  23  22.9551  22.9225  0 23.4725  23.0706  23.0691  23.0229  22.9232  22.9017  0.0679385  0.0168735  0.0129387  0.0209983  0.036195  0.107436  
75  23.4138  23.1138  23.0742  23  22.9551  22.9225  23.4696  23.1138  23.0742  23  22.9551  22.9225  0 23.425  23.0945  23.0961  22.9977  22.9706  23.0086  0.0652792  0.0168736  0.0129386  0.0209983  0.0361949  0.107436  
76  23.4138  23.1138  23.0742  23  22.9551  22.9225  23.4595  23.1138  23.0742  23  22.9551  22.9225  0 23.4708  23.0798  23.0885  23.0016  22.9967  22.8147  0.0647391  0.0168736  0.0129386  0.0209983  0.0361955  0.107436  
77  23.4138  23.1138  23.0742  23  22.9551  22.9225  23.5083  23.1138  23.0742  23  22.9551  22.9225  0 23.5432  23.123  23.0762  22.9899  22.9467  22.8188  0.067392  0.0168735  0.0129387  0.0209983  0.0361951  0.107436  
78  23.4138  23.1138  23.0742  23  22.9551  22.9225  23.4913  23.1138  23.0742  23  22.9551  22.9225  0 23.5088  23.1036  23.0559  23.0017  22.9613  22.7794  0.0664553  0.0168735  0.0129386  0.0209983  0.0361952  0.107436  
79  23.4138  23.1138  23.0742  23  22.9551  22.9225  23.5279  23.1138  23.0742  23  22.9551  22.9225  0 23.5106  23.0924  23.0655  22.9688  23.001  22.7717  0.0684918  0.0168735  0.0129386  0.0209983  0.0361949  0.107436  
80  23.4138  23.1138  23.0742  23  22.9551  22.9225  23.508  23.1138  23.0742  23  22.9551  22.9225  0 23.5207  23.1041  23.0539  23.0022  22.9265  22.8549  0.0673752  0.0168735  0.0129386  0.0209983  0.0361953  0.107436  
81  23.4138  23.1138  23.0742  23  22.9551  22.9225  23.5109  23.1138  23.0742  23  22.9551  22.9225  0 23.5901  23.1151  23.0688  22.9788  22.964  22.9248  0.0675366  0.0168735  0.0129387  0.0209983  0.0361955  0.107436  
82  23.4138  23.1138  23.0742  23  22.9551  22.9225  23.5373  23.1138  23.0742  23  22.9551  22.9225  0 23.4831  23.106  23.0618  22.9574  22.9546  23.0694  0.0690259  0.0168735  0.0129387  0.0209983  0.0361948  0.107436  
83  23.4138  23.1138  23.0742  23  22.9551  22.9225  23.5038  23.1138  23.0742  23  22.9551  22.9225  0 23.5843  23.1222  23.0648  22.9962  22.9979  22.84  0.0671413  0.0168735  0.0129386  0.0209983  0.0361951  0.107436  
84  23.4138  23.1138  23.0742  23  22.9551  22.9225  23.4801  23.1138  23.0742  23  22.9551  22.9225  0 23.478  23.1414  23.0809  22.9716  22.9269  22.9341  0.0658457  0.0168735  0.0129386  0.0209983  0.0361948  0.107436  
85  23.4138  23.1138  23.0742  23  22.9551  22.9225  23.5075  23.1138  23.0742  23  22.9551  22.9225  0 23.4031  23.1264  23.0665  22.9921  22.9262  22.9749  0.0673496  0.0168735  0.0129386  0.0209983  0.0361949  0.107436  
86  23.4138  23.1138  23.0742  23  22.9551  22.9225  23.5178  23.1138  23.0742  23  22.9551  22.9225  0 23.5031  23.1209  23.0801  23.0092  23.0067  22.9686  0.0679258  0.0168735  0.0129386  0.0209983  0.0361956  0.107436  
87  23.4138  23.1138  23.0742  23  22.9551  22.9225  23.4839  23.1138  23.0742  23  22.9551  22.9225  0 23.4277  23.13  23.0808  22.9793  22.898  23.053  0.0660501  0.0168735  0.0129387  0.0209983  0.0361949  0.107436  
88  23.4138  23.1138  23.0742  23  22.9551  22.9225  23.4996  23.1138  23.0742  23  22.9551  22.9225  0 23.5653  23.0921  23.0563  23.0247  23.0045  23.0165  0.0669137  0.0168735  0.0129386  0.0209983  0.0361955  0.107436  
89  23.4138  23.1138  23.0742  23  22.9551  22.9225  23.495  23.1138  23.0742  23  22.9551  22.9225  0 23.5622  23.1244  23.0522  23.0449  22.9696  22.8281  0.0666555  0.0168735  0.0129386  0.0209983  0.0361952  0.107436  
90  23.4138  23.1138  23.0742  23  22.9551  22.9225  23.5627  23.1138  23.0742  23  22.9551  22.9225  0 23.5362  23.1371  23.0961  23.0243  22.9421  22.8735  0.0704926  0.0168735  0.0129386  0.0209983  0.0361956  0.107436  
91  23.4138  23.1138  23.0742  23  22.9551  22.9225  23.5127  23.1138  23.0742  23  22.9551  22.9225  0 23.5467  23.1363  23.0877  23.0048  22.9794  22.8928  0.067637  0.0168735  0.0129386  0.0209983  0.0361948  0.107436  
92  23.4138  23.1138  23.0742  23  22.9551  22.9225  23.4589  23.1138  23.0742  23  22.9551  22.9225  0 23.3615  23.0861  23.0803  23.0305  22.9548  22.9188  0.0647093  0.0168735  0.0129386  0.0209983  0.0361948  0.107436  
93  23.4138  23.1138  23.0742  23  22.9551  22.9225  23.4448  23.1138  23.0742  23  22.9551  22.9225  0 23.4922  23.0983  23.082  22.9616  22.9439  22.8292  0.0639629  0.0168736  0.0129386  0.0209983  0.0361948  0.107436  
94  23.4138  23.1138  23.0742  23  22.9551  22.9225  23.5223  23.1138  23.0742  23  22.9551  22.9225  0 23.4655  23.1396  23.0708  22.943  22.9543  22.7881  0.0681735  0.0168735  0.0129386  0.0209983  0.0361953  0.107436  
95  23.4138  23.1138  23.0742  23  22.9551  22.9225  23.5509  23.1138  23.0742  23  22.9551  22.9225  0 23.5811  23.1122  23.0945  22.9988  23.0349  22.7607  0.0698068  0.0168735  0.0129386  0.0209983  0.0361953  0.107436  
96  23.4138  23.1138  23.0742  23  22.9551  22.9225  23.5278  23.1138  23.0742  23  22.9551  22.9225  0 23.4722  23.1416  23.0555  23.0296  22.9471  22.8617  0.0684865  0.0168735  0.0129386  0.0209983  0.0361948  0.107436  
97  23.4138  23.1138  23.0742  23  22.9551  22.9225  23.4826  23.1138  23.0742  23  22.9551  22.9225  0 23.4003  23.0871  23.0762  22.9773  22.9946  22.9747  0.0659789  0.0168735  0.0129387  0.0209983  0.0361948  0.107436  
98  23.4138  23.1138  23.0742  23  22.9551  22.9225  23.5466  23.1138  23.0742  23  22.9551  22.9225  0 23.5447  23.1031  23.0537  22.9791  22.9596  22.855  0.0695593  0.0168735  0.0129386  0.0209983  0.0361955  0.107436  
99  23.4138  23.1138  23.0742  23  22.9551  22.9225  23.6161  23.1138  23.0742  23  22.9551  22.9225  0 23.6508  23.1188  23.0594  22.9924  22.9324  23.0137  0.0736896  0.0168735  0.0129387  0.0209983  0.0361948  0.107435  
100  23.4138  23.1138  23.0742  23  22.9551  22.9225  23.4877  23.1138  23.0742  23  22.9551  22.9225  0 23.4097  23.1218  23.0723  22.9799  22.936  23.0898  0.0662567  0.0168735  0.0129386  0.0209983  0.0361952  0.107436  
101  23.4138  23.1138  23.0742  23  22.9551  22.9225  23.5113  23.1138  23.0742  23  22.9551  22.9225  0 23.5959  23.1362  23.0725  23.0086  22.9931  22.9762  0.0675587  0.0168735  0.0129387  0.0209983  0.0361949  0.107436  
102  23.4138  23.1138  23.0742  23  22.9551  22.9225  23.5702  23.1138  23.0742  23  22.9551  22.9225  0 23.5593  23.118  23.0542  23.005  22.9472  22.9788  0.0709307  0.0168735  0.0129386  0.0209983  0.0361951  0.107436  
103  23.4138  23.1138  23.0742  23  22.9551  22.9225  23.4894  23.1138  23.0742  23  22.9551  22.9225  0 23.4924  23.1003  23.1039  22.9926  22.9689  22.9495  0.0663501  0.0168735  0.0129387  0.0209983  0.0361948  0.107436  
104  23.4138  23.1138  23.0742  23  22.9551  22.9225  23.4698  23.1138  23.0742  23  22.9551  22.9225  0 23.4384  23.1059  23.0594  23.0191  22.9996  23.1644  0.0652912  0.0168735  0.0129386  0.0209983  0.0361949  0.107436  
105  23.4138  23.1138  23.0742  23  22.9551  22.9225  23.4811  23.1138  23.0742  23  22.9551  22.9225  0 23.439  23.0888  23.0652  22.9613  22.9778  22.9059  0.0658989  0.0168735  0.0129386  0.0209983  0.0361949  0.107436  
106  23.4138  23.1138  23.0742  23  22.9551  22.9225  23.511  23.1138  23.0742  23  22.9551  22.9225  0 23.4089  23.1307  23.0845  23.0245  22.9908  22.822  0.0675427  0.0168735  0.0129386  0.0209983  0.0361951  0.107436  
107  23.4138  23.1138  23.0742  23  22.9551  22.9225  23.4842  23.1138  23.0742  23  22.9551  22.9225  0 23.3679  23.1172  23.0882  23.0137  22.9157  22.7644  0.0660701  0.0168735  0.0129386  0.0209983  0.0361948  0.107436  
108  23.4138  23.1138  23.0742  23  22.9551  22.9225  23.5838  23.1138  23.0742  23  22.9551  22.9225  0 23.6405  23.0897  23.0414  23.0225  22.9753  22.8834  0.0717379  0.0168735  0.0129386  0.0209983  0.036195  0.107436  
109  23.4138  23.1138  23.0742  23  22.9551  22.9225  23.5378  23.1138  23.0742  23  22.9551  22.9225  0 23.501  23.1  23.0793  23.0258  22.8868  22.8171  0.069057  0.0168735  0.0129387  0.0209983  0.0361948  0.107436  
110  23.4138  23.1138  23.0742  23  22.9551  22.9225  23.5006  23.1138  23.0742  23  22.9551  22.9225  0 23.4186  23.1219  23.0899  23.0187  23.0522  23.0483  0.0669641  0.0168735  0.0129386  0.0209983  0.0361952  0.107436  
111  23.4138  23.1138  23.0742  23  22.9551  22.9225  23.5496  23.1138  23.0742  23  22.9551  22.9225  0 23.6181  23.0886  23.0551  22.9689  22.9852  22.9606  0.0697339  0.0168735  0.0129386  0.0209983  0.0361952  0.107435  
112  23.4138  23.1138  23.0742  23  22.9551  22.9225  23.4832  23.1138  23.0742  23  22.9551  22.9225  0 23.4664  23.0962  23.0628  23.0223  23.0092  23.0845  0.0660109  0.0168735  0.0129386  0.0209983  0.036195  0.107436  
113  23.4138  23.1138  23.0742  23  22.9551  22.9225  23.4953  23.1138  23.0742  23  22.9551  22.9225  0 23.3901  23.1075  23.0692  23.0066  22.9139  23.265  0.0666749  0.0168735  0.0129386  0.0209983  0.036195  0.107436  
114  23.4138  23.1138  23.0742  23  22.9551  22.9225  23.4957  23.1138  23.0742  23  22.9551  22.9225  0 23.5925  23.1255  23.0685  22.9976  22.9323  23.0834  0.0666959  0.0168735  0.0129387  0.0209983  0.0361948  0.107436  
115  23.4138  23.1138  23.0742  23  22.9551  22.9225  23.5069  23.1138  23.0742  23  22.9551  22.9225  0 23.5842  23.1283  23.0526  23.0103  22.9618  23.1564  0.0673132  0.0168735  0.0129386  0.0209983  0.0361954  0.107436  
116  23.4138  23.1138  23.0742  23  22.9551  22.9225  23.5644  23.1138  23.0742  23  22.9551  22.9225  0 23.7063  23.1427  23.07  23.0198  22.9959  22.9954  0.0705931  0.0168735  0.0129387  0.0209983  0.0361956  0.107436  
117  23.4138  23.1138  23.0742  23  22.9551  22.9225  23.5201  23.1138  23.0742  23  22.9551  22.9225  0 23.4688  23.1411  23.0732  23.0196  22.9382  22.9637  0.0680497  0.0168735  0.0129387  0.0209983  0.0361951  0.107436  
118  23.4138  23.1138  23.0742  23  22.9551  22.9225  23.541  23.1138  23.0742  23  22.9551  22.9225  0 23.5204  23.0963  23.0674  23.0036  22.9683  22.8982  0.0692363  0.0168735  0.0129387  0.0209983  0.0361949  0.107436  
119  23.4138  23.1138  23.0742  23  22.9551  22.9225  23.548  23.1138  23.0742  23  22.9551  22.9225  0 23.5696  23.1032  23.0933  22.9451  22.9768  22.8273  0.0696426  0.0168735  0.0129386  0.0209983  0.0361956  0.107436  
120  23.4138  23.1138  23.0742  23  22.9551  22.9225  23.4639  23.1138  23.0742  23  22.9551  22.9225  0 23.4609  23.105  23.0788  22.9934  23.0099  22.7768  0.064972  0.0168735  0.0129386  0.0209983  0.0361948  0.107436  
121  23.4138  23.1138  23.0742  23  22.9551  22.9225  23.5045  23.1138  23.0742  23  22.9551  22.9225  0 23.4469  23.127  23.0992  23.0198  22.9361  22.9776  0.0671821  0.0168735  0.0129386  0.0209983  0.036195  0.107436  
122  23.4138  23.1138  23.0742  23  22.9551  22.9225  23.5077  23.1138  23.0742  23  22.9551  22.9225  0 23.5373  23.0774  23.0494  23.0306  22.9247  23.0303  0.0673607  0.0168735  0.0129386  0.0209983  0.036195  0.107436  
123  23.4138  23.1138  23.0742  23  22.9551  22.9225  23.5587  23.1138  23.0742  23  22.9551  22.9225  0 23.5747  23.1431  23.0852  23.0071  22.9728  22.9995  0.0702575  0.0168735  0.0129386  0.0209983  0.0361959  0.107436  
124  23.4138  23.1138  23.0742  23  22.9551  22.9225  23.5052  23.1138  23.0742  23  22.9551  22.9225  0 23.5156  23.0974  23.0926  23.0176  22.9888  23.004  0.0672218  0.0168735  0.0129386  0.0209983  0.036195  0.107436  
125  23.4138  23.1138  23.0742  23  22.9551  22.9225  23.5038  23.1138  23.0742  23  22.9551  22.9225  0 23.4532  23.1197  23.0918  23.0227  22.9911  22.7596  0.0671436  0.0168736  0.0129386  0.0209983  0.0361957  0.107436  
126  23.4138  23.1138  23.0742  23  22.9551  22.9225  23.5231  23.1138  23.0742  23  22.9551  22.9225  0 23.5018  23.1185  23.0546  23.019  22.9985  22.8843  0.0682226  0.0168735  0.0129386  0.0209983  0.0361955  0.107436  
127  23.4138  23.1138  23.0742  23  22.9551  22.9225  23.5521  23.1138  23.0742  23  22.9551  22.9225  0 23.6374  23.1129  23.0785  23.0088  22.95  22.9252  0.0698784  0.0168735  0.0129386  0.0209983  0.0361953  0.107436  
128  23.4138  23.1138  23.0742  23  22.9551  22.9225  23.5761  23.1138  23.0742  23  22.9551  22.9225  0 23.4691  23.1227  23.0815  23.0004  22.9531  23.2879  0.0712785  0.0168735  0.0129386  0.0209983  0.0361956  0.107435  
129  23.4138  23.1138  23.0742  23  22.9551  22.9225  23.479  23.1138  23.0742  23  22.9551  22.9225  0 23.4595  23.1058  23.0671  23.0023  23.0353  22.9015  0.0657869  0.0168735  0.0129386  0.0209983  0.0361948  0.107436  
130  23.4138  23.1138  23.0742  23  22.9551  22.9225  23.4714  23.1138  23.0742  23  22.9551  22.9225  0 23.4986  23.1234  23.0471  22.9876  22.952  22.9161  0.0653771  0.0168735  0.0129386  0.0209983  0.0361948  0.107436  
131  23.4138  23.1138  23.0742  23  22.9551  22.9225  23.5089  23.1138  23.0742  23  22.9551  22.9225  0 23.4755  23.1122  23.0633  22.9985  22.9221  23.0036  0.067426  0.0168735  0.0129386  0.0209983  0.0361953  0.107436  
132  23.4138  23.1138  23.0742  23  22.9551  22.9225  23.5373  23.1138  23.0742  23  22.9551  22.9225  0 23.5948  23.1219  23.0567  22.995  22.9384  23.1184  0.0690281  0.0168735  0.0129387  0.0209983  0.0361948  0.107436  
133  23.4138  23.1138  23.0742  23  22.9551  22.9225  23.4986  23.1138  23.0742  23  22.9551  22.9225  0 23.5108  23.1284  23.0579  23.0404  22.9384  22.9858  0.0668569  0.0168735  0.0129387  0.0209983  0.0361949  0.107436  
134  23.4138  23.1138  23.0742  23  22.9551  22.9225  23.4921  23.1138  23.0742  23  22.9551  22.9225  0 23.5207  23.0804  23.094  23.0286  22.9613  22.9425  0.0664989  0.0168735  0.0129386  0.0209983  0.0361949  0.107436  
135  23.4138  23.1138  23.0742  23  22.9551  22.9225  23.55  23.1138  23.0742  23  22.9551  22.9225  0 23.5996  23.1467  23.0927  23.0148  22.988  23.1533  0.0697567  0.0168735  0.0129387  0.0209983  0.0361949  0.107435  
136  23.4138  23.1138  23.0742  23  22.9551  22.9225  23.5364  23.1138  23.0742  23  22.9551  22.9225  0 23.5893  23.1398  23.0799  23.0024  22.9494  22.7486  0.0689752  0.0168735  0.0129386  0.0209983  0.036195  0.107436  
137  23.4138  23.1138  23.0742  23  22.9551  22.9225  23.4796  23.1138  23.0742  23  22.9551  22.9225  0 23.5095  23.142  23.0569  22.9961  22.9941  22.9892  0.0658166  0.0168735  0.0129386  0.0209983  0.036195  0.107436  
138  23.4138  23.1138  23.0742  23  22.9551  22.9225  23.4934  23.1138  23.0742  23  22.9551  22.9225  0 23.5331  23.1104  23.0772  23.0124  22.9627  22.903  0.0665684  0.0168735  0.0129386  0.0209983  0.0361948  0.107436  
139  23.4138  23.1138  23.0742  23  22.9551  22.9225  23.4983  23.1138  23.0742  23  22.9551  22.9225  0 23.5925  23.1023  23.0835  23.0259  23.0068  22.9029  0.066842  0.0168735  0.0129386  0.0209983  0.0361951  0.107436  
140  23.4138  23.1138  23.0742  23  22.9551  22.9225  23.5289  23.1138  23.0742  23  22.9551  22.9225  0 23.5332  23.0957  23.0644  22.9584  22.9219  22.8305  0.0685479  0.0168735  0.0129387  0.0209983  0.0361948  0.107436  
141  23.4138  23.1138  23.0742  23  22.9551  22.9225  23.4725  23.1138  23.0742  23  22.9551  22.9225  0 23.4729  23.1255  23.061  23.0355  22.9856  22.7995  0.0654373  0.0168736  0.0129386  0.0209983  0.0361953  0.107436  
142  23.4138  23.1138  23.0742  23  22.9551  22.9225  23.5875  23.1138  23.0742  23  22.9551  22.9225  0 23.4807  23.1268  23.0755  23.0216  22.9484  22.6885  0.0719612  0.0168735  0.0129386  0.0209983  0.0361953  0.107435  
143  23.4138  23.1138  23.0742  23  22.9551  22.9225  23.4804  23.1138  23.0742  23  22.9551  22.9225  0 23.4163  23.0873  23.0688  22.9979  22.9341  23.0466  0.0658613  0.0168736  0.0129386  0.0209983  0.0361948  0.107436  
144  23.4138  23.1138  23.0742  23  22.9551  22.9225  23.4875  23.1138  23.0742  23  22.9551  22.9225  0 23.4877  23.1059  23.0802  22.9888  22.9662  22.8916  0.0662478  0.0168735  0.0129386  0.0209983  0.0361953  0.107436  
145  23.4138  23.1138  23.0742  23  22.9551  22.9225  23.5462  23.1138  23.0742  23  22.9551  22.9225  0 23.5907  23.1375  23.0646  22.9996  23.0022  22.8884  0.0695341  0.0168735  0.0129386  0.0209983  0.0361949  0.107436  
146  23.4138  23.1138  23.0742  23  22.9551  22.9225  23.5186  23.1138  23.0742  23  22.9551  22.9225  0 23.4952  23.1049  23.0816  23.035  22.9899  22.9782  0.0679653  0.0168735  0.0129386  0.0209983  0.0361955  0.107436  
147  23.4138  23.1138  23.0742  23  22.9551  22.9225  23.4945  23.1138  23.0742  23  22.9551  22.9225  0 23.438  23.1087  23.0797  22.9968  22.9352  23.0177  0.0666307  0.0168735  0.0129386  0.0209983  0.0361951  0.107436  
148  23.4138  23.1138  23.0742  23  22.9551  22.9225  23.5731  23.1138  23.0742  23  22.9551  22.9225  0 23.541  23.1219  23.0662  23.0057  22.9279  22.8268  0.0711048  0.0168735  0.0129387  0.0209983  0.0361949  0.107435  
149  23.4138  23.1138  23.0742  23  22.9551  22.9225  23.4541  23.1138  23.0742  23  22.9551  22.9225  0 23.4753  23.13  23.0811  23.009  22.9799  22.7747  0.0644504  0.0168736  0.0129386  0.0209983  0.0361949  0.107436  
150  23.4138  23.1138  23.0742  23  22.9551  22.9225  23.5358  23.1138  23.0742  23  22.9551  22.9225  0 23.6821  23.133  23.0846  22.9748  23.012  22.9383  0.0689393  0.0168735  0.0129387  0.0209983  0.0361953  0.107436  
151  23.4138  23.1138  23.0742  23  22.9551  22.9225  23.4404  23.1138  23.0742  23  22.9551  22.9225  0 23.3563  23.1083  23.0626  22.9969  22.9201  22.9985  0.0637344  0.0168736  0.0129386  0.0209983  0.0361948  0.107436  
152  23.4138  23.1138  23.0742  23  22.9551  22.9225  23.5094  23.1138  23.0742  23  22.9551  22.9225  0 23.5237  23.1116  23.0875  23.0139  22.9701  23.0395  0.0674511  0.0168735  0.0129386  0.0209983  0.0361953  0.107436  
153  23.4138  23.1138  23.0742  23  22.9551  22.9225  23.4764  23.1138  23.0742  23  22.9551  22.9225  0 23.3632  23.097  23.0736  22.984  22.9837  23.0576  0.0656451  0.0168735  0.0129386  0.0209983  0.0361949  0.107436  
154  23.4138  23.1138  23.0742  23  22.9551  22.9225  23.4385  23.1138  23.0742  23  22.9551  22.9225  0 23.4361  23.0921  23.0653  23.0155  23.0031  23.0648  0.0636345  0.0168736  0.0129386  0.0209983  0.0361948  0.107436  
155  23.4138  23.1138  23.0742  23  22.9551  22.9225  23.4755  23.1138  23.0742  23  22.9551  22.9225  0 23.4487  23.1116  23.0627  23.0159  23.0239  23.0903  0.0655976  0.0168735  0.0129386  0.0209983  0.0361949  0.107436  
156  23.4138  23.1138  23.0742  23  22.9551  22.9225  23.5184  23.1138  23.0742  23  22.9551  22.9225  0 23.5232  23.1128  23.0677  23.0035  22.9489  22.8896  0.0679568  0.0168735  0.0129386  0.0209983  0.0361957  0.107436  
157  23.4138  23.1138  23.0742  23  22.9551  22.9225  23.5117  23.1138  23.0742  23  22.9551  22.9225  0 23.4036  23.1126  23.0594  23.0495  22.951  22.9118  0.0675832  0.0168735  0.0129387  0.0209983  0.0361949  0.107436  
158  23.4138  23.1138  23.0742  23  22.9551  22.9225  23.5399  23.1138  23.0742  23  22.9551  22.9225  0 23.5718  23.1012  23.0698  22.9601  22.9599  23.0388  0.0691764  0.0168735  0.0129387  0.0209983  0.0361951  0.107436  
159  23.4138  23.1138  23.0742  23  22.9551  22.9225  23.4583  23.1138  23.0742  23  22.9551  22.9225  0 23.6152  23.1179  23.069  23.0002  23.0037  22.9495  0.0646778  0.0168735  0.0129386  0.0209983  0.0361949  0.107436  
160  23.4138  23.1138  23.0742  23  22.9551  22.9225  23.5216  23.1138  23.0742  23  22.9551  22.9225  0 23.3493  23.1342  23.0757  23.0021  22.9472  22.9892  0.068138  0.0168735  0.0129387  0.0209983  0.0361954  0.107436  
161  23.4138  23.1138  23.0742  23  22.9551  22.9225  23.5356  23.1138  23.0742  23  22.9551  22.9225  0 23.6349  23.1126  23.0891  23.0379  22.9221  22.7646  0.0689281  0.0168735  0.0129386  0.0209983  0.0361955  0.107436  
162  23.4138  23.1138  23.0742  23  22.9551  22.9225  23.4926  23.1138  23.0742  23  22.9551  22.9225  0 23.5455  23.0835  23.0742  22.9832  22.9832  22.9433  0.066524  0.0168735  0.0129387  0.0209983  0.0361948  0.107436  
163  23.4138  23.1138  23.0742  23  22.9551  22.9225  23.4903  23.1138  23.0742  23  22.9551  22.9225  0 23.4559  23.0989  23.0821  23.022  22.9397  22.9179  0.0664019  0.0168735  0.0129386  0.0209983  0.036195  0.107436  
164  23.4138  23.1138  23.0742  23  22.9551  22.9225  23.5167  23.1138  23.0742  23  22.9551  22.9225  0 23.5382  23.086  23.08  22.9793  22.9821  22.8951  0.0678619  0.0168735  0.0129387  0.0209983  0.036195  0.107436  
165  23.4138  23.1138  23.0742  23  22.9551  22.9225  23.4992  23.1138  23.0742  23  22.9551  22.9225  0 23.4878  23.0899  23.0924  23.0079  22.9169  22.828  0.0668878  0.0168735  0.0129387  0.0209983  0.0361948  0.107436  
166  23.4138  23.1138  23.0742  23  22.9551  22.9225  23.5581  23.1138  23.0742  23  22.9551  22.9225  0 23.636  23.1271  23.096  22.989  22.9761  22.8484  0.0702273  0.0168735  0.0129386  0.0209983  0.0361954  0.107436  
167  23.4138  23.1138  23.0742  23  22.9551  22.9225  23.517  23.1138  23.0742  23  22.9551  22.9225  0 23.5137  23.1198  23.0839  22.988  22.9497  23.1493  0.0678802  0.0168735  0.0129386  0.0209983  0.0361951  0.107436  
168  23.4138  23.1138  23.0742  23  22.9551  22.9225  23.489  23.1138  23.0742  23  22.9551  22.9225  0 23.5059  23.1314  23.0717  23.0168  22.9846  23.1463  0.0663291  0.0168735  0.0129386  0.0209983  0.036195  0.107436  
169  23.4138  23.1138  23.0742  23  22.9551  22.9225  23.5221  23.1138  23.0742  23  22.9551  22.9225  0 23.5913  23.1426  23.0798  23.0057  22.9837  22.8953  0.068162  0.0168735  0.0129387  0.0209983  0.0361948  0.107436  
170  23.4138  23.1138  23.0742  23  22.9551  22.9225  23.5195  23.1138  23.0742  23  22.9551  22.9225  0 23.4421  23.1301  23.0509  22.965  22.9879  22.9293  0.0680191  0.0168735  0.0129386  0.0209983  0.0361954  0.107436  
171  23.4138  23.1138  23.0742  23  22.9551  22.9225  23.4793  23.1138  23.0742  23  22.9551  22.9225  0 23.4576  23.0922  23.0809  23.0158  23.0416  23.0545  0.0658031  0.0168735  0.0129386  0.0209983  0.0361953  0.107436  
172  23.4138  23.1138  23.0742  23  22.9551  22.9225  23.5103  23.1138  23.0742  23  22.9551  22.9225  0 23.5106  23.111  23.0622  23.0229  22.9637  22.8993  0.0675043  0.0168735  0.0129387  0.0209983  0.0361949  0.107436  
173  23.4138  23.1138  23.0742  23  22.9551  22.9225  23.4528  23.1138  23.0742  23  22.9551  22.9225  0 23.42  23.1124  23.0589  22.9981  22.9585  23.0024  0.0643821  0.0168736  0.0129386  0.0209983  0.0361948  0.107436  
174  23.4138  23.1138  23.0742  23  22.9551  22.9225  23.5275  23.1138  23.0742  23  22.9551  22.9225  0 23.4865  23.0968  23.0903  23.0077  22.9242  23.0529  0.0684709  0.0168735  0.0129386  0.0209983  0.0361954  0.107436  
175  23.4138  23.1138  23.0742  23  22.9551  22.9225  23.4513  23.1138  23.0742  23  22.9551  22.9225  0 23.2862  23.1344  23.0806  22.9783  22.9602  22.9018  0.0643066  0.0168736  0.0129386  0.0209983  0.0361949  0.107436  
176  23.4138  23.1138  23.0742  23  22.9551  22.9225  23.472  23.1138  23.0742  23  22.9551  22.9225  0 23.463  23.1393  23.0488  22.9726  22.9056  22.9864  0.0654074  0.0168735  0.0129386  0.0209983  0.0361951  0.107436  
177  23.4138  23.1138  23.0742  23  22.9551  22.9225  23.5308  23.1138  23.0742  23  22.9551  22.9225  0 23.6388  23.1015  23.1029  22.9753  22.8933  22.9004  0.0686542  0.0168735  0.0129387  0.0209983  0.0361958  0.107436  
178  23.4138  23.1138  23.0742  23  22.9551  22.9225  23.4812  23.1138  23.0742  23  22.9551  22.9225  0 23.4039  23.1084  23.07  23.0104  22.9823  22.9862  0.0659031  0.0168735  0.0129387  0.0209983  0.0361948  0.107436  
179  23.4138  23.1138  23.0742  23  22.9551  22.9225  23.538  23.1138  23.0742  23  22.9551  22.9225  0 23.5818  23.1073  23.0929  23.0422  22.9219  22.9676  0.0690665  0.0168735  0.0129387  0.0209983  0.0361949  0.107436  
180  23.4138  23.1138  23.0742  23  22.9551  22.9225  23.4657  23.1138  23.0742  23  22.9551  22.9225  0 23.3778  23.133  23.0616  22.9852  22.9212  23.134  0.0650713  0.0168736  0.0129386  0.0209983  0.0361952  0.107436  
181  23.4138  23.1138  23.0742  23  22.9551  22.9225  23.5341  23.1138  23.0742  23  22.9551  22.9225  0 23.5594  23.1137  23.0854  22.9953  22.9144  22.7921  0.0688447  0.0168735  0.0129387  0.0209983  0.0361949  0.107436  
182  23.4138  23.1138  23.0742  23  22.9551  22.9225  23.528  23.1138  23.0742  23  22.9551  22.9225  0 23.4182  23.0904  23.0816  22.9734  22.9936  22.9662  0.0684999  0.0168735  0.0129387  0.0209983  0.0361948  0.107436  
183  23.4138  23.1138  23.0742  23  22.9551  22.9225  23.5331  23.1138  23.0742  23  22.9551  22.9225  0 23.5517  23.118  23.0591  23.0098  22.9556  22.874  0.0687851  0.0168735  0.0129387  0.0209983  0.0361948  0.107436  
184  23.4138  23.1138  23.0742  23  22.9551  22.9225  23.4987  23.1138  23.0742  23  22.9551  22.9225  0 23.5309  23.145  23.0957  22.9963  22.9969  22.8308  0.0668636  0.0168735  0.0129386  0.0209983  0.0361951  0.107436  
185  23.4138  23.1138  23.0742  23  22.9551  22.9225  23.5132  23.1138  23.0742  23  22.9551  22.9225  0 23.6736  23.1429  23.0844  23.0023  23.0108  22.9454  0.0676658  0.0168735  0.0129386  0.0209983  0.0361953  0.107436  
186  23.4138  23.1138  23.0742  23  22.9551  22.9225  23.499  23.1138  23.0742  23  22.9551  22.9225  0 23.5339  23.1554  23.0678  23.006  22.9935  22.9037  0.0668787  0.0168735  0.0129387  0.0209983  0.0361949  0.107436  
187  23.4138  23.1138  23.0742  23  22.9551  22.9225  23.5361  23.1138  23.0742  23  22.9551  22.9225  0 23.4689  23.138  23.0813  23.0421  22.9417  22.8439  0.0689556  0.0168735  0.0129386  0.0209983  0.0361952  0.107436  
188  23.4138  23.1138  23.0742  23  22.9551  22.9225  23.5113  23.1138  23.0742  23  22.9551  22.9225  0 23.5326  23.1135  23.0856  22.9857  22.9119  22.8808  0.0675617  0.0168735  0.0129386  0.0209983  0.0361955  0.107436  
189  23.4138  23.1138  23.0742  23  22.9551  22.9225  23.4784  23.1138  23.0742  23  22.9551  22.9225  0 23.4147  23.116  23.0735  23.0393  22.9349  22.9064  0.0657535  0.0168735  0.0129387  0.0209983  0.036195  0.107436  
190  23.4138  23.1138  23.0742  23  22.9551  22.9225  23.4739  23.1138  23.0742  23  22.9551  22.9225  0 23.4151  23.1115  23.0644  22.9749  22.9852  22.9624  0.0655086  0.0168736  0.0129387  0.0209983  0.0361949  0.107436  
191  23.4138  23.1138  23.0742  23  22.9551  22.9225  23.4836  23.1138  23.0742  23  22.9551  22.9225  0 23.5046  23.118  23.0704  23.0238  22.9571  22.915  0.0660328  0.0168735  0.0129387  0.0209983  0.0361948  0.107436  
192  23.4138  23.1138  23.0742  23  22.9551  22.9225  23.4965  23.1138  23.0742  23  22.9551  22.9225  0 23.612  23.1243  23.0695  22.9621  22.9683  23.0706  0.066739  0.0168735  0.0129386  0.0209983  0.0361949  0.107436  
193  23.4138  23.1138  23.0742  23  22.9551  22.9225  23.5241  23.1138  23.0742  23  22.9551  22.9225  0 23.5708  23.1781  23.1102  23.0132  23.0001  22.8899  0.0682801  0.0168735  0.0129387  0.0209983  0.0361949  0.107436  
194  23.4138  23.1138  23.0742  23  22.9551  22.9225  23.4574  23.1138  23.0742  23  22.9551  22.9225  0 23.4668  23.1248  23.0493  22.9723  22.8884  22.8897  0.0646301  0.0168736  0.0129386  0.0209983  0.036195  0.107436  
195  23.4138  23.1138  23.0742  23  22.9551  22.9225  23.5452  23.1138  23.0742  23  22.9551  22.9225  0 23.5474  23.1193  23.0561  22.9856  22.9458  22.9672  0.0694784  0.0168735  0.0129386  0.0209983  0.0361953  0.107436  
196  23.4138  23.1138  23.0742  23  22.9551  22.9225  23.5216  23.1138  23.0742  23  22.9551  22.9225  0 23.509  23.104  23.0802  22.9909  22.9586  22.73  0.0681364  0.0168735  0.0129386  0.0209983  0.036196  0.107436  
197  23.4138  23.1138  23.0742  23  22.9551  22.9225  23.5454  23.1138  23.0742  23  22.9551  22.9225  0 23.4948  23.1052  23.07  22.9887  22.9995  22.9727  0.0694923  0.0168735  0.0129387  0.0209983  0.036195  0.107436  
198  23.4138  23.1138  23.0742  23  22.9551  22.9225  23.6036  23.1138  23.0742  23  22.9551  22.9225  0 23.6599  23.1161  23.1  23.0304  22.9705  22.9937  0.0729289  0.0168735  0.0129386  0.0209983  0.0361953  0.107436  
199  23.4138  23.1138  23.0742  23  22.9551  22.9225  23.4642  23.1138  23.0742  23  22.9551  22.9225  0 23.4878  23.114  23.0542  23.0226  22.888  22.9912  0.0649883  0.0168735  0.0129386  0.0209983  0.0361951  0.107436  
200  23.4138  23.1138  23.0742  23  22.9551  22.9225  23.5228  23.1138  23.0742  23  22.9551  22.9225  0 23.6273  23.1289  23.1085  22.9922  22.8992  22.9316  0.0682026  0.0168735  0.0129387  0.0209983  0.036195  0.107436  
