1  24.3173  23.272  23.0112  23  22.9963  22.9039  24.6772  23.3658  23.0112  23  22.9963  22.904  0 24.4955  23.3483  23.0086  22.9817  23.019  22.9304  0.183728  0.0201876  0.0123512  0.0209983  0.0375904  0.105615  
2  24.3173  23.272  23.0112  23  22.9963  22.9039  24.5878  23.3709  23.0112  23  22.9963  22.904  0 24.6309  23.3675  23.0018  22.9992  22.984  22.8556  0.169793  0.0202628  0.0123512  0.0209983  0.0375909  0.105612  
3  24.3173  23.272  23.0112  23  22.9963  22.9039  24.7806  23.3965  23.0112  23  22.9963  22.904  0 24.6468  23.3676  23.0179  23.0205  22.9914  22.8047  0.201333  0.0206436  0.012351  0.0209983  0.0375898  0.105614  
4  24.3173  23.272  23.0112  23  22.9963  22.9039  24.5088  23.3744  23.0112  23  22.9963  22.9039  0 24.5169  23.3621  23.0124  23.0015  23.0147  22.8686  0.158405  0.0203146  0.0123512  0.0209983  0.0375905  0.105612  
5  24.3173  23.272  23.0112  23  22.9963  22.9039  24.6307  23.3862  23.0112  23  22.9963  22.904  0 24.657  23.3778  23.0191  23.0027  23.0243  22.9928  0.176329  0.0204895  0.0123511  0.0209983  0.0375901  0.105613  
6  24.3173  23.272  23.0112  23  22.9963  22.9039  24.6335  23.3946  23.0112  23  22.9963  22.9039  0 24.6603  23.3925  23.008  23.0223  22.9636  23.0792  0.176779  0.0206157  0.0123512  0.0209983  0.0375904  0.105612  
7  24.3173  23.272  23.0112  23  22.9963  22.9039  24.6758  23.3891  23.0112  23  22.9963  22.904  0 24.3346  23.4191  23.0067  23.0105  23.0196  22.9036  0.18349  0.0205334  0.0123511  0.0209983  0.0375908  0.105613  
8  24.3173  23.272  23.0112  23  22.9963  22.9039  24.501  23.3682  23.0112  23  22.9963  22.904  0 24.8036  23.3695  23.0047  22.9938  23.0428  22.9685  0.157321  0.0202225  0.0123511  0.0209983  0.0375905  0.105613  
9  24.3173  23.272  23.0112  23  22.9963  22.9039  24.5993  23.3755  23.0112  23  22.9963  22.904  0 24.416  23.3911  23.0173  23.0203  22.9691  23.0122  0.171525  0.0203308  0.0123511  0.0209983  0.0375898  0.105614  
10  24.3173  23.272  23.0112  23  22.9963  22.9039  24.7236  23.3579  23.0112  23  22.9963  22.9039  0 24.573  23.3647  23.0007  22.9843  23.0055  22.9328  0.191411  0.0200721  0.0123511  0.0209983  0.0375901  0.105612  
11  24.3173  23.272  23.0112  23  22.9963  22.9039  24.7039  23.4229  23.0112  23  22.9963  22.904  0 24.9838  23.4324  23.0197  22.9729  23.0277  23.0828  0.188107  0.0210465  0.0123511  0.0209983  0.0375907  0.105613  
12  24.3173  23.272  23.0112  23  22.9963  22.9039  24.536  23.3708  23.0112  23  22.9963  22.904  0 24.9267  23.3776  23.0079  23.0032  23.0243  22.7819  0.162228  0.0202609  0.0123511  0.0209983  0.03759  0.105615  
13  24.3173  23.272  23.0112  23  22.9963  22.9039  24.4478  23.3505  23.0112  23  22.9963  22.9039  0 24.4968  23.3081  23.0229  22.9928  23.0314  23.0194  0.150152  0.0199648  0.0123512  0.0209983  0.0375905  0.105612  
14  24.3173  23.272  23.0112  23  22.9963  22.9039  24.6141  23.3639  23.0112  23  22.9963  22.904  0 24.842  23.3456  23.0096  22.9896  22.9813  22.9597  0.173772  0.0201599  0.0123511  0.0209983  0.0375902  0.105614  
15  24.3173  23.272  23.0112  23  22.9963  22.9039  24.6867  23.4096  23.0112  23  22.9963  22.904  0 25.0536  23.3829  23.0217  23.0255  22.9993  23.0769  0.185277  0.0208426  0.0123512  0.0209983  0.0375906  0.105615  
16  24.3173  23.272  23.0112  23  22.9963  22.9039  24.6895  23.3672  23.0112  23  22.9963  22.904  0 25.1719  23.3624  23.0271  23.0113  22.899  22.897  0.18574  0.0202087  0.0123512  0.0209983  0.0375903  0.105613  
17  24.3173  23.272  23.0112  23  22.9963  22.9039  24.7689  23.3625  23.0112  23  22.9964  22.904  0 24.6851  23.3891  22.9952  22.9702  23.0297  22.9515  0.199249  0.0201398  0.0123511  0.0209983  0.0375917  0.105613  
18  24.3173  23.272  23.0112  23  22.9963  22.9039  24.4724  23.3746  23.0112  23  22.9963  22.904  0 24.6937  23.3713  22.992  23.0013  22.9644  22.9419  0.153423  0.0203178  0.0123512  0.0209983  0.0375903  0.105614  
19  24.3173  23.272  23.0112  23  22.9963  22.9039  24.5701  23.4408  23.0112  23  22.9963  22.904  0 24.9057  23.4388  23.0249  23.0111  22.9824  22.823  0.167177  0.0213245  0.0123512  0.0209983  0.0375903  0.105614  
20  24.3173  23.272  23.0112  23  22.9963  22.9039  24.5887  23.3879  23.0112  23  22.9963  22.904  0 24.6638  23.396  23.0016  22.9971  22.8929  22.7572  0.16993  0.020515  0.012351  0.0209983  0.0375898  0.105616  
21  24.3173  23.272  23.0112  23  22.9963  22.9039  24.7054  23.3937  23.0112  23  22.9963  22.904  0 24.6015  23.4159  23.0304  23.0133  22.992  23.048  0.188362  0.0206012  0.0123512  0.0209983  0.0375909  0.105617  
22  24.3173  23.272  23.0112  23  22.9963  22.9039  24.6329  23.4128  23.0112  23  22.9964  22.904  0 24.6605  23.4233  23.0179  23.009  23.0543  22.8442  0.176687  0.0208922  0.0123512  0.0209983  0.0375915  0.105613  
23  24.3173  23.272  23.0112  23  22.9963  22.9039  24.6747  23.3985  23.0112  23  22.9963  22.904  0 24.5848  23.39  23.021  22.9838  22.9905  23.1163  0.18332  0.0206748  0.0123512  0.0209983  0.0375913  0.105613  
24  24.3173  23.272  23.0112  23  22.9963  22.9039  24.8954  23.3932  23.0112  23  22.9963  22.904  0 24.8812  23.3785  23.0082  22.9812  23.0126  22.8344  0.222951  0.0205948  0.012351  0.0209983  0.0375905  0.105615  
25  24.3173  23.272  23.0112  23  22.9963  22.9039  24.7121  23.4228  23.0112  23  22.9963  22.904  0 24.7522  23.4078  23.0394  22.9948  22.9299  22.8729  0.189486  0.0210449  0.0123512  0.0209983  0.037591  0.105616  
26  24.3173  23.272  23.0112  23  22.9963  22.9039  24.6161  23.3978  23.0112  23  22.9963  22.904  0 24.5816  23.3947  23.0118  23.0302  22.9793  22.8919  0.174086  0.020664  0.0123512  0.0209983  0.0375905  0.105615  
27  24.3173  23.272  23.0112  23  22.9963  22.9039  24.7756  23.3883  23.0112  23  22.9963  22.904  0 24.8533  23.4341  23.011  23.0267  23.0136  22.7303  0.200444  0.0205202  0.0123511  0.0209983  0.0375908  0.105615  
28  24.3173  23.272  23.0112  23  22.9963  22.9039  24.6807  23.3969  23.0112  23  22.9963  22.904  0 24.6445  23.4095  23.0109  22.9583  22.9765  22.8535  0.184298  0.0206501  0.0123512  0.0209983  0.0375906  0.105615  
29  24.3173  23.272  23.0112  23  22.9963  22.9039  24.4781  23.3814  23.0112  23  22.9963  22.904  0 24.4574  23.3842  23.0122  23.0108  22.9203  22.9604  0.154201  0.0204186  0.0123512  0.0209983  0.0375903  0.105615  
30  24.3173  23.272  23.0112  23  22.9963  22.9039  24.5846  23.3976  23.0112  23  22.9963  22.9039  0 24.7482  23.3935  23.0062  22.9738  22.9945  23.0069  0.169311  0.0206601  0.0123512  0.0209983  0.0375906  0.105612  
31  24.3173  23.272  23.0112  23  22.9963  22.9039  24.6019  23.3773  23.0112  23  22.9963  22.904  0 24.4715  23.367  23.0292  22.9874  23.0736  22.6737  0.171911  0.0203564  0.0123511  0.0209983  0.0375897  0.105613  
32  24.3173  23.272  23.0112  23  22.9963  22.9039  24.4986  23.4013  23.0112  23  22.9963  22.904  0 24.5247  23.3655  23.0195  22.9826  22.943  22.8929  0.156996  0.020717  0.0123512  0.0209983  0.0375903  0.105615  
33  24.3173  23.272  23.0112  23  22.9963  22.9039  24.7341  23.411  23.0112  23  22.9963  22.904  0 24.7197  23.4301  23.0113  23.0667  23.0578  23.0402  0.193207  0.0208646  0.0123511  0.0209983  0.0375904  0.105614  
34  24.3173  23.272  23.0112  23  22.9963  22.9039  24.5246  23.4019  23.0112  23  22.9963  22.904  0 24.3373  23.3962  23.0009  22.9884  23.0045  23.0746  0.16062  0.0207252  0.0123512  0.0209983  0.0375906  0.105613  
35  24.3173  23.272  23.0112  23  22.9963  22.9039  24.6646  23.4348  23.0112  23  22.9963  22.904  0 24.8236  23.4211  22.9999  22.9848  22.9772  22.7069  0.181697  0.021231  0.012351  0.0209983  0.03759  0.105614  
36  24.3173  23.272  23.0112  23  22.9963  22.9039  24.6054  23.3862  23.0112  23  22.9963  22.904  0 24.6767  23.3648  22.9948  22.9771  23.0381  23.0763  0.172451  0.0204898  0.0123512  0.0209983  0.0375905  0.105614  
37  24.3173  23.272  23.0112  23  22.9963  22.9039  24.6449  23.3806  23.0112  23  22.9963  22.904  0 24.8572  23.3825  23.015  22.9651  22.9942  22.8214  0.178559  0.0204061  0.0123512  0.0209983  0.037591  0.105612  
38  24.3173  23.272  23.0112  23  22.9963  22.9039  24.7668  23.3901  23.0112  23  22.9964  22.904  0 25.0071  23.3933  23.0157  23.0127  23.0123  22.8179  0.198876  0.0205481  0.0123512  0.0209983  0.0375915  0.105614  
39  24.3173  23.272  23.0112  23  22.9963  22.9039  24.6545  23.3847  23.0112  23  22.9963  22.904  0 24.4084  23.3879  23.0037  23.0527  22.9184  23.0737  0.180079  0.0204676  0.0123512  0.0209983  0.0375904  0.105614  
40  24.3173  23.272  23.0112  23  22.9963  22.9039  24.593  23.386  23.0112  23  22.9963  22.904  0 24.8447  23.3941  23.0026  23.0141  23.0373  22.9122  0.170573  0.0204871  0.0123512  0.0209983  0.037591  0.105612  
41  24.3173  23.272  23.0112  23  22.9963  22.9039  24.573  23.3812  23.0112  23  22.9963  22.904  0 24.4007  23.3758  22.9876  23.0304  22.9116  22.9761  0.167599  0.0204142  0.0123512  0.0209983  0.0375908  0.105614  
42  24.3173  23.272  23.0112  23  22.9963  22.9039  24.6727  23.3973  23.0112  23  22.9963  22.904  0 24.7262  23.388  23.0086  22.989  23.0429  22.8944  0.182991  0.0206555  0.0123512  0.0209983  0.0375906  0.105615  
43  24.3173  23.272  23.0112  23  22.9963  22.9039  24.6713  23.3575  23.0112  23  22.9963  22.904  0 24.3758  23.3366  23.0323  23.0171  23.0212  22.8281  0.182777  0.0200667  0.0123511  0.0209983  0.0375902  0.105614  
44  24.3173  23.272  23.0112  23  22.9963  22.9039  24.6574  23.3863  23.0112  23  22.9963  22.904  0 24.7358  23.3913  23.0047  23.022  23.0148  22.8315  0.180539  0.0204904  0.0123512  0.0209983  0.0375904  0.105613  
45  24.3173  23.272  23.0112  23  22.9963  22.9039  24.5874  23.4145  23.0112  23  22.9963  22.904  0 24.9349  23.4142  23.0177  23.0248  22.9928  22.8404  0.169742  0.0209177  0.0123511  0.0209983  0.0375906  0.105612  
46  24.3173  23.272  23.0112  23  22.9963  22.9039  24.8146  23.3667  23.0112  23  22.9963  22.904  0 24.7059  23.3382  22.989  22.9592  22.9619  22.7859  0.2075  0.0202004  0.0123511  0.0209983  0.0375903  0.105613  
47  24.3173  23.272  23.0112  23  22.9963  22.9039  24.6441  23.4175  23.0112  23  22.9963  22.904  0 25.1518  23.4271  23.0042  23.0065  22.9337  22.8922  0.178436  0.0209631  0.0123512  0.0209983  0.0375912  0.105613  
48  24.3173  23.272  23.0112  23  22.9963  22.9039  24.6643  23.4029  23.0112  23  22.9963  22.904  0 24.6933  23.3984  23.0231  22.9974  22.9697  23.1272  0.181641  0.0207413  0.0123511  0.0209983  0.0375907  0.105612  
49  24.3173  23.272  23.0112  23  22.9963  22.9039  24.7926  23.3568  23.0112  23  22.9963  22.9039  0 24.8221  23.3411  23.0254  22.9938  23.0303  22.8498  0.203493  0.0200563  0.0123512  0.0209983  0.0375903  0.105612  
50  24.3173  23.272  23.0112  23  22.9963  22.9039  24.5583  23.3999  23.0112  23  22.9963  22.904  0 24.5115  23.3868  22.987  22.9519  22.9927  22.9087  0.16545  0.0206961  0.0123512  0.0209983  0.0375906  0.105615  
51  24.3173  23.272  23.0112  23  22.9963  22.9039  24.5995  23.3903  23.0112  23  22.9963  22.904  0 24.5696  23.3944  23.0014  22.986  23.0103  22.9703  0.171554  0.0205513  0.0123512  0.0209983  0.0375904  0.105615  
52  24.3173  23.272  23.0112  23  22.9963  22.9039  24.5336  23.4068  23.0112  23  22.9963  22.904  0 24.5711  23.3956  23.0142  22.9919  22.9404  22.8317  0.161898  0.0207997  0.0123511  0.0209983  0.0375903  0.105613  
53  24.3173  23.272  23.0112  23  22.9963  22.9039  24.6894  23.4028  23.0112  23  22.9963  22.9039  0 24.3779  23.4064  23.0313  22.9849  23.0231  22.8077  0.185721  0.0207393  0.0123511  0.0209983  0.0375904  0.105612  
54  24.3173  23.272  23.0112  23  22.9963  22.9039  24.6579  23.4154  23.0112  23  22.9963  22.904  0 24.3902  23.3818  23.0122  23.017  23.096  22.9807  0.180628  0.020932  0.0123511  0.0209983  0.0375906  0.105614  
55  24.3173  23.272  23.0112  23  22.9963  22.9039  24.5375  23.3933  23.0112  23  22.9963  22.904  0 24.6543  23.3732  23.0127  22.9874  22.9884  22.8305  0.162454  0.0205954  0.0123512  0.0209983  0.0375907  0.105613  
56  24.3173  23.272  23.0112  23  22.9963  22.9039  24.6733  23.379  23.0112  23  22.9963  22.9039  0 24.614  23.4106  23.0106  22.9953  23.0182  22.7604  0.183092  0.0203819  0.0123512  0.0209983  0.0375911  0.105612  
57  24.3173  23.272  23.0112  23  22.9963  22.9039  24.6715  23.406  23.0112  23  22.9963  22.9039  0 24.6299  23.4105  23.0296  23.0119  23.0068  22.8464  0.182807  0.0207878  0.012351  0.0209983  0.0375896  0.105611  
58  24.3173  23.272  23.0112  23  22.9963  22.9039  24.5554  23.3801  23.0112  23  22.9963  22.904  0 24.3494  23.4307  23.013  23.0014  22.9836  22.9072  0.165022  0.020399  0.0123512  0.0209983  0.0375906  0.105613  
59  24.3173  23.272  23.0112  23  22.9963  22.9039  24.8548  23.3829  23.0112  23  22.9963  22.904  0 24.5484  23.3646  23.0259  22.9756  23.0199  22.929  0.215034  0.0204398  0.0123511  0.0209983  0.0375906  0.105615  
60  24.3173  23.272  23.0112  23  22.9963  22.9039  24.5834  23.3591  23.0112  23  22.9963  22.9039  0 24.1673  23.3821  23.0163  23.0115  22.9693  22.9208  0.169143  0.0200901  0.0123511  0.0209983  0.0375901  0.105612  
61  24.3173  23.272  23.0112  23  22.9963  22.9039  24.5907  23.3746  23.0112  23  22.9963  22.904  0 24.5332  23.3445  23.0034  23.0319  22.964  22.8523  0.170234  0.0203178  0.012351  0.0209983  0.0375899  0.105614  
62  24.3173  23.272  23.0112  23  22.9963  22.9039  24.4888  23.3885  23.0112  23  22.9963  22.904  0 24.5107  23.3861  23.0266  22.9921  22.9242  23.049  0.155648  0.0205234  0.0123512  0.0209983  0.0375905  0.105615  
63  24.3173  23.272  23.0112  23  22.9963  22.9039  24.5574  23.3772  23.0112  23  22.9963  22.904  0 24.376  23.3407  23.0038  22.985  22.9576  22.8038  0.165306  0.0203551  0.0123512  0.0209983  0.0375909  0.105613  
64  24.3173  23.272  23.0112  23  22.9963  22.9039  24.7164  23.4058  23.0112  23  22.9963  22.904  0 24.898  23.4005  23.0293  23.0155  23.0996  22.882  0.190199  0.0207852  0.0123512  0.0209983  0.0375907  0.105613  
65  24.3173  23.272  23.0112  23  22.9963  22.9039  24.5318  23.3671  23.0112  23  22.9963  22.904  0 24.6269  23.3816  23.0137  22.9878  22.9707  22.8875  0.161631  0.0202069  0.0123511  0.0209983  0.03759  0.105615  
66  24.3173  23.272  23.0112  23  22.9963  22.9039  24.6761  23.3971  23.0112  23  22.9963  22.904  0 24.6721  23.4347  23.0227  23.0354  22.9921  22.8055  0.183541  0.0206531  0.0123511  0.0209983  0.0375902  0.105614  
67  24.3173  23.272  23.0112  23  22.9963  22.9039  24.6092  23.3509  23.0112  23  22.9963  22.9039  0 24.5887  23.3387  22.9999  23.0401  23.0155  22.9634  0.173024  0.0199698  0.0123511  0.0209983  0.0375901  0.10561  
68  24.3173  23.272  23.0112  23  22.9963  22.9039  24.5284  23.3667  23.0112  23  22.9963  22.904  0 24.6679  23.3489  23.0126  23.0029  23.0227  22.926  0.161147  0.0202014  0.0123511  0.0209983  0.0375901  0.105615  
69  24.3173  23.272  23.0112  23  22.9963  22.9039  24.6269  23.4007  23.0112  23  22.9963  22.904  0 25.0143  23.4013  23.0133  23.0185  23.0193  22.87  0.175745  0.0207069  0.0123512  0.0209983  0.0375905  0.105614  
70  24.3173  23.272  23.0112  23  22.9963  22.9039  24.6242  23.3854  23.0112  23  22.9963  22.904  0 24.5403  23.4267  22.9872  23.0114  22.9478  23.0781  0.175324  0.0204769  0.0123511  0.0209983  0.0375904  0.105615  
71  24.3173  23.272  23.0112  23  22.9963  22.9039  24.5842  23.3785  23.0112  23  22.9963  22.904  0 24.4466  23.3668  22.9991  23.0206  22.9477  22.9398  0.169259  0.020375  0.0123511  0.0209983  0.03759  0.105613  
72  24.3173  23.272  23.0112  23  22.9963  22.9039  24.5438  23.3686  23.0112  23  22.9963  22.9039  0 24.7188  23.3712  23.0099  22.9797  23.038  23.0806  0.163346  0.0202283  0.0123511  0.0209983  0.0375904  0.105611  
73  24.3173  23.272  23.0112  23  22.9963  22.9039  24.5148  23.371  23.0112  23  22.9963  22.904  0 24.4805  23.3631  22.9929  23.0085  22.9865  22.9754  0.159237  0.0202632  0.0123512  0.0209983  0.0375906  0.105615  
74  24.3173  23.272  23.0112  23  22.9963  22.9039  24.6663  23.3807  23.0112  23  22.9963  22.9039  0 24.5483  23.3287  23.0063  23.0229  22.9633  22.8835  0.181962  0.0204077  0.0123511  0.0209983  0.0375903  0.105612  
75  24.3173  23.272  23.0112  23  22.9963  22.9039  24.6095  23.3635  23.0112  23  22.9963  22.9039  0 24.4951  23.3405  23.0321  22.9977  23.0125  22.9885  0.173069  0.020154  0.0123512  0.0209983  0.0375907  0.105612  
76  24.3173  23.272  23.0112  23  22.9963  22.9039  24.746  23.4015  23.0112  23  22.9964  22.904  0 24.7806  23.3598  23.0248  23.0016  23.0397  22.7979  0.19525  0.0207196  0.0123512  0.0209983  0.0375917  0.105618  
77  24.3173  23.272  23.0112  23  22.9963  22.9039  24.6272  23.4427  23.0112  23  22.9963  22.904  0 24.7208  23.4544  23.0131  22.9899  22.9876  22.8019  0.175791  0.0213557  0.0123512  0.0209983  0.0375911  0.105613  
78  24.3173  23.272  23.0112  23  22.9963  22.9039  24.6262  23.4105  23.0112  23  22.9963  22.904  0 24.6731  23.3979  22.9937  23.0017  23.0028  22.7631  0.175643  0.0208571  0.0123512  0.0209983  0.0375904  0.105615  
79  24.3173  23.272  23.0112  23  22.9963  22.9039  24.6574  23.4006  23.0112  23  22.9963  22.904  0 24.6124  23.3744  23.0028  22.9688  23.0441  22.7555  0.180539  0.0207057  0.0123512  0.0209983  0.0375909  0.105618  
80  24.3173  23.272  23.0112  23  22.9963  22.9039  24.6159  23.4129  23.0112  23  22.9963  22.904  0 24.649  23.4009  22.9918  23.0022  22.9666  22.8374  0.174056  0.0208938  0.0123512  0.0209983  0.0375906  0.105614  
81  24.3173  23.272  23.0112  23  22.9963  22.9039  24.5913  23.3489  23.0112  23  22.9963  22.9039  0 24.8033  23.3504  23.006  22.9788  23.0056  22.9062  0.170315  0.0199418  0.0123512  0.0209983  0.0375911  0.105612  
82  24.3173  23.272  23.0112  23  22.9963  22.9039  24.9138  23.4066  23.0112  23  22.9963  22.904  0 24.7451  23.397  22.9993  22.9574  22.9959  23.0482  0.226622  0.0207974  0.012351  0.0209983  0.0375906  0.105618  
83  24.3173  23.272  23.0112  23  22.9963  22.9039  24.6697  23.4005  23.0112  23  22.9963  22.904  0 24.9044  23.4108  23.0022  22.9962  23.0409  22.8228  0.182505  0.0207044  0.0123511  0.0209983  0.0375909  0.105612  
84  24.3173  23.272  23.0112  23  22.9963  22.9039  24.6301  23.4162  23.0112  23  22.9963  22.904  0 24.6244  23.4506  23.0176  22.9716  22.9671  22.9153  0.176246  0.0209442  0.0123512  0.0209983  0.0375906  0.105614  
85  24.3173  23.272  23.0112  23  22.9963  22.9039  24.5339  23.373  23.0112  23  22.9963  22.904  0 24.2979  23.3881  23.0038  22.9921  22.9664  22.9554  0.161936  0.0202931  0.0123512  0.0209983  0.0375906  0.105613  
86  24.3173  23.272  23.0112  23  22.9963  22.9039  24.6404  23.3989  23.0112  23  22.9963  22.904  0 24.6023  23.4076  23.0168  23.0092  23.05  22.9492  0.177856  0.0206797  0.0123512  0.0209983  0.0375908  0.105614  
87  24.3173  23.272  23.0112  23  22.9963  22.9039  24.6253  23.3849  23.0112  23  22.9963  22.904  0 24.482  23.4045  23.0175  22.9793  22.9371  23.032  0.175499  0.0204696  0.0123511  0.0209983  0.0375901  0.105613  
88  24.3173  23.272  23.0112  23  22.9963  22.9039  24.6464  23.3463  23.0112  23  22.9963  22.9039  0 24.8315  23.3208  22.9941  23.0247  23.0477  22.9963  0.17879  0.0199039  0.0123511  0.0209983  0.0375901  0.105612  
89  24.3173  23.272  23.0112  23  22.9963  22.9039  24.5933  23.4198  23.0112  23  22.9963  22.904  0 24.7746  23.433  22.9902  23.0449  23.0114  22.8111  0.170616  0.0209996  0.0123512  0.0209983  0.0375912  0.105616  
90  24.3173  23.272  23.0112  23  22.9963  22.9039  24.7486  23.3962  23.0112  23  22.9963  22.9039  0 24.6765  23.4248  23.0321  23.0243  22.9828  22.8557  0.195708  0.0206397  0.0123511  0.0209983  0.0375912  0.105611  
91  24.3173  23.272  23.0112  23  22.9963  22.9039  24.6905  23.3855  23.0112  23  22.9963  22.904  0 24.7866  23.4128  23.024  23.0048  23.0217  22.8747  0.185904  0.0204783  0.0123511  0.0209983  0.0375905  0.105613  
92  24.3173  23.272  23.0112  23  22.9963  22.9039  24.5191  23.4177  23.0112  23  22.9963  22.904  0 24.2927  23.3833  23.017  23.0305  22.9961  22.9003  0.159845  0.0209665  0.0123512  0.0209983  0.0375902  0.105612  
93  24.3173  23.272  23.0112  23  22.9963  22.9039  24.6867  23.3999  23.0112  23  22.9963  22.904  0 24.8301  23.3809  23.0186  22.9616  22.9847  22.8121  0.185274  0.0206959  0.0123511  0.0209983  0.0375909  0.105613  
94  24.3173  23.272  23.0112  23  22.9963  22.9039  24.6487  23.369  23.0112  23  22.9963  22.904  0 24.5053  23.4  23.0079  22.943  22.9955  22.7717  0.17916  0.0202343  0.0123512  0.0209983  0.0375911  0.105614  
95  24.3173  23.272  23.0112  23  22.9963  22.9039  24.6721  23.3944  23.0112  23  22.9963  22.904  0 24.7532  23.3923  23.0306  22.9988  23.0793  22.7447  0.182892  0.0206117  0.0123511  0.0209983  0.0375901  0.105613  
96  24.3173  23.272  23.0112  23  22.9963  22.9039  24.6379  23.39  23.0112  23  22.9963  22.904  0 24.4993  23.4239  22.9933  23.0296  22.988  22.8441  0.177454  0.0205469  0.0123512  0.0209983  0.0375905  0.105617  
97  24.3173  23.272  23.0112  23  22.9963  22.9039  24.5085  23.4181  23.0112  23  22.9963  22.904  0 24.3206  23.385  23.0131  22.9773  23.0375  22.9552  0.158363  0.0209732  0.0123512  0.0209983  0.0375904  0.105614  
98  24.3173  23.272  23.0112  23  22.9963  22.9039  24.7105  23.4004  23.0112  23  22.9963  22.904  0 24.7053  23.3872  22.9916  22.9791  23.001  22.8375  0.189214  0.0207028  0.0123512  0.0209983  0.0375902  0.105613  
99  24.3173  23.272  23.0112  23  22.9963  22.9039  24.6949  23.3689  23.0112  23  22.9963  22.904  0 24.785  23.3749  22.9971  22.9924  22.9728  22.9936  0.186618  0.0202337  0.0123511  0.0209983  0.0375906  0.105616  
100  24.3173  23.272  23.0112  23  22.9963  22.9039  24.7657  23.4086  23.0112  23  22.9963  22.904  0 24.5467  23.4185  23.0094  22.9799  22.9765  23.0682  0.198681  0.0208273  0.0123512  0.0209983  0.0375904  0.105617  
101  24.3173  23.272  23.0112  23  22.9963  22.9039  24.6385  23.3972  23.0112  23  22.9963  22.9039  0 24.8768  23.4247  23.0095  23.0086  23.0358  22.9566  0.177559  0.0206547  0.0123512  0.0209983  0.0375911  0.105612  
102  24.3173  23.272  23.0112  23  22.9963  22.9039  24.6785  23.3926  23.0112  23  22.9963  22.904  0 24.6505  23.3977  22.992  23.005  22.9882  22.9593  0.183931  0.0205855  0.0123512  0.0209983  0.037591  0.105617  
103  24.3173  23.272  23.0112  23  22.9963  22.9039  24.4949  23.4169  23.0112  23  22.9963  22.904  0 24.5021  23.4002  23.0395  22.9926  23.0107  22.9305  0.156482  0.0209542  0.0123512  0.0209983  0.0375907  0.105613  
104  24.3173  23.272  23.0112  23  22.9963  22.9039  24.5278  23.4025  23.0112  23  22.9963  22.904  0 24.4518  23.3929  22.997  23.0191  23.0426  23.1413  0.161067  0.020735  0.0123512  0.0209983  0.0375905  0.105615  
105  24.3173  23.272  23.0112  23  22.9963  22.9039  24.4491  23.3711  23.0112  23  22.9963  22.904  0 24.3555  23.3412  23.0026  22.9613  23.0199  22.8875  0.150332  0.0202661  0.0123512  0.0209983  0.0375906  0.105613  
106  24.3173  23.272  23.0112  23  22.9963  22.9039  24.5602  23.3714  23.0112  23  22.9963  22.904  0 24.3248  23.3917  23.021  23.0245  23.0335  22.805  0.165715  0.0202691  0.0123512  0.0209983  0.0375904  0.105613  
107  24.3173  23.272  23.0112  23  22.9963  22.9039  24.6165  23.3787  23.0112  23  22.9963  22.904  0 24.3333  23.3827  23.0246  23.0137  22.9555  22.7484  0.174148  0.0203772  0.0123512  0.0209983  0.0375907  0.105616  
108  24.3173  23.272  23.0112  23  22.9963  22.9039  24.7297  23.3881  23.0112  23  22.9963  22.9039  0 24.8889  23.3589  22.9799  23.0225  23.0174  22.8655  0.192449  0.0205178  0.0123511  0.0209983  0.0375904  0.105612  
109  24.3173  23.272  23.0112  23  22.9963  22.9039  24.5849  23.3972  23.0112  23  22.9963  22.904  0 24.4967  23.3803  23.0161  23.0258  22.9255  22.8002  0.169363  0.0206549  0.0123512  0.0209983  0.0375904  0.105614  
110  24.3173  23.272  23.0112  23  22.9963  22.9039  24.7022  23.438  23.0112  23  22.9963  22.904  0 24.4864  23.4483  23.0261  23.0187  23.0974  23.0275  0.187824  0.021282  0.0123511  0.0209983  0.0375911  0.105617  
111  24.3173  23.272  23.0112  23  22.9963  22.9039  24.4998  23.4122  23.0112  23  22.9963  22.904  0 24.6606  23.3811  22.993  22.9689  23.0276  22.9414  0.157155  0.0208823  0.0123512  0.0209983  0.0375903  0.105615  
112  24.3173  23.272  23.0112  23  22.9963  22.9039  24.597  23.347  23.0112  23  22.9963  22.904  0 24.5541  23.3263  23.0003  23.0223  23.0526  23.0629  0.171175  0.019914  0.0123511  0.0209983  0.0375905  0.105613  
113  24.3173  23.272  23.0112  23  22.9963  22.9039  24.6074  23.3915  23.0112  23  22.9963  22.904  0 24.3534  23.3838  23.0064  23.0066  22.9536  23.2396  0.172746  0.0205683  0.0123512  0.0209983  0.0375907  0.105614  
114  24.3173  23.272  23.0112  23  22.9963  22.9039  24.5379  23.3873  23.0112  23  22.9963  22.9039  0 24.791  23.4015  23.0058  22.9976  22.9727  23.0618  0.162505  0.0205059  0.0123512  0.0209983  0.0375904  0.105612  
115  24.3173  23.272  23.0112  23  22.9963  22.9039  24.6213  23.3843  23.0112  23  22.9963  22.904  0 24.8347  23.4019  22.9906  23.0103  23.0034  23.1334  0.174876  0.0204613  0.0123512  0.0209983  0.037591  0.105615  
116  24.3173  23.272  23.0112  23  22.9963  22.9039  24.7514  23.4319  23.0112  23  22.9963  22.904  0 25.2034  23.4682  23.0072  23.0198  23.0388  22.9755  0.196192  0.0211859  0.0123512  0.0209983  0.0375906  0.105614  
117  24.3173  23.272  23.0112  23  22.9963  22.9039  24.697  23.3809  23.0112  23  22.9963  22.9039  0 24.5617  23.414  23.0102  23.0196  22.9788  22.9443  0.186975  0.02041  0.0123512  0.0209983  0.037591  0.105611  
118  24.3173  23.272  23.0112  23  22.9963  22.9039  24.7418  23.4086  23.0112  23  22.9963  22.904  0 24.6849  23.387  23.0046  23.0036  23.0101  22.88  0.194535  0.0208272  0.0123511  0.0209983  0.0375899  0.105617  
119  24.3173  23.272  23.0112  23  22.9963  22.9039  24.689  23.4062  23.0112  23  22.9963  22.904  0 24.7476  23.3932  23.0294  22.9451  23.0189  22.8103  0.18565  0.0207911  0.0123512  0.0209983  0.0375911  0.105615  
120  24.3173  23.272  23.0112  23  22.9963  22.9039  24.887  23.3588  23.0112  23  22.9963  22.904  0 24.877  23.3484  23.0156  22.9934  23.0534  22.7605  0.221277  0.0200858  0.0123512  0.0209983  0.0375911  0.105613  
121  24.3173  23.272  23.0112  23  22.9963  22.9039  24.6851  23.3792  23.0112  23  22.9963  22.904  0 24.5333  23.3952  23.035  23.0198  22.9767  22.958  0.185016  0.0203853  0.0123511  0.0209983  0.0375903  0.105613  
122  24.3173  23.272  23.0112  23  22.9963  22.9039  24.6144  23.3536  23.0112  23  22.9963  22.9039  0 24.6924  23.3106  22.9875  23.0306  22.9648  23.0097  0.173822  0.0200096  0.0123512  0.0209983  0.0375904  0.105612  
123  24.3173  23.272  23.0112  23  22.9963  22.9039  24.5957  23.3943  23.0112  23  22.9963  22.904  0 24.6352  23.4302  23.0217  23.0071  23.0148  22.9795  0.170977  0.0206104  0.0123512  0.0209983  0.0375903  0.105616  
124  24.3173  23.272  23.0112  23  22.9963  22.9039  24.7973  23.3887  23.0112  23  22.9963  22.904  0 24.829  23.3687  23.0287  23.0176  23.0314  22.984  0.204329  0.0205266  0.0123512  0.0209983  0.0375904  0.105614  
125  24.3173  23.272  23.0112  23  22.9963  22.9039  24.8301  23.3869  23.0112  23  22.9963  22.9039  0 24.6787  23.394  23.028  23.0227  23.0338  22.7436  0.210362  0.0204998  0.0123512  0.0209983  0.0375913  0.105612  
126  24.3173  23.272  23.0112  23  22.9963  22.9039  24.6047  23.362  23.0112  23  22.9963  22.904  0 24.5516  23.3675  22.9924  23.019  23.0415  22.8664  0.172347  0.0201314  0.0123512  0.0209983  0.0375905  0.105612  
127  24.3173  23.272  23.0112  23  22.9963  22.9039  25.0355  23.3663  23.0112  23  22.9963  22.9039  0 25.3817  23.3653  23.0153  23.0088  22.9911  22.9065  0.25261  0.0201952  0.0123511  0.0209983  0.0375907  0.105611  
128  24.3173  23.272  23.0112  23  22.9963  22.9039  24.6638  23.3752  23.0112  23  22.9963  22.904  0 24.4098  23.3858  23.0182  23.0004  22.9942  23.2621  0.181564  0.0203257  0.0123511  0.0209983  0.0375903  0.105617  
129  24.3173  23.272  23.0112  23  22.9963  22.9039  24.5079  23.4104  23.0112  23  22.9963  22.904  0 24.4615  23.4004  23.0044  23.0023  23.0798  22.8832  0.158283  0.0208548  0.0123512  0.0209983  0.0375904  0.105614  
130  24.3173  23.272  23.0112  23  22.9963  22.9039  24.6382  23.454  23.0112  23  22.9963  22.904  0 24.7137  23.4663  22.9853  22.9876  22.9932  22.8976  0.177509  0.0215333  0.0123511  0.0209983  0.0375907  0.105615  
131  24.3173  23.272  23.0112  23  22.9963  22.9039  24.5487  23.3575  23.0112  23  22.9963  22.9039  0 24.4692  23.3556  23.0008  22.9985  22.9621  22.9836  0.164053  0.0200668  0.0123512  0.0209983  0.0375904  0.105612  
132  24.3173  23.272  23.0112  23  22.9963  22.9039  24.603  23.3719  23.0112  23  22.9963  22.904  0 24.7522  23.3816  22.9944  22.995  22.9791  23.0962  0.172077  0.0202766  0.0123512  0.0209983  0.0375912  0.105613  
133  24.3173  23.272  23.0112  23  22.9963  22.9039  24.6384  23.3548  23.0112  23  22.9963  22.9039  0 24.671  23.3722  22.9957  23.0404  22.979  22.966  0.177539  0.0200273  0.0123512  0.0209983  0.0375911  0.105612  
134  24.3173  23.272  23.0112  23  22.9963  22.9039  24.5407  23.4081  23.0112  23  22.9963  22.904  0 24.6122  23.3671  23.0301  23.0286  23.0029  22.9235  0.162911  0.0208202  0.0123512  0.0209983  0.0375904  0.105614  
135  24.3173  23.272  23.0112  23  22.9963  22.9039  24.8732  23.3877  23.0112  23  22.9963  22.904  0 25.0367  23.4278  23.0288  23.0148  23.0305  23.1304  0.218579  0.0205123  0.012351  0.0209983  0.037591  0.105615  
136  24.3173  23.272  23.0112  23  22.9963  22.9039  24.5796  23.3668  23.0112  23  22.9963  22.904  0 24.7136  23.398  23.0166  23.0024  22.9904  22.7327  0.168567  0.0202022  0.0123512  0.0209983  0.0375906  0.105614  
137  24.3173  23.272  23.0112  23  22.9963  22.9039  24.5081  23.417  23.0112  23  22.9963  22.904  0 24.5816  23.4521  22.9946  22.9961  23.0369  22.9695  0.158307  0.0209564  0.0123512  0.0209983  0.0375906  0.105616  
138  24.3173  23.272  23.0112  23  22.9963  22.9039  24.595  23.396  23.0112  23  22.9963  22.904  0 24.7002  23.3917  23.014  23.0124  23.0043  22.8848  0.170877  0.020636  0.0123512  0.0209983  0.0375912  0.105614  
139  24.3173  23.272  23.0112  23  22.9963  22.9039  24.6436  23.3679  23.0112  23  22.9963  22.904  0 24.9158  23.3541  23.0201  23.0259  23.0501  22.8846  0.178362  0.0202178  0.0123512  0.0209983  0.037591  0.105614  
140  24.3173  23.272  23.0112  23  22.9963  22.9039  24.6657  23.3768  23.0112  23  22.9963  22.904  0 24.6772  23.355  23.0018  22.9584  22.9619  22.8135  0.181871  0.0203495  0.0123512  0.0209983  0.0375909  0.105615  
141  24.3173  23.272  23.0112  23  22.9963  22.9039  24.5377  23.3849  23.0112  23  22.9963  22.904  0 24.5385  23.3991  22.9986  23.0355  23.028  22.7828  0.162479  0.0204704  0.0123512  0.0209983  0.0375905  0.105613  
142  24.3173  23.272  23.0112  23  22.9963  22.9039  24.678  23.382  23.0112  23  22.9963  22.904  0 24.4234  23.3978  23.0125  23.0216  22.9894  22.6735  0.183856  0.0204275  0.0123512  0.0209983  0.0375908  0.105614  
143  24.3173  23.272  23.0112  23  22.9963  22.9039  24.6805  23.4219  23.0112  23  22.9963  22.904  0 24.51  23.389  23.006  22.9979  22.9746  23.0259  0.184269  0.0210314  0.0123511  0.0209983  0.0375908  0.105618  
144  24.3173  23.272  23.0112  23  22.9963  22.9039  24.5385  23.3884  23.0112  23  22.9963  22.904  0 24.5389  23.3787  23.0169  22.9888  23.0079  22.8735  0.162585  0.0205224  0.0123512  0.0209983  0.0375903  0.105613  
145  24.3173  23.272  23.0112  23  22.9963  22.9039  24.7584  23.4027  23.0112  23  22.9964  22.904  0 24.8901  23.4319  23.002  22.9996  23.0454  22.8704  0.197415  0.0207377  0.0123512  0.0209983  0.0375914  0.105615  
146  24.3173  23.272  23.0112  23  22.9963  22.9039  24.6162  23.3858  23.0112  23  22.9963  22.904  0 24.5574  23.3749  23.0183  23.035  23.0326  22.9586  0.174104  0.0204829  0.0123512  0.0209983  0.0375907  0.105616  
147  24.3173  23.272  23.0112  23  22.9963  22.9039  24.4983  23.4036  23.0112  23  22.9963  22.904  0 24.3695  23.3973  23.0164  22.9968  22.9757  22.9974  0.156952  0.0207519  0.0123512  0.0209983  0.0375906  0.105614  
148  24.3173  23.272  23.0112  23  22.9963  22.9039  24.6774  23.3726  23.0112  23  22.9963  22.9039  0 24.5964  23.3822  23.0036  23.0057  22.9681  22.8098  0.183765  0.0202871  0.0123512  0.0209983  0.0375907  0.105612  
149  24.3173  23.272  23.0112  23  22.9963  22.9039  24.6533  23.4033  23.0112  23  22.9963  22.904  0 24.7138  23.4232  23.0178  23.009  23.0222  22.7585  0.179891  0.0207467  0.0123512  0.0209983  0.0375905  0.105614  
150  24.3173  23.272  23.0112  23  22.9963  22.9039  24.6227  23.4181  23.0112  23  22.9963  22.904  0 25.0418  23.442  23.0211  22.9748  23.0556  22.9194  0.175098  0.020973  0.0123512  0.0209983  0.0375908  0.105614  
151  24.3173  23.272  23.0112  23  22.9963  22.9039  24.578  23.3634  23.0112  23  22.9963  22.904  0 24.3685  23.3568  23.0001  22.9969  22.96  22.9786  0.168333  0.0201526  0.0123512  0.0209983  0.0375904  0.105613  
152  24.3173  23.272  23.0112  23  22.9963  22.9039  24.6412  23.3921  23.0112  23  22.9963  22.904  0 24.6794  23.3894  23.0239  23.0139  23.012  23.0188  0.17797  0.0205785  0.0123512  0.0209983  0.037591  0.105614  
153  24.3173  23.272  23.0112  23  22.9963  22.9039  24.5746  23.4217  23.0112  23  22.9963  22.904  0 24.3059  23.4008  23.0106  22.984  23.0261  23.0366  0.167841  0.0210285  0.0123512  0.0209983  0.0375904  0.105614  
154  24.3173  23.272  23.0112  23  22.9963  22.9039  24.5942  23.4032  23.0112  23  22.9963  22.904  0 24.5875  23.3765  23.0027  23.0155  23.0462  23.0437  0.170749  0.0207453  0.0123512  0.0209983  0.0375904  0.105614  
155  24.3173  23.272  23.0112  23  22.9963  22.9039  24.5446  23.3525  23.0112  23  22.9963  22.904  0 24.479  23.3499  23.0002  23.0159  23.0679  23.0686  0.163469  0.0199937  0.0123512  0.0209983  0.0375904  0.105612  
156  24.3173  23.272  23.0112  23  22.9963  22.9039  24.6002  23.3999  23.0112  23  22.9963  22.904  0 24.6122  23.3987  23.005  23.0035  22.9899  22.8716  0.171653  0.020695  0.0123512  0.0209983  0.0375908  0.105615  
157  24.3173  23.272  23.0112  23  22.9963  22.9039  24.592  23.361  23.0112  23  22.9963  22.904  0 24.3376  23.3595  22.9971  23.0495  22.9921  22.8935  0.170426  0.0201167  0.0123512  0.0209983  0.0375904  0.105614  
158  24.3173  23.272  23.0112  23  22.9963  22.9039  24.6736  23.3565  23.0112  23  22.9963  22.904  0 24.76  23.3415  23.0069  22.9601  23.0013  23.0181  0.183134  0.0200521  0.012351  0.0209983  0.0375899  0.105615  
159  24.3173  23.272  23.0112  23  22.9963  22.9039  24.7386  23.3653  23.0112  23  22.9963  22.904  0 25.2997  23.3703  23.0062  23.0002  23.0469  22.9305  0.193977  0.0201809  0.0123511  0.0209983  0.0375904  0.105616  
160  24.3173  23.272  23.0112  23  22.9963  22.9039  24.6721  23.3943  23.0112  23  22.9963  22.904  0 24.2599  23.4193  23.0126  23.0021  22.9881  22.9695  0.182893  0.0206116  0.0123512  0.0209983  0.0375907  0.105614  
161  24.3173  23.272  23.0112  23  22.9963  22.9039  24.6912  23.4142  23.0112  23  22.9963  22.904  0 24.9835  23.4128  23.0254  23.0379  22.962  22.7485  0.18602  0.0209136  0.012351  0.0209983  0.0375899  0.105616  
162  24.3173  23.272  23.0112  23  22.9963  22.9039  24.6674  23.3645  23.0112  23  22.9963  22.9039  0 24.8189  23.3284  23.0112  22.9832  23.0256  22.9244  0.18214  0.0201683  0.0123511  0.0209983  0.0375905  0.105612  
163  24.3173  23.272  23.0112  23  22.9963  22.9039  24.6628  23.4067  23.0112  23  22.9963  22.904  0 24.5713  23.3883  23.0187  23.022  22.9804  22.8994  0.181406  0.0207978  0.0123512  0.0209983  0.0375908  0.105613  
164  24.3173  23.272  23.0112  23  22.9963  22.9039  24.7972  23.3836  23.0112  23  22.9963  22.904  0 24.8633  23.3501  23.0168  22.9793  23.0245  22.877  0.204309  0.0204512  0.0123511  0.0209983  0.0375907  0.105615  
165  24.3173  23.272  23.0112  23  22.9963  22.9039  24.6628  23.403  23.0112  23  22.9963  22.904  0 24.6323  23.3737  23.0285  23.0079  22.9567  22.8109  0.181402  0.0207423  0.0123511  0.0209983  0.0375906  0.105613  
166  24.3173  23.272  23.0112  23  22.9963  22.9039  24.5061  23.3774  23.0112  23  22.9963  22.904  0 24.6898  23.3935  23.032  22.989  23.0181  22.8311  0.158034  0.0203588  0.0123511  0.0209983  0.0375902  0.105615  
167  24.3173  23.272  23.0112  23  22.9963  22.9039  24.7074  23.433  23.0112  23  22.9963  22.904  0 24.6982  23.4406  23.0205  22.988  22.9908  23.1265  0.188703  0.0212039  0.0123511  0.0209983  0.0375911  0.105614  
168  24.3173  23.272  23.0112  23  22.9963  22.9039  24.607  23.3921  23.0112  23  22.9963  22.904  0 24.6516  23.4136  23.0088  23.0168  23.0271  23.1236  0.17269  0.0205777  0.0123512  0.0209983  0.037591  0.105616  
169  24.3173  23.272  23.0112  23  22.9963  22.9039  24.5456  23.3868  23.0112  23  22.9963  22.904  0 24.7198  23.4219  23.0165  23.0057  23.0261  22.8772  0.163602  0.020499  0.0123513  0.0209983  0.0375911  0.105613  
170  24.3173  23.272  23.0112  23  22.9963  22.9039  24.6045  23.4025  23.0112  23  22.9963  22.904  0 24.4182  23.4225  22.9889  22.965  23.0305  22.9106  0.172314  0.020735  0.0123511  0.0209983  0.0375904  0.105614  
171  24.3173  23.272  23.0112  23  22.9963  22.9039  24.6199  23.3381  23.0112  23  22.9963  22.9039  0 24.5631  23.3127  23.0176  23.0158  23.0863  23.0335  0.174665  0.019786  0.0123512  0.0209983  0.0375901  0.10561  
172  24.3173  23.272  23.0112  23  22.9963  22.9039  24.5208  23.4101  23.0112  23  22.9963  22.904  0 24.5215  23.4067  22.9997  23.0229  23.0052  22.8811  0.160088  0.0208506  0.0123511  0.0209983  0.0375901  0.105615  
173  24.3173  23.272  23.0112  23  22.9963  22.9039  24.6809  23.3857  23.0112  23  22.9963  22.904  0 24.5896  23.3839  22.9965  22.9981  22.9998  22.9824  0.184322  0.0204819  0.0123511  0.0209983  0.0375902  0.105613  
174  24.3173  23.272  23.0112  23  22.9963  22.9039  24.5068  23.3809  23.0112  23  22.9963  22.904  0 24.4142  23.3604  23.0265  23.0077  22.9643  23.032  0.158122  0.0204108  0.0123512  0.0209983  0.0375905  0.105613  
175  24.3173  23.272  23.0112  23  22.9963  22.9039  24.6268  23.414  23.0112  23  22.9963  22.904  0 24.2243  23.4395  23.0173  22.9783  23.0016  22.8836  0.175728  0.0209095  0.0123511  0.0209983  0.0375902  0.105613  
176  24.3173  23.272  23.0112  23  22.9963  22.9039  24.6456  23.4472  23.0112  23  22.9963  22.904  0 24.6211  23.4798  22.9869  22.9726  22.945  22.9667  0.178669  0.0214264  0.0123512  0.0209983  0.0375913  0.105618  
177  24.3173  23.272  23.0112  23  22.9963  22.9039  24.6873  23.4012  23.0112  23  22.9963  22.904  0 25.008  23.3861  23.0385  22.9753  22.9323  22.8822  0.185371  0.0207151  0.0123511  0.0209983  0.0375906  0.105615  
178  24.3173  23.272  23.0112  23  22.9963  22.9039  24.6619  23.4086  23.0112  23  22.9963  22.904  0 24.4612  23.402  23.0072  23.0104  23.0246  22.9665  0.181257  0.0208279  0.0123511  0.0209983  0.0375907  0.105614  
179  24.3173  23.272  23.0112  23  22.9963  22.9039  24.5782  23.4013  23.0112  23  22.9963  22.904  0 24.6881  23.3934  23.029  23.0422  22.9619  22.9482  0.168359  0.0207171  0.0123512  0.0209983  0.0375908  0.105614  
180  24.3173  23.272  23.0112  23  22.9963  22.9039  24.5509  23.4042  23.0112  23  22.9963  22.904  0 24.3412  23.4278  22.9991  22.9852  22.9612  23.1115  0.164372  0.0207607  0.0123512  0.0209983  0.0375903  0.105615  
181  24.3173  23.272  23.0112  23  22.9963  22.9039  24.7126  23.398  23.0112  23  22.9963  22.904  0 24.7837  23.3979  23.0219  22.9953  22.9541  22.7756  0.18956  0.0206662  0.0123511  0.0209983  0.0375903  0.105614  
182  24.3173  23.272  23.0112  23  22.9963  22.9039  24.5945  23.3764  23.0112  23  22.9964  22.904  0 24.3388  23.3482  23.0183  22.9734  23.0364  22.9469  0.170796  0.0203431  0.0123512  0.0209983  0.0375914  0.105613  
183  24.3173  23.272  23.0112  23  22.9963  22.9039  24.646  23.3819  23.0112  23  22.9963  22.904  0 24.6952  23.3869  22.9967  23.0098  22.9969  22.8562  0.178739  0.0204247  0.0123511  0.0209983  0.0375907  0.105614  
184  24.3173  23.272  23.0112  23  22.9963  22.9039  24.6113  23.427  23.0112  23  22.9963  22.904  0 24.6966  23.4661  23.0317  22.9963  23.0399  22.8138  0.173348  0.0211097  0.0123512  0.0209983  0.0375903  0.105616  
185  24.3173  23.272  23.0112  23  22.9963  22.9039  24.7318  23.4156  23.0112  23  22.9963  22.904  0 25.2709  23.4518  23.0209  23.0023  23.0543  22.9264  0.192815  0.0209348  0.0123512  0.0209983  0.0375909  0.105615  
186  24.3173  23.272  23.0112  23  22.9963  22.9039  24.6776  23.3825  23.0112  23  22.9963  22.9039  0 24.7763  23.433  23.0051  23.006  23.0363  22.8854  0.183787  0.0204337  0.0123512  0.0209983  0.0375905  0.105612  
187  24.3173  23.272  23.0112  23  22.9963  22.9039  24.705  23.4027  23.0112  23  22.9963  22.9039  0 24.5305  23.4325  23.0179  23.0421  22.9824  22.8266  0.188292  0.0207381  0.0123512  0.0209983  0.0375913  0.105612  
188  24.3173  23.272  23.0112  23  22.9963  22.9039  24.5566  23.4368  23.0112  23  22.9963  22.904  0 24.6092  23.4364  23.0221  22.9857  22.9515  22.8629  0.165191  0.0212625  0.0123511  0.0209983  0.0375901  0.105613  
189  24.3173  23.272  23.0112  23  22.9963  22.9039  24.568  23.4257  23.0112  23  22.9963  22.904  0 24.4131  23.4284  23.0105  23.0393  22.9754  22.8881  0.166856  0.0210892  0.0123511  0.0209983  0.0375901  0.105614  
190  24.3173  23.272  23.0112  23  22.9963  22.9039  24.6062  23.4107  23.0112  23  22.9963  22.904  0 24.4578  23.4079  23.0019  22.9749  23.0276  22.9432  0.17257  0.0208598  0.0123512  0.0209983  0.0375905  0.105615  
191  24.3173  23.272  23.0112  23  22.9963  22.9039  24.6243  23.3958  23.0112  23  22.9963  22.904  0 24.6811  23.4009  23.0075  23.0238  22.9985  22.8965  0.175343  0.0206333  0.0123512  0.0209983  0.0375907  0.105614  
192  24.3173  23.272  23.0112  23  22.9963  22.9039  24.5982  23.3763  23.0112  23  22.9963  22.904  0 24.924  23.389  23.0066  22.9621  23.0101  23.0494  0.171361  0.0203419  0.0123511  0.0209983  0.0375901  0.105614  
193  24.3173  23.272  23.0112  23  22.9963  22.9039  24.5647  23.376  23.0112  23  22.9963  22.904  0 24.682  23.454  23.0455  23.0132  23.0431  22.8719  0.166372  0.0203373  0.0123512  0.0209983  0.0375905  0.105616  
194  24.3173  23.272  23.0112  23  22.9963  22.9039  24.59  23.3803  23.0112  23  22.9963  22.904  0 24.6148  23.3936  22.9874  22.9723  22.9272  22.8717  0.170129  0.020401  0.0123512  0.0209983  0.0375906  0.105614  
195  24.3173  23.272  23.0112  23  22.9963  22.9039  24.5849  23.4057  23.0112  23  22.9963  22.904  0 24.5903  23.4125  22.9939  22.9856  22.9867  22.9479  0.169367  0.0207839  0.0123512  0.0209983  0.0375906  0.105614  
196  24.3173  23.272  23.0112  23  22.9963  22.9039  24.774  23.372  23.0112  23  22.9963  22.904  0 24.7374  23.3601  23.0169  22.9909  23  22.7144  0.200161  0.0202784  0.0123511  0.0209983  0.0375907  0.105613  
197  24.3173  23.272  23.0112  23  22.9963  22.9039  24.5525  23.4074  23.0112  23  22.9963  22.904  0 24.4362  23.3968  23.0071  22.9887  23.0426  22.9532  0.164596  0.0208089  0.0123512  0.0209983  0.0375907  0.105613  
198  24.3173  23.272  23.0112  23  22.9963  22.9039  24.687  23.3887  23.0112  23  22.9963  22.904  0 24.8362  23.3914  23.0358  23.0304  23.0123  22.9739  0.185324  0.0205261  0.0123511  0.0209983  0.0375904  0.105614  
199  24.3173  23.272  23.0112  23  22.9963  22.9039  24.6585  23.3872  23.0112  23  22.9963  22.904  0 24.7254  23.3874  22.9921  23.0226  22.9267  22.9714  0.180718  0.0205041  0.0123511  0.0209983  0.0375904  0.105614  
200  24.3173  23.272  23.0112  23  22.9963  22.9039  24.5901  23.3983  23.0112  23  22.9963  22.904  0 24.8723  23.4168  23.0439  22.9922  22.9383  22.9129  0.170138  0.0206714  0.0123511  0.0209983  0.0375902  0.105613  
