1  23.2717  23.1134  23.0805  23  22.8575  22.6338  23.2732  23.1134  23.0805  23  22.8575  22.6338  0 23.2149  23.0987  23.0777  22.9817  22.8775  22.6544  0.0556266  0.0168685  0.0129989  0.0209983  0.0331003  0.0823649  
2  23.2717  23.1134  23.0805  23  22.8575  22.6338  23.2924  23.1134  23.0805  23  22.8575  22.6338  0 23.3066  23.1105  23.0706  22.9992  22.8467  22.5959  0.0564972  0.0168685  0.0129989  0.0209983  0.0331003  0.0823649  
3  23.2717  23.1134  23.0805  23  22.8575  22.6338  23.2896  23.1134  23.0805  23  22.8575  22.6338  0 23.2505  23.0897  23.0875  23.0205  22.8532  22.5556  0.0563692  0.0168685  0.0129989  0.0209983  0.0331003  0.0823649  
4  23.2717  23.1134  23.0805  23  22.8575  22.6338  23.2721  23.1134  23.0805  23  22.8575  22.6338  0 23.275  23.1032  23.0818  23.0015  22.8736  22.6062  0.0555792  0.0168685  0.0129989  0.0209983  0.0331003  0.0823649  
5  23.2717  23.1134  23.0805  23  22.8575  22.6338  23.2758  23.1134  23.0805  23  22.8575  22.6338  0 23.284  23.1064  23.0888  23.0027  22.8821  22.7025  0.055743  0.0168685  0.0129989  0.0209983  0.0331003  0.0823649  
6  23.2717  23.1134  23.0805  23  22.8575  22.6338  23.2735  23.1134  23.0805  23  22.8575  22.6338  0 23.2818  23.1116  23.0771  23.0223  22.8287  22.768  0.0556391  0.0168685  0.0129989  0.0209983  0.0331003  0.0823649  
7  23.2717  23.1134  23.0805  23  22.8575  22.6338  23.2732  23.1134  23.0805  23  22.8575  22.6338  0 23.158  23.1379  23.0757  23.0105  22.8779  22.6335  0.0556267  0.0168685  0.0129989  0.0209983  0.0331003  0.0823649  
8  23.2717  23.1134  23.0805  23  22.8575  22.6338  23.3109  23.1134  23.0805  23  22.8575  22.6338  0 23.4117  23.1145  23.0737  22.9938  22.8984  22.6838  0.0573467  0.0168685  0.0129989  0.0209983  0.0331003  0.0823648  
9  23.2717  23.1134  23.0805  23  22.8575  22.6338  23.2752  23.1134  23.0805  23  22.8575  22.6338  0 23.2122  23.1263  23.0869  23.0203  22.8336  22.7172  0.0557156  0.0168685  0.0129989  0.0209983  0.0331002  0.0823648  
10  23.2717  23.1134  23.0805  23  22.8575  22.6338  23.2734  23.1134  23.0805  23  22.8575  22.6338  0 23.2274  23.1191  23.0694  22.9843  22.8656  22.6563  0.0556334  0.0168685  0.0129989  0.0209983  0.0331002  0.0823649  
11  23.2717  23.1134  23.0805  23  22.8575  22.6338  23.2725  23.1134  23.0805  23  22.8575  22.6338  0 23.3479  23.121  23.0894  22.9729  22.8851  22.7707  0.0555931  0.0168685  0.0129989  0.0209983  0.0331003  0.0823649  
12  23.2717  23.1134  23.0805  23  22.8575  22.6338  23.2758  23.1134  23.0805  23  22.8575  22.6338  0 23.3949  23.1191  23.077  23.0032  22.8821  22.5375  0.0557457  0.0168685  0.0129989  0.0209983  0.0331003  0.0823648  
13  23.2717  23.1134  23.0805  23  22.8575  22.6338  23.2731  23.1134  23.0805  23  22.8575  22.6338  0 23.291  23.0775  23.0928  22.9928  22.8883  22.7228  0.0556214  0.0168685  0.0129989  0.0209983  0.0331002  0.0823649  
14  23.2717  23.1134  23.0805  23  22.8575  22.6338  23.2735  23.1134  23.0805  23  22.8575  22.6338  0 23.3413  23.098  23.0788  22.9896  22.8443  22.677  0.0556381  0.0168685  0.0129989  0.0209983  0.0331003  0.0823649  
15  23.2717  23.1134  23.0805  23  22.8575  22.6338  23.2734  23.1134  23.0805  23  22.8575  22.6338  0 23.3712  23.0917  23.0916  23.0255  22.8601  22.7663  0.0556355  0.0168685  0.0129989  0.0209983  0.0331003  0.0823649  
16  23.2717  23.1134  23.0805  23  22.8575  22.6338  23.2732  23.1134  23.0805  23  22.8575  22.6338  0 23.3966  23.1093  23.0972  23.0113  22.7714  22.6284  0.0556287  0.0168685  0.0129989  0.0209983  0.0331002  0.0823648  
17  23.2717  23.1134  23.0805  23  22.8575  22.6338  23.2723  23.1134  23.0805  23  22.8575  22.6338  0 23.2483  23.1356  23.0637  22.9702  22.8868  22.6707  0.0555865  0.0168685  0.0129989  0.0209983  0.0331002  0.0823648  
18  23.2717  23.1134  23.0805  23  22.8575  22.6338  23.2733  23.1134  23.0805  23  22.8575  22.6338  0 23.3484  23.1106  23.0603  23.0013  22.8294  22.6632  0.0556293  0.0168685  0.0129989  0.0209983  0.0331003  0.0823649  
19  23.2717  23.1134  23.0805  23  22.8575  22.6338  23.2781  23.1134  23.0805  23  22.8575  22.6338  0 23.379  23.1118  23.0949  23.0111  22.8453  22.5702  0.0558455  0.0168685  0.0129989  0.0209983  0.0331003  0.0823649  
20  23.2717  23.1134  23.0805  23  22.8575  22.6338  23.2738  23.1134  23.0805  23  22.8575  22.6338  0 23.2978  23.12  23.0704  22.9971  22.766  22.5177  0.0556532  0.0168685  0.0129989  0.0209983  0.0331002  0.0823648  
21  23.2717  23.1134  23.0805  23  22.8575  22.6338  23.2804  23.1134  23.0805  23  22.8575  22.6338  0 23.2485  23.1316  23.1006  23.0133  22.8537  22.7445  0.0559495  0.0168685  0.0129989  0.0209983  0.0331002  0.0823648  
22  23.2717  23.1134  23.0805  23  22.8575  22.6338  23.2779  23.1134  23.0805  23  22.8575  22.6338  0 23.2865  23.1218  23.0876  23.009  22.9084  22.5869  0.0558374  0.0168685  0.0129989  0.0209983  0.0331003  0.0823648  
23  23.2717  23.1134  23.0805  23  22.8575  22.6338  23.278  23.1134  23.0805  23  22.8575  22.6338  0 23.2498  23.1064  23.0908  22.9838  22.8524  22.7957  0.0558423  0.0168685  0.0129989  0.0209983  0.0331002  0.0823648  
24  23.2717  23.1134  23.0805  23  22.8575  22.6338  23.2718  23.1134  23.0805  23  22.8575  22.6338  0 23.2683  23.1013  23.0773  22.9812  22.8718  22.5792  0.0555647  0.0168685  0.0129989  0.0209983  0.0331002  0.0823649  
25  23.2717  23.1134  23.0805  23  22.8575  22.6338  23.2722  23.1134  23.0805  23  22.8575  22.6338  0 23.2838  23.1014  23.1102  22.9948  22.7988  22.6095  0.0555801  0.0168685  0.0129989  0.0209983  0.0331002  0.0823649  
26  23.2717  23.1134  23.0805  23  22.8575  22.6338  23.2723  23.1134  23.0805  23  22.8575  22.6338  0 23.2611  23.1109  23.0811  23.0302  22.8425  22.6244  0.0555842  0.0168685  0.0129989  0.0209983  0.0331002  0.0823648  
27  23.2717  23.1134  23.0805  23  22.8575  22.6338  23.2749  23.1134  23.0805  23  22.8575  22.6338  0 23.2959  23.151  23.0803  23.0267  22.8727  22.4961  0.0557022  0.0168685  0.0129989  0.0209983  0.0331003  0.0823648  
28  23.2717  23.1134  23.0805  23  22.8575  22.6338  23.2842  23.1134  23.0805  23  22.8575  22.6338  0 23.273  23.1236  23.0802  22.9583  22.8401  22.5942  0.0561226  0.0168685  0.0129989  0.0209983  0.0331003  0.0823648  
29  23.2717  23.1134  23.0805  23  22.8575  22.6338  23.2749  23.1134  23.0805  23  22.8575  22.6338  0 23.2673  23.1157  23.0815  23.0108  22.7903  22.6776  0.055702  0.0168685  0.0129989  0.0209983  0.0331003  0.0823649  
30  23.2717  23.1134  23.0805  23  22.8575  22.6338  23.283  23.1134  23.0805  23  22.8575  22.6338  0 23.3345  23.1101  23.0752  22.9738  22.8559  22.7132  0.0560667  0.0168685  0.0129989  0.0209983  0.0331003  0.0823649  
31  23.2717  23.1134  23.0805  23  22.8575  22.6338  23.278  23.1134  23.0805  23  22.8575  22.6338  0 23.2339  23.1049  23.0994  22.9874  22.9253  22.4502  0.0558436  0.0168685  0.0129989  0.0209983  0.0331002  0.0823648  
32  23.2717  23.1134  23.0805  23  22.8575  22.6338  23.2828  23.1134  23.0805  23  22.8575  22.6338  0 23.292  23.0841  23.0892  22.9826  22.8104  22.6252  0.0560575  0.0168685  0.0129989  0.0209983  0.0331003  0.0823649  
33  23.2717  23.1134  23.0805  23  22.8575  22.6338  23.2777  23.1134  23.0805  23  22.8575  22.6338  0 23.2735  23.1288  23.0806  23.0667  22.9115  22.7386  0.0558291  0.0168685  0.0129989  0.0209983  0.0331003  0.0823649  
34  23.2717  23.1134  23.0805  23  22.8575  22.6338  23.2785  23.1134  23.0805  23  22.8575  22.6338  0 23.2096  23.1088  23.0696  22.9884  22.8647  22.7645  0.0558638  0.0168685  0.0129989  0.0209983  0.0331002  0.0823648  
35  23.2717  23.1134  23.0805  23  22.8575  22.6338  23.2744  23.1134  23.0805  23  22.8575  22.6338  0 23.3207  23.1025  23.0686  22.9848  22.8407  22.4772  0.0556822  0.0168685  0.0129989  0.0209983  0.0331002  0.0823649  
36  23.2717  23.1134  23.0805  23  22.8575  22.6338  23.2799  23.1134  23.0805  23  22.8575  22.6338  0 23.3025  23.0957  23.0632  22.9771  22.8942  22.7658  0.0559289  0.0168685  0.0129989  0.0209983  0.0331003  0.0823648  
37  23.2717  23.1134  23.0805  23  22.8575  22.6338  23.2745  23.1134  23.0805  23  22.8575  22.6338  0 23.3364  23.115  23.0845  22.9651  22.8556  22.5689  0.0556857  0.0168685  0.0129989  0.0209983  0.0331003  0.0823648  
38  23.2717  23.1134  23.0805  23  22.8575  22.6338  23.2735  23.1134  23.0805  23  22.8575  22.6338  0 23.3356  23.116  23.0852  23.0127  22.8715  22.5662  0.0556403  0.0168685  0.0129989  0.0209983  0.0331002  0.0823648  
39  23.2717  23.1134  23.0805  23  22.8575  22.6338  23.274  23.1134  23.0805  23  22.8575  22.6338  0 23.1918  23.116  23.0726  23.0527  22.7886  22.7639  0.0556619  0.0168685  0.0129989  0.0209983  0.0331003  0.0823649  
40  23.2717  23.1134  23.0805  23  22.8575  22.6338  23.2821  23.1134  23.0805  23  22.8575  22.6338  0 23.3585  23.12  23.0714  23.0141  22.8935  22.6403  0.0560269  0.0168685  0.0129989  0.0209983  0.0331003  0.0823649  
41  23.2717  23.1134  23.0805  23  22.8575  22.6338  23.2858  23.1134  23.0805  23  22.8575  22.6338  0 23.2249  23.1089  23.0557  23.0304  22.7826  22.6897  0.0561938  0.0168685  0.0129989  0.0209983  0.0331003  0.0823649  
42  23.2717  23.1134  23.0805  23  22.8575  22.6338  23.3029  23.1134  23.0805  23  22.8575  22.6338  0 23.3193  23.1059  23.0777  22.989  22.8984  22.6264  0.0569802  0.0168685  0.0129989  0.0209983  0.0331003  0.0823649  
43  23.2717  23.1134  23.0805  23  22.8575  22.6338  23.2748  23.1134  23.0805  23  22.8575  22.6338  0 23.1759  23.0957  23.1027  23.0171  22.8794  22.5742  0.0556992  0.0168685  0.0129989  0.0209983  0.0331003  0.0823649  
44  23.2717  23.1134  23.0805  23  22.8575  22.6338  23.2758  23.1134  23.0805  23  22.8575  22.6338  0 23.2994  23.1175  23.0736  23.022  22.8738  22.5769  0.0557456  0.0168685  0.0129989  0.0209983  0.0331003  0.0823649  
45  23.2717  23.1134  23.0805  23  22.8575  22.6338  23.2721  23.1134  23.0805  23  22.8575  22.6338  0 23.3741  23.1132  23.0873  23.0248  22.8544  22.5839  0.0555759  0.0168685  0.0129989  0.0209983  0.0331003  0.0823649  
46  23.2717  23.1134  23.0805  23  22.8575  22.6338  23.2742  23.1134  23.0805  23  22.8575  22.6338  0 23.244  23.0896  23.0571  22.9592  22.8272  22.5407  0.0556733  0.0168685  0.0129989  0.0209983  0.0331003  0.0823649  
47  23.2717  23.1134  23.0805  23  22.8575  22.6338  23.2761  23.1134  23.0805  23  22.8575  22.6338  0 23.4109  23.1211  23.0731  23.0065  22.8022  22.6247  0.0557588  0.0168685  0.0129989  0.0209983  0.0331003  0.0823649  
48  23.2717  23.1134  23.0805  23  22.8575  22.6338  23.2734  23.1134  23.0805  23  22.8575  22.6338  0 23.2822  23.1097  23.093  22.9974  22.834  22.8038  0.0556348  0.0168685  0.0129989  0.0209983  0.0331003  0.0823649  
49  23.2717  23.1134  23.0805  23  22.8575  22.6338  23.2725  23.1134  23.0805  23  22.8575  22.6338  0 23.2805  23.1001  23.0955  22.9938  22.8874  22.5914  0.0555952  0.0168685  0.0129989  0.0209983  0.0331002  0.0823648  
50  23.2717  23.1134  23.0805  23  22.8575  22.6338  23.2723  23.1134  23.0805  23  22.8575  22.6338  0 23.2564  23.1027  23.055  22.9519  22.8543  22.6375  0.0555884  0.0168685  0.0129989  0.0209983  0.0331002  0.0823649  
51  23.2717  23.1134  23.0805  23  22.8575  22.6338  23.2788  23.1134  23.0805  23  22.8575  22.6338  0 23.269  23.1168  23.0702  22.986  22.8698  22.6852  0.0558801  0.0168685  0.0129989  0.0209983  0.0331003  0.0823649  
52  23.2717  23.1134  23.0805  23  22.8575  22.6338  23.3073  23.1134  23.0805  23  22.8575  22.6338  0 23.3204  23.1043  23.0837  22.9919  22.8081  22.5771  0.0571808  0.0168685  0.0129989  0.0209983  0.0331003  0.0823648  
53  23.2717  23.1134  23.0805  23  22.8575  22.6338  23.3099  23.1134  23.0805  23  22.8575  22.6338  0 23.204  23.1163  23.1017  22.9849  22.881  22.5581  0.057304  0.0168685  0.0129989  0.0209983  0.0331003  0.0823648  
54  23.2717  23.1134  23.0805  23  22.8575  22.6338  23.2735  23.1134  23.0805  23  22.8575  22.6338  0 23.1837  23.0862  23.0815  23.017  22.9447  22.6932  0.0556386  0.0168685  0.0129989  0.0209983  0.0331003  0.0823649  
55  23.2717  23.1134  23.0805  23  22.8575  22.6338  23.2745  23.1134  23.0805  23  22.8575  22.6338  0 23.3132  23.0969  23.0821  22.9874  22.8505  22.5761  0.0556869  0.0168685  0.0129989  0.0209983  0.0331003  0.0823649  
56  23.2717  23.1134  23.0805  23  22.8575  22.6338  23.2819  23.1134  23.0805  23  22.8575  22.6338  0 23.2634  23.1395  23.0799  22.9953  22.8767  22.5203  0.0560183  0.0168685  0.0129989  0.0209983  0.0331003  0.0823648  
57  23.2717  23.1134  23.0805  23  22.8575  22.6338  23.2753  23.1134  23.0805  23  22.8575  22.6338  0 23.2625  23.117  23.0998  23.0119  22.8668  22.5887  0.0557231  0.0168685  0.0129989  0.0209983  0.0331003  0.0823649  
58  23.2717  23.1134  23.0805  23  22.8575  22.6338  23.2772  23.1134  23.0805  23  22.8575  22.6338  0 23.203  23.1551  23.0824  23.0014  22.8463  22.6364  0.0558044  0.0168685  0.0129989  0.0209983  0.0331003  0.0823649  
59  23.2717  23.1134  23.0805  23  22.8575  22.6338  23.276  23.1134  23.0805  23  22.8575  22.6338  0 23.1879  23.0983  23.096  22.9756  22.8782  22.6533  0.0557519  0.0168685  0.0129989  0.0209983  0.0331003  0.0823648  
60  23.2717  23.1134  23.0805  23  22.8575  22.6338  23.273  23.1134  23.0805  23  22.8575  22.6338  0 23.1179  23.1326  23.0859  23.0115  22.8337  22.6469  0.0556163  0.0168685  0.0129989  0.0209983  0.0331002  0.0823648  
61  23.2717  23.1134  23.0805  23  22.8575  22.6338  23.2996  23.1134  23.0805  23  22.8575  22.6338  0 23.2801  23.0883  23.0723  23.0319  22.829  22.5933  0.0568274  0.0168685  0.0129989  0.0209983  0.0331003  0.0823649  
62  23.2717  23.1134  23.0805  23  22.8575  22.6338  23.2733  23.1134  23.0805  23  22.8575  22.6338  0 23.2811  23.1114  23.0967  22.9921  22.7937  22.7452  0.0556303  0.0168685  0.0129989  0.0209983  0.0331003  0.0823649  
63  23.2717  23.1134  23.0805  23  22.8575  22.6338  23.2824  23.1134  23.0805  23  22.8575  22.6338  0 23.2174  23.0831  23.0727  22.985  22.8233  22.5549  0.0560397  0.0168685  0.0129989  0.0209983  0.0331003  0.0823648  
64  23.2717  23.1134  23.0805  23  22.8575  22.6338  23.2863  23.1134  23.0805  23  22.8575  22.6338  0 23.3368  23.109  23.0996  23.0155  22.9479  22.6167  0.0562165  0.0168685  0.0129989  0.0209983  0.0331003  0.0823649  
65  23.2717  23.1134  23.0805  23  22.8575  22.6338  23.3006  23.1134  23.0805  23  22.8575  22.6338  0 23.3332  23.1255  23.0831  22.9878  22.835  22.6209  0.0568736  0.0168685  0.0129989  0.0209983  0.0331003  0.0823648  
66  23.2717  23.1134  23.0805  23  22.8575  22.6338  23.2753  23.1134  23.0805  23  22.8575  22.6338  0 23.2741  23.144  23.0926  23.0354  22.8538  22.5563  0.0557229  0.0168685  0.0129989  0.0209983  0.0331002  0.0823649  
67  23.2717  23.1134  23.0805  23  22.8575  22.6338  23.295  23.1134  23.0805  23  22.8575  22.6338  0 23.2882  23.1031  23.0686  23.0401  22.8744  22.6799  0.0566136  0.0168685  0.0129989  0.0209983  0.0331003  0.0823649  
68  23.2717  23.1134  23.0805  23  22.8575  22.6338  23.272  23.1134  23.0805  23  22.8575  22.6338  0 23.3182  23.0985  23.0819  23.0029  22.8807  22.651  0.0555742  0.0168685  0.0129989  0.0209983  0.0331003  0.0823649  
69  23.2717  23.1134  23.0805  23  22.8575  22.6338  23.2763  23.1134  23.0805  23  22.8575  22.6338  0 23.385  23.1139  23.0827  23.0185  22.8778  22.6072  0.0557664  0.0168685  0.0129989  0.0209983  0.0331003  0.0823648  
70  23.2717  23.1134  23.0805  23  22.8575  22.6338  23.2721  23.1134  23.0805  23  22.8575  22.6338  0 23.2448  23.1473  23.0552  23.0114  22.8147  22.7672  0.0555781  0.0168685  0.0129989  0.0209983  0.0331003  0.0823649  
71  23.2717  23.1134  23.0805  23  22.8575  22.6338  23.2759  23.1134  23.0805  23  22.8575  22.6338  0 23.2286  23.1037  23.0677  23.0206  22.8146  22.6617  0.0557489  0.0168685  0.0129989  0.0209983  0.0331003  0.0823649  
72  23.2717  23.1134  23.0805  23  22.8575  22.6338  23.2774  23.1134  23.0805  23  22.8575  22.6338  0 23.3341  23.1156  23.0792  22.9797  22.8941  22.769  0.0558163  0.0168685  0.0129989  0.0209983  0.0331003  0.0823649  
73  23.2717  23.1134  23.0805  23  22.8575  22.6338  23.2765  23.1134  23.0805  23  22.8575  22.6338  0 23.2643  23.1069  23.0612  23.0085  22.8489  22.6892  0.0557734  0.0168685  0.0129989  0.0209983  0.0331002  0.0823648  
74  23.2717  23.1134  23.0805  23  22.8575  22.6338  23.2763  23.1134  23.0805  23  22.8575  22.6338  0 23.2388  23.0702  23.0753  23.0229  22.8284  22.6178  0.0557677  0.0168685  0.0129989  0.0209983  0.0331003  0.0823649  
75  23.2717  23.1134  23.0805  23  22.8575  22.6338  23.2736  23.1134  23.0805  23  22.8575  22.6338  0 23.2355  23.0941  23.1025  22.9977  22.8717  22.6992  0.0556435  0.0168685  0.0129989  0.0209983  0.0331003  0.0823649  
76  23.2717  23.1134  23.0805  23  22.8575  22.6338  23.2802  23.1134  23.0805  23  22.8575  22.6338  0 23.29  23.0793  23.0948  23.0016  22.8955  22.5502  0.0559424  0.0168685  0.0129989  0.0209983  0.0331003  0.0823649  
77  23.2717  23.1134  23.0805  23  22.8575  22.6338  23.2742  23.1134  23.0805  23  22.8575  22.6338  0 23.303  23.1226  23.0825  22.9899  22.8498  22.5534  0.055671  0.0168685  0.0129989  0.0209983  0.0331003  0.0823649  
78  23.2717  23.1134  23.0805  23  22.8575  22.6338  23.2721  23.1134  23.0805  23  22.8575  22.6338  0 23.2867  23.1032  23.0621  23.0017  22.8632  22.5225  0.0555766  0.0168685  0.0129989  0.0209983  0.0331003  0.0823649  
79  23.2717  23.1134  23.0805  23  22.8575  22.6338  23.299  23.1134  23.0805  23  22.8575  22.6338  0 23.2847  23.092  23.0717  22.9688  22.8995  22.5163  0.0568007  0.0168685  0.0129989  0.0209983  0.0331003  0.0823648  
80  23.2717  23.1134  23.0805  23  22.8575  22.6338  23.2764  23.1134  23.0805  23  22.8575  22.6338  0 23.2869  23.1037  23.06  23.0022  22.8313  22.5816  0.0557696  0.0168685  0.0129989  0.0209983  0.0331003  0.0823649  
81  23.2717  23.1134  23.0805  23  22.8575  22.6338  23.2785  23.1134  23.0805  23  22.8575  22.6338  0 23.3436  23.1146  23.075  22.9788  22.8657  22.6356  0.0558649  0.0168685  0.0129989  0.0209983  0.0331003  0.0823649  
82  23.2717  23.1134  23.0805  23  22.8575  22.6338  23.2741  23.1134  23.0805  23  22.8575  22.6338  0 23.2301  23.1056  23.068  22.9574  22.8571  22.7446  0.0556656  0.0168685  0.0129989  0.0209983  0.0331003  0.0823649  
83  23.2717  23.1134  23.0805  23  22.8575  22.6338  23.2729  23.1134  23.0805  23  22.8575  22.6338  0 23.3392  23.1218  23.071  22.9962  22.8966  22.57  0.0556112  0.0168685  0.0129989  0.0209983  0.0331003  0.0823649  
84  23.2717  23.1134  23.0805  23  22.8575  22.6338  23.2953  23.1134  23.0805  23  22.8575  22.6338  0 23.2934  23.1409  23.0872  22.9716  22.8318  22.6426  0.0566281  0.0168685  0.0129989  0.0209983  0.0331003  0.0823648  
85  23.2717  23.1134  23.0805  23  22.8575  22.6338  23.2791  23.1134  23.0805  23  22.8575  22.6338  0 23.1917  23.126  23.0727  22.9921  22.8311  22.6737  0.0558917  0.0168685  0.0129989  0.0209983  0.0331003  0.0823648  
86  23.2717  23.1134  23.0805  23  22.8575  22.6338  23.2748  23.1134  23.0805  23  22.8575  22.6338  0 23.2627  23.1205  23.0864  23.0092  22.9047  22.6689  0.0556975  0.0168685  0.0129989  0.0209983  0.0331003  0.0823649  
87  23.2717  23.1134  23.0805  23  22.8575  22.6338  23.2729  23.1134  23.0805  23  22.8575  22.6338  0 23.2254  23.1295  23.0871  22.9793  22.8052  22.7324  0.0556122  0.0168685  0.0129989  0.0209983  0.0331002  0.0823648  
88  23.2717  23.1134  23.0805  23  22.8575  22.6338  23.272  23.1134  23.0805  23  22.8575  22.6338  0 23.3263  23.0917  23.0625  23.0247  22.9026  22.7051  0.0555733  0.0168685  0.0129989  0.0209983  0.0331002  0.0823649  
89  23.2717  23.1134  23.0805  23  22.8575  22.6338  23.2748  23.1134  23.0805  23  22.8575  22.6338  0 23.3307  23.1239  23.0583  23.0449  22.8708  22.5607  0.0556983  0.0168685  0.0129989  0.0209983  0.0331003  0.0823649  
90  23.2717  23.1134  23.0805  23  22.8575  22.6338  23.2756  23.1134  23.0805  23  22.8575  22.6338  0 23.2546  23.1367  23.1025  23.0243  22.8456  22.596  0.0557358  0.0168685  0.0129989  0.0209983  0.0331002  0.0823648  
91  23.2717  23.1134  23.0805  23  22.8575  22.6338  23.2737  23.1134  23.0805  23  22.8575  22.6338  0 23.3016  23.1359  23.094  23.0048  22.8798  22.611  0.0556512  0.0168685  0.0129989  0.0209983  0.0331002  0.0823649  
92  23.2717  23.1134  23.0805  23  22.8575  22.6338  23.2867  23.1134  23.0805  23  22.8575  22.6338  0 23.2016  23.0856  23.0866  23.0305  22.8573  22.6309  0.0562377  0.0168685  0.0129989  0.0209983  0.0331003  0.0823649  
93  23.2717  23.1134  23.0805  23  22.8575  22.6338  23.2717  23.1134  23.0805  23  22.8575  22.6338  0 23.3127  23.0979  23.0883  22.9616  22.8473  22.5615  0.0555591  0.0168685  0.0129989  0.0209983  0.0331002  0.0823649  
94  23.2717  23.1134  23.0805  23  22.8575  22.6338  23.2755  23.1134  23.0805  23  22.8575  22.6338  0 23.2288  23.1392  23.077  22.943  22.8568  22.5293  0.0557299  0.0168685  0.0129989  0.0209983  0.0331003  0.0823649  
95  23.2717  23.1134  23.0805  23  22.8575  22.6338  23.2751  23.1134  23.0805  23  22.8575  22.6338  0 23.2991  23.1117  23.1009  22.9988  22.9303  22.5076  0.0557106  0.0168685  0.0129989  0.0209983  0.0331002  0.0823648  
96  23.2717  23.1134  23.0805  23  22.8575  22.6338  23.295  23.1134  23.0805  23  22.8575  22.6338  0 23.2489  23.1411  23.0617  23.0296  22.8502  22.5869  0.0566154  0.0168685  0.0129989  0.0209983  0.0331003  0.0823649  
97  23.2717  23.1134  23.0805  23  22.8575  22.6338  23.2737  23.1134  23.0805  23  22.8575  22.6338  0 23.204  23.0867  23.0825  22.9773  22.8937  22.6736  0.055651  0.0168685  0.0129989  0.0209983  0.0331002  0.0823649  
98  23.2717  23.1134  23.0805  23  22.8575  22.6338  23.2733  23.1134  23.0805  23  22.8575  22.6338  0 23.2718  23.1027  23.0599  22.9791  22.8616  22.5816  0.0556307  0.0168685  0.0129989  0.0209983  0.0331002  0.0823649  
99  23.2717  23.1134  23.0805  23  22.8575  22.6338  23.2738  23.1134  23.0805  23  22.8575  22.6338  0 23.2999  23.1183  23.0656  22.9924  22.8367  22.703  0.0556528  0.0168685  0.0129989  0.0209983  0.0331003  0.0823649  
100  23.2717  23.1134  23.0805  23  22.8575  22.6338  23.2872  23.1134  23.0805  23  22.8575  22.6338  0 23.2206  23.1214  23.0786  22.9799  22.84  22.7597  0.0562595  0.0168685  0.0129989  0.0209983  0.0331003  0.0823649  
