1  23.3863  23.1161  23.1021  23  22.9801  22.8638  23.4494  23.1161  23.1021  23  22.9801  22.8638  0 23.3824  23.1014  23.0993  22.9817  23.0025  22.8892  0.0642033  0.0169006  0.0132098  0.0209983  0.0370369  0.101779  
2  23.3863  23.1161  23.1021  23  22.9801  22.8638  23.4428  23.1161  23.1021  23  22.9801  22.8638  0 23.4588  23.1132  23.092  22.9992  22.968  22.8171  0.0638574  0.0169006  0.0132098  0.0209983  0.0370363  0.101779  
3  23.3863  23.1161  23.1021  23  22.9801  22.8638  23.4176  23.1161  23.1021  23  22.9801  22.8638  0 23.3742  23.0924  23.1093  23.0205  22.9753  22.7679  0.0625509  0.0169006  0.0132098  0.0209983  0.0370364  0.101779  
4  23.3863  23.1161  23.1021  23  22.9801  22.8638  23.5451  23.1161  23.1021  23  22.9801  22.8638  0 23.5486  23.1059  23.1034  23.0015  22.9982  22.8297  0.0694735  0.0169006  0.0132098  0.0209983  0.0370364  0.101778  
5  23.3863  23.1161  23.1021  23  22.9801  22.8638  23.4834  23.1161  23.1021  23  22.9801  22.8638  0 23.4932  23.1091  23.1106  23.0027  23.0077  22.9493  0.0660247  0.0169006  0.0132098  0.0209983  0.0370367  0.101778  
6  23.3863  23.1161  23.1021  23  22.9801  22.8638  23.4825  23.1161  23.1021  23  22.9801  22.8638  0 23.4924  23.1143  23.0987  23.0223  22.9479  23.0322  0.0659761  0.0169006  0.0132098  0.0209983  0.0370366  0.101778  
7  23.3863  23.1161  23.1021  23  22.9801  22.8638  23.4993  23.1161  23.1021  23  22.9801  22.8638  0 23.3622  23.1407  23.0973  23.0105  23.003  22.8634  0.0668928  0.0169006  0.0132098  0.0209983  0.0370365  0.101778  
8  23.3863  23.1161  23.1021  23  22.9801  22.8638  23.4543  23.1161  23.1021  23  22.9801  22.8638  0 23.5683  23.1172  23.0952  22.9938  23.026  22.9259  0.0644645  0.0169006  0.0132098  0.0209983  0.0370367  0.101778  
9  23.3863  23.1161  23.1021  23  22.9801  22.8638  23.4736  23.1161  23.1021  23  22.9801  22.8638  0 23.3999  23.1291  23.1086  23.0203  22.9534  22.9678  0.0654943  0.0169006  0.0132098  0.0209983  0.0370364  0.101778  
10  23.3863  23.1161  23.1021  23  22.9801  22.8638  23.4194  23.1161  23.1021  23  22.9801  22.8638  0 23.3678  23.1218  23.0909  22.9843  22.9892  22.8916  0.0626435  0.0169006  0.0132098  0.0209983  0.0370364  0.101779  
11  23.3863  23.1161  23.1021  23  22.9801  22.8638  23.4888  23.1161  23.1021  23  22.9801  22.8638  0 23.5794  23.1238  23.1112  22.9729  23.011  23.0356  0.066316  0.0169006  0.0132098  0.0209983  0.0370366  0.101778  
12  23.3863  23.1161  23.1021  23  22.9801  22.8638  23.4427  23.1161  23.1021  23  22.9801  22.8638  0 23.5802  23.1218  23.0986  23.0032  23.0077  22.7459  0.0638526  0.0169006  0.0132098  0.0209983  0.0370364  0.101778  
13  23.3863  23.1161  23.1021  23  22.9801  22.8638  23.4311  23.1161  23.1021  23  22.9801  22.8638  0 23.4515  23.0801  23.1146  22.9928  23.0146  22.9748  0.0632492  0.0169006  0.0132098  0.0209983  0.0370365  0.101779  
14  23.3863  23.1161  23.1021  23  22.9801  22.8638  23.4612  23.1161  23.1021  23  22.9801  22.8638  0 23.5407  23.1007  23.1004  22.9896  22.9654  22.9174  0.0648292  0.0169006  0.0132098  0.0209983  0.0370367  0.101778  
15  23.3863  23.1161  23.1021  23  22.9801  22.8638  23.4461  23.1161  23.1021  23  22.9801  22.8638  0 23.5594  23.0944  23.1134  23.0255  22.983  23.0299  0.0640316  0.0169006  0.0132098  0.0209983  0.0370367  0.101778  
16  23.3863  23.1161  23.1021  23  22.9801  22.8638  23.4232  23.1161  23.1021  23  22.9801  22.8638  0 23.5636  23.112  23.1191  23.0113  22.8842  22.8571  0.0628387  0.0169006  0.0132098  0.0209983  0.0370365  0.101779  
17  23.3863  23.1161  23.1021  23  22.9801  22.8638  23.4603  23.1161  23.1021  23  22.9801  22.8638  0 23.4324  23.1383  23.0851  22.9702  23.013  22.9096  0.0647828  0.0169006  0.0132098  0.0209983  0.0370367  0.101778  
18  23.3863  23.1161  23.1021  23  22.9801  22.8638  23.4574  23.1161  23.1021  23  22.9801  22.8638  0 23.5452  23.1133  23.0816  23.0013  22.9487  22.9003  0.0646273  0.0169006  0.0132098  0.0209983  0.0370368  0.101778  
19  23.3863  23.1161  23.1021  23  22.9801  22.8638  23.447  23.1161  23.1021  23  22.9801  22.8638  0 23.5637  23.1145  23.1167  23.0111  22.9665  22.7857  0.0640791  0.0169006  0.0132098  0.0209983  0.0370365  0.101778  
20  23.3863  23.1161  23.1021  23  22.9801  22.8638  23.4927  23.1161  23.1021  23  22.9802  22.8638  0 23.5215  23.1228  23.0918  22.9971  22.8782  22.722  0.0665322  0.0169006  0.0132098  0.0209983  0.0370374  0.101778  
21  23.3863  23.1161  23.1021  23  22.9801  22.8638  23.5101  23.1161  23.1021  23  22.9802  22.8638  0 23.4717  23.1344  23.1226  23.0133  22.9759  23.0022  0.0674941  0.0169006  0.0132098  0.0209983  0.0370373  0.101778  
22  23.3863  23.1161  23.1021  23  22.9801  22.8638  23.483  23.1161  23.1021  23  22.9801  22.8638  0 23.4932  23.1245  23.1093  23.009  23.0372  22.8061  0.0660037  0.0169006  0.0132098  0.0209983  0.0370364  0.101778  
23  23.3863  23.1161  23.1021  23  22.9801  22.8638  23.5053  23.1161  23.1021  23  22.9801  22.8638  0 23.4714  23.1091  23.1126  22.9838  22.9744  23.0676  0.0672247  0.0169006  0.0132098  0.0209983  0.0370366  0.101778  
24  23.3863  23.1161  23.1021  23  22.9801  22.8638  23.4376  23.1161  23.1021  23  22.9801  22.8638  0 23.4335  23.104  23.0989  22.9812  22.9961  22.7967  0.0635857  0.0169006  0.0132098  0.0209983  0.0370363  0.101778  
25  23.3863  23.1161  23.1021  23  22.9801  22.8638  23.535  23.1161  23.1021  23  22.9801  22.8638  0 23.5494  23.1041  23.1323  22.9948  22.9147  22.8338  0.0688924  0.0169006  0.0132098  0.0209983  0.0370369  0.101778  
26  23.3863  23.1161  23.1021  23  22.9801  22.8638  23.5181  23.1161  23.1021  23  22.9801  22.8638  0 23.5045  23.1136  23.1028  23.0302  22.9634  22.8521  0.0679377  0.0169006  0.0132098  0.0209983  0.0370363  0.101778  
27  23.3863  23.1161  23.1021  23  22.9801  22.8638  23.4332  23.1161  23.1021  23  22.9801  22.8638  0 23.4572  23.1538  23.1019  23.0267  22.9972  22.696  0.0633588  0.0169006  0.0132098  0.0209983  0.0370364  0.101779  
28  23.3863  23.1161  23.1021  23  22.9801  22.8638  23.4547  23.1161  23.1021  23  22.9801  22.8638  0 23.4419  23.1264  23.1018  22.9583  22.9606  22.815  0.0644854  0.0169006  0.0132098  0.0209983  0.0370366  0.101778  
29  23.3863  23.1161  23.1021  23  22.9801  22.8638  23.4273  23.1161  23.1021  23  22.9801  22.8638  0 23.4188  23.1184  23.1031  23.0108  22.9052  22.9181  0.0630515  0.0169006  0.0132098  0.0209983  0.0370365  0.101779  
30  23.3863  23.1161  23.1021  23  22.9801  22.8638  23.4409  23.1161  23.1021  23  22.9801  22.8638  0 23.4996  23.1128  23.0967  22.9738  22.9783  22.9628  0.0637559  0.0169006  0.0132098  0.0209983  0.0370364  0.101779  
31  23.3863  23.1161  23.1021  23  22.9801  22.8638  23.4661  23.1161  23.1021  23  22.9801  22.8638  0 23.4149  23.1076  23.1214  22.9874  23.0563  22.6411  0.0650916  0.0169006  0.0132098  0.0209983  0.0370365  0.101778  
32  23.3863  23.1161  23.1021  23  22.9801  22.8638  23.4434  23.1161  23.1021  23  22.9801  22.8638  0 23.454  23.0868  23.111  22.9826  22.9276  22.8531  0.0638916  0.0169006  0.0132098  0.0209983  0.0370368  0.101779  
33  23.3863  23.1161  23.1021  23  22.9801  22.8638  23.4726  23.1161  23.1021  23  22.9801  22.8638  0 23.4677  23.1315  23.1022  23.0667  23.0407  22.9948  0.0654377  0.0169006  0.0132098  0.0209983  0.0370364  0.101778  
34  23.3863  23.1161  23.1021  23  22.9801  22.8638  23.4099  23.1161  23.1021  23  22.9801  22.8638  0 23.3335  23.1115  23.0911  22.9884  22.9882  23.0277  0.0621621  0.0169006  0.0132098  0.0209983  0.0370363  0.101779  
35  23.3863  23.1161  23.1021  23  22.9801  22.8638  23.4883  23.1161  23.1021  23  22.9802  22.8638  0 23.5437  23.1052  23.09  22.9848  22.9613  22.6733  0.0662929  0.0169006  0.0132098  0.0209983  0.0370372  0.101778  
36  23.3863  23.1161  23.1021  23  22.9801  22.8638  23.4232  23.1161  23.1021  23  22.9801  22.8638  0 23.4486  23.0984  23.0846  22.9771  23.0213  23.0294  0.0628389  0.0169006  0.0132098  0.0209983  0.0370365  0.101779  
37  23.3863  23.1161  23.1021  23  22.9801  22.8638  23.4162  23.1161  23.1021  23  22.9801  22.8638  0 23.4859  23.1177  23.1062  22.9651  22.978  22.7841  0.0624837  0.0169006  0.0132098  0.0209983  0.0370364  0.101779  
38  23.3863  23.1161  23.1021  23  22.9801  22.8638  23.4211  23.1161  23.1021  23  22.9801  22.8638  0 23.4913  23.1188  23.1069  23.0127  22.9958  22.7808  0.0627317  0.0169006  0.0132098  0.0209983  0.0370366  0.101779  
39  23.3863  23.1161  23.1021  23  22.9801  22.8638  23.4408  23.1161  23.1021  23  22.9801  22.8638  0 23.3472  23.1187  23.0941  23.0527  22.9033  23.0269  0.0637539  0.0169006  0.0132098  0.0209983  0.0370364  0.101778  
40  23.3863  23.1161  23.1021  23  22.9801  22.8638  23.4909  23.1161  23.1021  23  22.9801  22.8638  0 23.5822  23.1227  23.0929  23.0141  23.0205  22.8717  0.0664349  0.0169006  0.0132098  0.0209983  0.037037  0.101778  
41  23.3863  23.1161  23.1021  23  22.9801  22.8638  23.4291  23.1161  23.1021  23  22.9801  22.8638  0 23.3609  23.1117  23.0769  23.0304  22.8966  22.9332  0.0631426  0.0169006  0.0132098  0.0209983  0.0370366  0.101779  
42  23.3863  23.1161  23.1021  23  22.9801  22.8638  23.4589  23.1161  23.1021  23  22.9801  22.8638  0 23.4775  23.1086  23.0993  22.989  23.026  22.8546  0.0647067  0.0169006  0.0132098  0.0209983  0.0370365  0.101779  
43  23.3863  23.1161  23.1021  23  22.9801  22.8638  23.5035  23.1161  23.1021  23  22.9801  22.8638  0 23.3854  23.0984  23.1247  23.0171  23.0047  22.7906  0.0671268  0.0169006  0.0132098  0.0209983  0.0370367  0.101778  
44  23.3863  23.1161  23.1021  23  22.9801  22.8638  23.4413  23.1161  23.1021  23  22.9801  22.8638  0 23.4684  23.1203  23.0952  23.022  22.9984  22.7938  0.0637803  0.0169006  0.0132098  0.0209983  0.0370368  0.101779  
45  23.3863  23.1161  23.1021  23  22.9801  22.8638  23.4956  23.1161  23.1021  23  22.9801  22.8638  0 23.6192  23.1159  23.109  23.0248  22.9767  22.8025  0.0666898  0.0169006  0.0132098  0.0209983  0.0370366  0.101778  
46  23.3863  23.1161  23.1021  23  22.9801  22.8638  23.4564  23.1161  23.1021  23  22.9801  22.8638  0 23.4213  23.0923  23.0784  22.9592  22.9463  22.7498  0.0645721  0.0169006  0.0132098  0.0209983  0.0370365  0.101778  
47  23.3863  23.1161  23.1021  23  22.9801  22.8638  23.4396  23.1161  23.1021  23  22.9801  22.8638  0 23.595  23.1238  23.0947  23.0065  22.9184  22.8525  0.0636917  0.0169006  0.0132098  0.0209983  0.0370367  0.101779  
48  23.3863  23.1161  23.1021  23  22.9801  22.8638  23.4567  23.1161  23.1021  23  22.9801  22.8638  0 23.4669  23.1124  23.1149  22.9974  22.9539  23.078  0.0645919  0.0169006  0.0132098  0.0209983  0.0370368  0.101778  
49  23.3863  23.1161  23.1021  23  22.9801  22.8638  23.4451  23.1161  23.1021  23  22.9801  22.8638  0 23.4543  23.1028  23.1173  22.9938  23.0136  22.8116  0.0639797  0.0169006  0.0132098  0.0209983  0.0370367  0.101779  
50  23.3863  23.1161  23.1021  23  22.9801  22.8638  23.4305  23.1161  23.1021  23  22.9801  22.8638  0 23.4124  23.1054  23.0762  22.9519  22.9765  22.8684  0.0632164  0.0169006  0.0132098  0.0209983  0.0370364  0.101779  
51  23.3863  23.1161  23.1021  23  22.9801  22.8638  23.4505  23.1161  23.1021  23  22.9801  22.8638  0 23.4392  23.1195  23.0917  22.986  22.9939  22.9276  0.0642645  0.0169006  0.0132098  0.0209983  0.0370363  0.101778  
52  23.3863  23.1161  23.1021  23  22.9801  22.8638  23.4538  23.1161  23.1021  23  22.9801  22.8638  0 23.4685  23.107  23.1054  22.9919  22.925  22.7941  0.0644349  0.0169006  0.0132098  0.0209983  0.0370365  0.101778  
53  23.3863  23.1161  23.1021  23  22.9801  22.8638  23.4432  23.1161  23.1021  23  22.9801  22.8638  0 23.3257  23.1191  23.1237  22.9849  23.0065  22.7709  0.0638793  0.0169006  0.0132098  0.0209983  0.0370364  0.101778  
54  23.3863  23.1161  23.1021  23  22.9801  22.8638  23.4342  23.1161  23.1021  23  22.9801  22.8638  0 23.3326  23.0889  23.1032  23.017  23.0782  22.9377  0.0634114  0.0169006  0.0132098  0.0209983  0.0370366  0.101779  
55  23.3863  23.1161  23.1021  23  22.9801  22.8638  23.4623  23.1161  23.1021  23  22.9802  22.8638  0 23.5075  23.0996  23.1037  22.9874  22.9723  22.7929  0.0648899  0.0169006  0.0132098  0.0209983  0.0370373  0.101778  
56  23.3863  23.1161  23.1021  23  22.9801  22.8638  23.4388  23.1161  23.1021  23  22.9801  22.8638  0 23.4178  23.1423  23.1015  22.9953  23.0017  22.7251  0.0636479  0.0169006  0.0132098  0.0209983  0.0370368  0.101779  
57  23.3863  23.1161  23.1021  23  22.9801  22.8638  23.4673  23.1161  23.1021  23  22.9801  22.8638  0 23.4523  23.1198  23.1218  23.0119  22.9905  22.8083  0.0651558  0.0169006  0.0132098  0.0209983  0.0370368  0.101778  
58  23.3863  23.1161  23.1021  23  22.9801  22.8638  23.4173  23.1161  23.1021  23  22.9801  22.8638  0 23.3346  23.1579  23.1041  23.0014  22.9676  22.8669  0.0625403  0.0169006  0.0132098  0.0209983  0.0370364  0.101779  
59  23.3863  23.1161  23.1021  23  22.9801  22.8638  23.416  23.1161  23.1021  23  22.9801  22.8638  0 23.3178  23.101  23.1179  22.9756  23.0033  22.8879  0.062473  0.0169006  0.0132098  0.0209983  0.0370364  0.101779  
60  23.3863  23.1161  23.1021  23  22.9801  22.8638  23.4316  23.1161  23.1021  23  22.9801  22.8638  0 23.2567  23.1354  23.1076  23.0115  22.9535  22.88  0.0632723  0.0169006  0.0132098  0.0209983  0.0370364  0.101779  
61  23.3863  23.1161  23.1021  23  22.9801  22.8638  23.5065  23.1161  23.1021  23  22.9801  22.8638  0 23.4834  23.0909  23.0938  23.0319  22.9482  22.814  0.0672925  0.0169006  0.0132098  0.0209983  0.0370365  0.101778  
62  23.3863  23.1161  23.1021  23  22.9801  22.8638  23.4741  23.1161  23.1021  23  22.9801  22.8638  0 23.4833  23.1141  23.1186  22.9921  22.909  23.0032  0.0655228  0.0169006  0.0132098  0.0209983  0.0370366  0.101778  
63  23.3863  23.1161  23.1021  23  22.9801  22.8638  23.4928  23.1161  23.1021  23  22.9801  22.8638  0 23.4161  23.0857  23.0942  22.985  22.9419  22.7671  0.066538  0.0169006  0.0132098  0.0209983  0.0370369  0.101778  
64  23.3863  23.1161  23.1021  23  22.9801  22.8638  23.4333  23.1161  23.1021  23  22.9801  22.8638  0 23.4905  23.1117  23.1215  23.0155  23.0818  22.8426  0.0633639  0.0169006  0.0132098  0.0209983  0.0370364  0.101778  
65  23.3863  23.1161  23.1021  23  22.9801  22.8638  23.4833  23.1161  23.1021  23  22.9801  22.8638  0 23.5212  23.1282  23.1048  22.9878  22.9549  22.8479  0.0660188  0.0169006  0.0132098  0.0209983  0.0370367  0.101778  
66  23.3863  23.1161  23.1021  23  22.9801  22.8638  23.5004  23.1161  23.1021  23  22.9801  22.8638  0 23.4989  23.1468  23.1144  23.0354  22.976  22.7688  0.0669549  0.0169006  0.0132098  0.0209983  0.0370367  0.101778  
67  23.3863  23.1161  23.1021  23  22.9801  22.8638  23.4823  23.1161  23.1021  23  22.9802  22.8638  0 23.4744  23.1058  23.0901  23.0401  22.999  22.921  0.0659637  0.0169006  0.0132098  0.0209983  0.0370372  0.101778  
68  23.3863  23.1161  23.1021  23  22.9801  22.8638  23.4465  23.1161  23.1021  23  22.9801  22.8638  0 23.4999  23.1012  23.1036  23.0029  23.0061  22.885  0.0640543  0.0169006  0.0132098  0.0209983  0.0370367  0.101778  
69  23.3863  23.1161  23.1021  23  22.9801  22.8638  23.4447  23.1161  23.1021  23  22.9801  22.8638  0 23.5702  23.1166  23.1044  23.0185  23.0028  22.831  0.063956  0.0169006  0.0132098  0.0209983  0.0370365  0.101778  
70  23.3863  23.1161  23.1021  23  22.9801  22.8638  23.4564  23.1161  23.1021  23  22.9801  22.8638  0 23.4247  23.1501  23.0764  23.0114  22.9324  23.0311  0.0645733  0.0169006  0.0132098  0.0209983  0.0370368  0.101778  
71  23.3863  23.1161  23.1021  23  22.9801  22.8638  23.4725  23.1161  23.1021  23  22.9801  22.8638  0 23.4172  23.1064  23.0892  23.0206  22.9322  22.8983  0.0654358  0.0169006  0.0132098  0.0209983  0.0370364  0.101778  
72  23.3863  23.1161  23.1021  23  22.9801  22.8638  23.4138  23.1161  23.1021  23  22.9801  22.8638  0 23.4774  23.1183  23.1008  22.9797  23.0212  23.0335  0.0623616  0.0169006  0.0132098  0.0209983  0.0370366  0.101779  
73  23.3863  23.1161  23.1021  23  22.9801  22.8638  23.421  23.1161  23.1021  23  22.9801  22.8638  0 23.4074  23.1096  23.0825  23.0085  22.9705  22.9326  0.0627267  0.0169006  0.0132098  0.0209983  0.0370364  0.101779  
74  23.3863  23.1161  23.1021  23  22.9801  22.8638  23.4755  23.1161  23.1021  23  22.9801  22.8638  0 23.4315  23.0728  23.0969  23.0229  22.9476  22.844  0.0655977  0.0169006  0.0132098  0.0209983  0.0370363  0.101778  
75  23.3863  23.1161  23.1021  23  22.9801  22.8638  23.4675  23.1161  23.1021  23  22.9801  22.8638  0 23.423  23.0968  23.1245  22.9977  22.996  22.9451  0.0651642  0.0169006  0.0132098  0.0209983  0.0370366  0.101778  
76  23.3863  23.1161  23.1021  23  22.9801  22.8638  23.4605  23.1161  23.1021  23  22.9801  22.8638  0 23.4718  23.082  23.1167  23.0016  23.0228  22.7613  0.0647899  0.0169006  0.0132098  0.0209983  0.0370367  0.101778  
77  23.3863  23.1161  23.1021  23  22.9801  22.8638  23.4221  23.1161  23.1021  23  22.9801  22.8638  0 23.4547  23.1253  23.1041  22.9899  22.9715  22.7653  0.0627865  0.0169006  0.0132098  0.0209983  0.0370365  0.101779  
78  23.3863  23.1161  23.1021  23  22.9801  22.8638  23.4633  23.1161  23.1021  23  22.9801  22.8638  0 23.4804  23.1059  23.0834  23.0017  22.9865  22.7277  0.0649392  0.0169006  0.0132098  0.0209983  0.0370365  0.101778  
79  23.3863  23.1161  23.1021  23  22.9801  22.8638  23.4893  23.1161  23.1021  23  22.9802  22.8638  0 23.4725  23.0947  23.0932  22.9688  23.0272  22.7203  0.0663432  0.0169006  0.0132098  0.0209983  0.0370372  0.101778  
80  23.3863  23.1161  23.1021  23  22.9801  22.8638  23.4896  23.1161  23.1021  23  22.9801  22.8638  0 23.5021  23.1064  23.0813  23.0022  22.9509  22.7996  0.0663632  0.0169006  0.0132098  0.0209983  0.0370368  0.101778  
81  23.3863  23.1161  23.1021  23  22.9801  22.8638  23.4151  23.1161  23.1021  23  22.9801  22.8638  0 23.4882  23.1174  23.0966  22.9788  22.9893  22.8659  0.0624276  0.0169006  0.0132098  0.0209983  0.0370364  0.101779  
82  23.3863  23.1161  23.1021  23  22.9801  22.8638  23.4388  23.1161  23.1021  23  22.9801  22.8638  0 23.3887  23.1083  23.0894  22.9574  22.9797  23.0024  0.0636488  0.0169006  0.0132098  0.0209983  0.0370366  0.101779  
83  23.3863  23.1161  23.1021  23  22.9801  22.8638  23.468  23.1161  23.1021  23  22.9801  22.8638  0 23.5461  23.1245  23.0925  22.9962  23.024  22.7854  0.0651907  0.0169006  0.0132098  0.0209983  0.0370367  0.101778  
84  23.3863  23.1161  23.1021  23  22.9801  22.8638  23.4789  23.1161  23.1021  23  22.9801  22.8638  0 23.4767  23.1437  23.109  22.9716  22.9514  22.8747  0.0657796  0.0169006  0.0132098  0.0209983  0.0370363  0.101778  
85  23.3863  23.1161  23.1021  23  22.9801  22.8638  23.4282  23.1161  23.1021  23  22.9801  22.8638  0 23.33  23.1287  23.0942  22.9921  22.9507  22.9133  0.0630986  0.0169006  0.0132098  0.0209983  0.0370365  0.101779  
86  23.3863  23.1161  23.1021  23  22.9801  22.8638  23.4624  23.1161  23.1021  23  22.9801  22.8638  0 23.4483  23.1232  23.1081  23.0092  23.033  22.9073  0.0648915  0.0169006  0.0132098  0.0209983  0.0370365  0.101778  
87  23.3863  23.1161  23.1021  23  22.9801  22.8638  23.4279  23.1161  23.1021  23  22.9801  22.8638  0 23.3742  23.1323  23.1088  22.9793  22.9218  22.9869  0.0630814  0.0169006  0.0132098  0.0209983  0.0370366  0.101779  
88  23.3863  23.1161  23.1021  23  22.9801  22.8638  23.5068  23.1161  23.1021  23  22.9801  22.8638  0 23.5729  23.0944  23.0838  23.0247  23.0307  22.9526  0.0673114  0.0169006  0.0132098  0.0209983  0.0370365  0.101778  
89  23.3863  23.1161  23.1021  23  22.9801  22.8638  23.448  23.1161  23.1021  23  22.9801  22.8638  0 23.5127  23.1267  23.0796  23.0449  22.995  22.7742  0.0641328  0.0169006  0.0132098  0.0209983  0.0370364  0.101779  
90  23.3863  23.1161  23.1021  23  22.9801  22.8638  23.4384  23.1161  23.1021  23  22.9802  22.8638  0 23.4145  23.1394  23.1245  23.0243  22.9669  22.8173  0.0636305  0.0169006  0.0132098  0.0209983  0.0370373  0.101779  
91  23.3863  23.1161  23.1021  23  22.9801  22.8638  23.4244  23.1161  23.1021  23  22.9801  22.8638  0 23.456  23.1387  23.1158  23.0048  23.0051  22.8356  0.062902  0.0169006  0.0132098  0.0209983  0.0370365  0.101778  
92  23.3863  23.1161  23.1021  23  22.9801  22.8638  23.4475  23.1161  23.1021  23  22.9801  22.8638  0 23.351  23.0883  23.1083  23.0305  22.9799  22.8602  0.0641059  0.0169006  0.0132098  0.0209983  0.0370364  0.101778  
93  23.3863  23.1161  23.1021  23  22.9801  22.8638  23.449  23.1161  23.1021  23  22.9801  22.8638  0 23.4966  23.1006  23.1101  22.9616  22.9687  22.7751  0.0641855  0.0169006  0.0132098  0.0209983  0.0370365  0.101779  
94  23.3863  23.1161  23.1021  23  22.9801  22.8638  23.5179  23.1161  23.1021  23  22.9801  22.8638  0 23.4613  23.142  23.0986  22.943  22.9793  22.7361  0.0679265  0.0169006  0.0132098  0.0209983  0.0370363  0.101778  
95  23.3863  23.1161  23.1021  23  22.9801  22.8638  23.4263  23.1161  23.1021  23  22.9801  22.8638  0 23.4536  23.1145  23.1229  22.9988  23.0619  22.7099  0.0630004  0.0169006  0.0132098  0.0209983  0.0370365  0.101779  
96  23.3863  23.1161  23.1021  23  22.9801  22.8638  23.4545  23.1161  23.1021  23  22.9801  22.8638  0 23.4021  23.1439  23.083  23.0296  22.972  22.806  0.0644715  0.0169006  0.0132098  0.0209983  0.0370365  0.101778  
97  23.3863  23.1161  23.1021  23  22.9801  22.8638  23.4131  23.1161  23.1021  23  22.9801  22.8638  0 23.3352  23.0894  23.1041  22.9773  23.0207  22.9131  0.062322  0.0169006  0.0132098  0.0209983  0.0370365  0.101779  
98  23.3863  23.1161  23.1021  23  22.9801  22.8638  23.4216  23.1161  23.1021  23  22.9801  22.8638  0 23.4199  23.1054  23.0812  22.9791  22.9848  22.7997  0.0627576  0.0169006  0.0132098  0.0209983  0.0370364  0.101779  
99  23.3863  23.1161  23.1021  23  22.9801  22.8638  23.4513  23.1161  23.1021  23  22.9801  22.8638  0 23.4816  23.1211  23.087  22.9924  22.9569  22.95  0.0643065  0.0169006  0.0132098  0.0209983  0.0370363  0.101779  
100  23.3863  23.1161  23.1021  23  22.9801  22.8638  23.438  23.1161  23.1021  23  22.9801  22.8638  0 23.363  23.1241  23.1002  22.9799  22.9606  23.0216  0.0636078  0.0169006  0.0132098  0.0209983  0.0370365  0.101779  
