1  23.439  23.1222  23.0466  23  22.9422  22.933  23.5872  23.1223  23.0466  23  22.9422  22.933  0 23.5124  23.1076  23.0439  22.9817  22.9638  22.9602  0.0719404  0.0169739  0.0126768  0.0209983  0.0357699  0.108477  
2  23.439  23.1222  23.0466  23  22.9422  22.933  23.5703  23.1225  23.0466  23  22.9422  22.933  0 23.5881  23.1196  23.0369  22.9992  22.9305  22.8834  0.070938  0.0169756  0.0126768  0.0209983  0.0357701  0.108476  
3  23.439  23.1222  23.0466  23  22.9422  22.933  23.5856  23.1223  23.0466  23  22.9422  22.933  0 23.5359  23.0985  23.0535  23.0205  22.9375  22.8312  0.0718461  0.0169737  0.0126768  0.0209983  0.03577  0.108477  
4  23.439  23.1222  23.0466  23  22.9422  22.933  23.5447  23.1225  23.0466  23  22.9422  22.933  0 23.5482  23.1122  23.0478  23.0015  22.9596  22.8967  0.0694499  0.016976  0.0126768  0.0209983  0.0357695  0.108477  
5  23.439  23.1222  23.0466  23  22.9422  22.933  23.5376  23.1223  23.0466  23  22.9422  22.933  0 23.5478  23.1153  23.0547  23.0027  22.9688  23.0244  0.0690416  0.0169739  0.0126768  0.0209983  0.0357699  0.108477  
6  23.439  23.1222  23.0466  23  22.9422  22.933  23.5456  23.1223  23.0466  23  22.9422  22.933  0 23.5561  23.1205  23.0433  23.0223  22.9111  23.1135  0.0695024  0.0169734  0.0126768  0.0209983  0.0357701  0.108477  
7  23.439  23.1222  23.0466  23  22.9422  22.933  23.65  23.1224  23.0466  23  22.9422  22.933  0 23.4959  23.1471  23.042  23.0105  22.9643  22.9326  0.0757996  0.0169744  0.0126768  0.0209983  0.0357699  0.108477  
8  23.439  23.1222  23.0466  23  22.9422  22.933  23.6127  23.1223  23.0466  23  22.9422  22.933  0 23.7437  23.1234  23.0399  22.9938  22.9864  22.9994  0.0734846  0.0169739  0.0126768  0.0209983  0.0357709  0.108477  
9  23.439  23.1222  23.0466  23  22.9422  22.933  23.6221  23.1227  23.0465  23  22.9422  22.933  0 23.5391  23.1357  23.0528  23.0203  22.9163  23.0443  0.0740576  0.0169786  0.0126767  0.0209983  0.0357697  0.108476  
10  23.439  23.1222  23.0466  23  22.9422  22.933  23.6473  23.1224  23.0466  23  22.9422  22.933  0 23.5853  23.1281  23.0358  22.9843  22.951  22.9627  0.0756289  0.0169744  0.0126768  0.0209983  0.0357697  0.108476  
11  23.439  23.1222  23.0466  23  22.9422  22.933  23.5489  23.1228  23.0465  23  22.9422  22.933  0 23.6444  23.1305  23.0553  22.9729  22.972  23.1172  0.069693  0.0169797  0.0126767  0.0209983  0.0357692  0.108477  
12  23.439  23.1222  23.0466  23  22.9422  22.933  23.6426  23.1226  23.0466  23  22.9422  22.933  0 23.8068  23.1283  23.0432  23.0032  22.9688  22.8078  0.0753344  0.0169773  0.0126767  0.0209983  0.0357695  0.108476  
13  23.439  23.1222  23.0466  23  22.9422  22.933  23.5459  23.1223  23.0466  23  22.9422  22.933  0 23.5683  23.0861  23.0585  22.9928  22.9755  23.0518  0.0695187  0.0169735  0.0126768  0.0209983  0.0357697  0.108477  
14  23.439  23.1222  23.0466  23  22.9422  22.933  23.6075  23.1223  23.0466  23  22.9422  22.933  0 23.6977  23.1069  23.0449  22.9896  22.9279  22.9903  0.0731669  0.0169741  0.0126768  0.0209983  0.0357699  0.108477  
15  23.439  23.1222  23.0466  23  22.9422  22.933  23.6925  23.1231  23.0465  23  22.9422  22.933  0 23.8332  23.1014  23.0574  23.0255  22.945  23.111  0.0785414  0.0169836  0.0126766  0.0209983  0.0357694  0.108477  
16  23.439  23.1222  23.0466  23  22.9422  22.933  23.5949  23.1223  23.0466  23  22.9422  22.933  0 23.7585  23.1182  23.0629  23.0113  22.8494  22.9259  0.0724041  0.0169741  0.0126768  0.0209983  0.0357698  0.108477  
17  23.439  23.1222  23.0466  23  22.9422  22.933  23.558  23.123  23.0465  23  22.9421  22.933  0 23.5277  23.1453  23.0302  22.9702  22.9739  22.9819  0.0702199  0.0169818  0.0126766  0.0209983  0.035769  0.108476  
18  23.439  23.1222  23.0466  23  22.9422  22.933  23.5607  23.1223  23.0466  23  22.9422  22.933  0 23.6566  23.1194  23.0269  23.0013  22.9118  22.9719  0.0703737  0.0169731  0.0126768  0.0209983  0.0357701  0.108477  
19  23.439  23.1222  23.0466  23  22.9422  22.933  23.5753  23.1223  23.0466  23  22.9422  22.933  0 23.7058  23.1207  23.0606  23.0111  22.929  22.85  0.0712334  0.016974  0.0126768  0.0209983  0.0357697  0.108477  
20  23.439  23.1222  23.0466  23  22.9422  22.933  23.5832  23.1224  23.0466  23  22.9422  22.933  0 23.6142  23.1291  23.0367  22.9971  22.8436  22.7825  0.071699  0.0169749  0.0126768  0.0209983  0.0357698  0.108477  
21  23.439  23.1222  23.0466  23  22.9422  22.933  23.5407  23.1223  23.0466  23  22.9422  22.933  0 23.5014  23.1406  23.0662  23.0133  22.9381  23.0812  0.0692221  0.0169733  0.0126768  0.0209983  0.0357701  0.108477  
22  23.439  23.1222  23.0466  23  22.9422  22.933  23.5548  23.1227  23.0466  23  22.9422  22.933  0 23.5657  23.1312  23.0535  23.009  22.9972  22.8717  0.0700358  0.0169785  0.0126767  0.0209983  0.0357693  0.108477  
23  23.439  23.1222  23.0466  23  22.9422  22.933  23.5548  23.1223  23.0466  23  22.9422  22.933  0 23.5196  23.1153  23.0566  22.9838  22.9366  23.1517  0.0700359  0.0169738  0.0126768  0.0209983  0.0357701  0.108477  
24  23.439  23.1222  23.0466  23  22.9422  22.933  23.6159  23.1224  23.0466  23  22.9422  22.933  0 23.6112  23.1103  23.0435  22.9812  22.9576  22.8616  0.0736779  0.0169748  0.0126767  0.0209983  0.0357701  0.108476  
25  23.439  23.1222  23.0466  23  22.9422  22.933  23.5185  23.1223  23.0466  23  22.9422  22.933  0 23.5327  23.1102  23.0756  22.9948  22.8789  22.9011  0.0679611  0.0169739  0.0126768  0.0209983  0.0357698  0.108477  
26  23.439  23.1222  23.0466  23  22.9422  22.933  23.5555  23.123  23.0465  23  22.9422  22.933  0 23.5415  23.1204  23.0472  23.0302  22.9259  22.9206  0.0700749  0.0169813  0.0126766  0.0209983  0.0357692  0.108477  
27  23.439  23.1222  23.0466  23  22.9422  22.933  23.5263  23.1223  23.0466  23  22.9422  22.933  0 23.5522  23.1601  23.0464  23.0267  22.9586  22.755  0.0684005  0.0169731  0.0126768  0.0209983  0.0357697  0.108477  
28  23.439  23.1222  23.0466  23  22.9422  22.933  23.627  23.1226  23.0466  23  22.9422  22.933  0 23.6123  23.1329  23.0463  22.9583  22.9233  22.8812  0.0743648  0.016977  0.0126767  0.0209983  0.0357696  0.108477  
29  23.439  23.1222  23.0466  23  22.9422  22.933  23.6271  23.1223  23.0466  23  22.9422  22.933  0 23.6171  23.1246  23.0476  23.0108  22.8697  22.9911  0.0743696  0.0169733  0.0126768  0.0209983  0.0357705  0.108477  
30  23.439  23.1222  23.0466  23  22.9422  22.933  23.5421  23.1225  23.0466  23  22.9422  22.933  0 23.6061  23.1191  23.0414  22.9738  22.9404  23.0389  0.0693005  0.0169758  0.0126768  0.0209983  0.0357696  0.108477  
31  23.439  23.1222  23.0466  23  22.9422  22.933  23.5474  23.1223  23.0466  23  22.9422  22.933  0 23.4927  23.1137  23.0651  22.9874  23.0156  22.6971  0.0696043  0.0169732  0.0126768  0.0209983  0.0357704  0.108477  
32  23.439  23.1222  23.0466  23  22.9422  22.933  23.5489  23.1223  23.0466  23  22.9422  22.933  0 23.5604  23.0928  23.0551  22.9826  22.8914  22.9216  0.0696945  0.0169735  0.0126768  0.0209983  0.0357704  0.108477  
33  23.439  23.1222  23.0466  23  22.9422  22.933  23.5651  23.1224  23.0466  23  22.9422  22.933  0 23.5598  23.1379  23.0467  23.0667  23.0006  23.0732  0.070632  0.0169749  0.0126768  0.0209983  0.0357697  0.108477  
34  23.439  23.1222  23.0466  23  22.9422  22.933  23.6093  23.1223  23.0466  23  22.9422  22.933  0 23.5198  23.1176  23.036  22.9884  22.95  23.1086  0.0732739  0.0169733  0.0126768  0.0209983  0.0357702  0.108477  
35  23.439  23.1222  23.0466  23  22.9422  22.933  23.5097  23.1223  23.0466  23  22.9422  22.933  0 23.566  23.1113  23.035  22.9848  22.924  22.7311  0.0674699  0.0169731  0.0126768  0.0209983  0.0357697  0.108477  
36  23.439  23.1222  23.0466  23  22.9422  22.933  23.5159  23.1223  23.0466  23  22.9422  22.933  0 23.5434  23.1045  23.0298  22.9771  22.9819  23.1104  0.0678172  0.0169737  0.0126768  0.0209983  0.0357696  0.108477  
37  23.439  23.1222  23.0466  23  22.9422  22.933  23.5162  23.1224  23.0466  23  22.9422  22.933  0 23.5921  23.124  23.0505  22.9651  22.9401  22.8483  0.0678356  0.016975  0.0126768  0.0209983  0.0357695  0.108477  
38  23.439  23.1222  23.0466  23  22.9422  22.933  23.5627  23.1222  23.0466  23  22.9422  22.933  0 23.642  23.1249  23.0512  23.0127  22.9573  22.8448  0.070495  0.0169729  0.0126768  0.0209983  0.0357699  0.108477  
39  23.439  23.1222  23.0466  23  22.9422  22.933  23.6112  23.1222  23.0466  23  22.9422  22.933  0 23.5041  23.1249  23.0389  23.0527  22.8679  23.1078  0.0733919  0.016973  0.0126768  0.0209983  0.0357701  0.108477  
40  23.439  23.1222  23.0466  23  22.9422  22.933  23.5716  23.1223  23.0466  23  22.9422  22.933  0 23.6694  23.129  23.0378  23.0141  22.9812  22.9415  0.0710141  0.0169738  0.0126768  0.0209983  0.0357699  0.108477  
41  23.439  23.1222  23.0466  23  22.9422  22.933  23.5975  23.1225  23.0466  23  22.9422  22.933  0 23.5195  23.118  23.0224  23.0304  22.8614  23.0072  0.0725567  0.0169756  0.0126768  0.0209983  0.0357697  0.108477  
42  23.439  23.1222  23.0466  23  22.9422  22.933  23.518  23.1223  23.0466  23  22.9422  22.933  0 23.5376  23.1148  23.0439  22.989  22.9864  22.9232  0.0679352  0.0169741  0.0126768  0.0209983  0.0357696  0.108477  
43  23.439  23.1222  23.0466  23  22.9422  22.933  23.5629  23.1225  23.0466  23  22.9422  22.933  0 23.4392  23.1048  23.0682  23.0171  22.9659  22.8552  0.0705062  0.0169763  0.0126767  0.0209983  0.0357698  0.108477  
44  23.439  23.1222  23.0466  23  22.9422  22.933  23.7184  23.1226  23.0466  23  22.9422  22.933  0 23.7526  23.1268  23.0399  23.022  22.9598  22.8586  0.0802682  0.0169775  0.0126767  0.0209983  0.0357703  0.108477  
45  23.439  23.1222  23.0466  23  22.9422  22.933  23.6206  23.1223  23.0466  23  22.9422  22.933  0 23.7586  23.1221  23.0532  23.0248  22.9389  22.8678  0.0739668  0.0169739  0.0126768  0.0209983  0.0357705  0.108477  
46  23.439  23.1222  23.0466  23  22.9422  22.933  23.59  23.1222  23.0466  23  22.9422  22.933  0 23.5509  23.0983  23.0238  22.9592  22.9094  22.812  0.072106  0.016973  0.0126768  0.0209983  0.0357701  0.108477  
47  23.439  23.1222  23.0466  23  22.9422  22.933  23.5764  23.1223  23.0466  23  22.9422  22.933  0 23.7519  23.1301  23.0394  23.0065  22.8825  22.921  0.0713004  0.0169738  0.0126768  0.0209983  0.0357698  0.108477  
48  23.439  23.1222  23.0466  23  22.9422  22.933  23.608  23.1223  23.0466  23  22.9422  22.933  0 23.6195  23.1186  23.0588  22.9974  22.9168  23.163  0.0731921  0.0169739  0.0126768  0.0209983  0.0357702  0.108477  
49  23.439  23.1222  23.0466  23  22.9422  22.933  23.547  23.1225  23.0466  23  22.9422  22.933  0 23.557  23.1092  23.0612  22.9938  22.9745  22.8774  0.0695839  0.0169761  0.0126768  0.0209983  0.0357696  0.108477  
50  23.439  23.1222  23.0466  23  22.9422  22.933  23.5401  23.1223  23.0466  23  22.9422  22.933  0 23.5203  23.1115  23.0217  22.9519  22.9387  22.9379  0.0691868  0.0169734  0.0126768  0.0209983  0.0357698  0.108477  
51  23.439  23.1222  23.0466  23  22.9422  22.933  23.5885  23.1223  23.0466  23  22.9422  22.933  0 23.5759  23.1257  23.0366  22.986  22.9554  23.0012  0.0720204  0.0169736  0.0126768  0.0209983  0.0357697  0.108477  
52  23.439  23.1222  23.0466  23  22.9422  22.933  23.5723  23.1227  23.0465  23  22.9422  22.933  0 23.5886  23.1136  23.0497  22.9919  22.8889  22.8589  0.0710565  0.0169787  0.0126767  0.0209983  0.0357699  0.108477  
53  23.439  23.1222  23.0466  23  22.9422  22.933  23.5345  23.1224  23.0466  23  22.9422  22.933  0 23.4083  23.1254  23.0672  22.9849  22.9676  22.8343  0.0688674  0.016975  0.0126768  0.0209983  0.0357697  0.108477  
54  23.439  23.1222  23.0466  23  22.9422  22.933  23.5465  23.1223  23.0466  23  22.9422  22.933  0 23.4354  23.095  23.0476  23.017  23.0368  23.012  0.0695509  0.0169738  0.0126768  0.0209983  0.0357696  0.108477  
55  23.439  23.1222  23.0466  23  22.9422  22.933  23.5064  23.1223  23.0466  23  22.9422  22.933  0 23.5533  23.1057  23.0481  22.9874  22.9346  22.8577  0.0672877  0.016974  0.0126768  0.0209983  0.0357698  0.108477  
56  23.439  23.1222  23.0466  23  22.9422  22.933  23.6556  23.123  23.0465  23  22.9421  22.933  0 23.6305  23.1493  23.046  22.9953  22.9629  22.7858  0.0761545  0.0169825  0.0126766  0.0209983  0.035769  0.108476  
57  23.439  23.1222  23.0466  23  22.9422  22.933  23.5968  23.1223  23.0466  23  22.9422  22.933  0 23.58  23.1259  23.0654  23.0119  22.9522  22.874  0.072514  0.0169732  0.0126768  0.0209983  0.0357705  0.108477  
58  23.439  23.1222  23.0466  23  22.9422  22.933  23.5895  23.1223  23.0466  23  22.9422  22.933  0 23.4946  23.1643  23.0484  23.0014  22.93  22.9364  0.0720753  0.0169739  0.0126768  0.0209983  0.0357697  0.108477  
59  23.439  23.1222  23.0466  23  22.9422  22.933  23.5776  23.1226  23.0466  23  22.9422  22.933  0 23.4661  23.1074  23.0617  22.9756  22.9646  22.9587  0.0713702  0.0169771  0.0126767  0.0209983  0.0357694  0.108477  
60  23.439  23.1222  23.0466  23  22.9422  22.933  23.5518  23.1223  23.0466  23  22.9422  22.933  0 23.3603  23.1417  23.0518  23.0115  22.9164  22.9503  0.0698609  0.0169742  0.0126768  0.0209983  0.0357697  0.108477  
61  23.439  23.1222  23.0466  23  22.9422  22.933  23.5948  23.1222  23.0466  23  22.9422  22.933  0 23.5699  23.097  23.0386  23.0319  22.9114  22.88  0.0723949  0.0169729  0.0126768  0.0209983  0.0357704  0.108477  
62  23.439  23.1222  23.0466  23  22.9422  22.933  23.6022  23.1228  23.0465  23  22.9422  22.933  0 23.6123  23.1208  23.0623  22.9921  22.8734  23.0823  0.0728404  0.0169797  0.0126767  0.0209983  0.0357692  0.108477  
63  23.439  23.1222  23.0466  23  22.9422  22.933  23.6396  23.1223  23.0466  23  22.9422  22.933  0 23.5534  23.0918  23.039  22.985  22.9052  22.8303  0.0751498  0.0169737  0.0126768  0.0209983  0.0357696  0.108477  
64  23.439  23.1222  23.0466  23  22.9422  22.933  23.5541  23.1224  23.0466  23  22.9422  22.933  0 23.6174  23.118  23.0652  23.0155  23.0402  22.9105  0.0699916  0.0169744  0.0126768  0.0209983  0.0357696  0.108477  
65  23.439  23.1222  23.0466  23  22.9422  22.933  23.7199  23.1223  23.0466  23  22.9422  22.933  0 23.7661  23.1345  23.0491  22.9878  22.9179  22.9161  0.0803671  0.0169739  0.0126768  0.0209983  0.0357706  0.108477  
66  23.439  23.1222  23.0466  23  22.9422  22.933  23.5463  23.1223  23.0466  23  22.9422  22.933  0 23.5447  23.1531  23.0584  23.0354  22.9382  22.832  0.0695403  0.0169742  0.0126768  0.0209983  0.0357697  0.108477  
67  23.439  23.1222  23.0466  23  22.9422  22.933  23.5495  23.1223  23.0466  23  22.9422  22.933  0 23.5412  23.1119  23.035  23.0401  22.9604  22.9942  0.0697284  0.0169731  0.0126768  0.0209983  0.03577  0.108477  
68  23.439  23.1222  23.0466  23  22.9422  22.933  23.5747  23.1227  23.0466  23  22.9422  22.933  0 23.6341  23.1077  23.048  23.0029  22.9673  22.9557  0.0711958  0.0169778  0.0126767  0.0209983  0.0357695  0.108477  
69  23.439  23.1222  23.0466  23  22.9422  22.933  23.5902  23.1224  23.0466  23  22.9422  22.933  0 23.7329  23.1229  23.0487  23.0185  22.9641  22.8981  0.0721198  0.0169745  0.0126768  0.0209983  0.0357696  0.108477  
70  23.439  23.1222  23.0466  23  22.9422  22.933  23.5246  23.1225  23.0466  23  22.9422  22.933  0 23.4911  23.1567  23.0219  23.0114  22.896  23.1123  0.0683032  0.0169763  0.0126767  0.0209983  0.0357696  0.108477  
71  23.439  23.1222  23.0466  23  22.9422  22.933  23.6211  23.1224  23.0466  23  22.9422  22.933  0 23.5588  23.1126  23.0342  23.0206  22.8958  22.9698  0.0739983  0.0169748  0.0126768  0.0209983  0.03577  0.108477  
72  23.439  23.1222  23.0466  23  22.9422  22.933  23.5515  23.1225  23.0466  23  22.9422  22.933  0 23.6229  23.1247  23.0453  22.9797  22.9818  23.1149  0.0698425  0.0169762  0.0126767  0.0209983  0.0357698  0.108477  
73  23.439  23.1222  23.0466  23  22.9422  22.933  23.5629  23.1223  23.0466  23  22.9422  22.933  0 23.5476  23.1158  23.0278  23.0085  22.9328  23.0065  0.0705043  0.016974  0.0126768  0.0209983  0.0357698  0.108477  
74  23.439  23.1222  23.0466  23  22.9422  22.933  23.6046  23.1223  23.0466  23  22.9422  22.933  0 23.5558  23.0788  23.0415  23.0229  22.9107  22.912  0.0729904  0.0169733  0.0126768  0.0209983  0.0357698  0.108477  
75  23.439  23.1222  23.0466  23  22.9422  22.933  23.6164  23.1224  23.0466  23  22.9422  22.933  0 23.5662  23.103  23.068  22.9977  22.9575  23.0199  0.0737078  0.0169747  0.0126768  0.0209983  0.0357701  0.108477  
76  23.439  23.1222  23.0466  23  22.9422  22.933  23.5488  23.1224  23.0466  23  22.9422  22.933  0 23.561  23.0881  23.0606  23.0016  22.9833  22.8241  0.0696864  0.0169747  0.0126768  0.0209983  0.0357698  0.108477  
77  23.439  23.1222  23.0466  23  22.9422  22.933  23.6004  23.1223  23.0466  23  22.9422  22.933  0 23.6382  23.1315  23.0485  22.9899  22.9339  22.8283  0.0727335  0.0169733  0.0126768  0.0209983  0.0357698  0.108477  
78  23.439  23.1222  23.0466  23  22.9422  22.933  23.5498  23.1228  23.0465  23  22.9422  22.933  0 23.5682  23.1125  23.0287  23.0017  22.9483  22.7886  0.0697464  0.0169798  0.0126767  0.0209983  0.0357693  0.108477  
79  23.439  23.1222  23.0466  23  22.9422  22.933  23.6581  23.1223  23.0466  23  22.9422  22.933  0 23.6388  23.1007  23.038  22.9688  22.9876  22.7808  0.0763132  0.0169731  0.0126768  0.0209983  0.03577  0.108477  
80  23.439  23.1222  23.0466  23  22.9422  22.933  23.5186  23.1223  23.0466  23  22.9422  22.933  0 23.5314  23.1125  23.0266  23.0022  22.9139  22.8648  0.067966  0.0169736  0.0126768  0.0209983  0.0357697  0.108477  
81  23.439  23.1222  23.0466  23  22.9422  22.933  23.5289  23.1224  23.0466  23  22.9422  22.933  0 23.6094  23.1236  23.0413  22.9788  22.951  22.9353  0.0685514  0.0169744  0.0126768  0.0209983  0.0357696  0.108477  
82  23.439  23.1222  23.0466  23  22.9422  22.933  23.5463  23.1225  23.0466  23  22.9422  22.933  0 23.4916  23.1146  23.0344  22.9574  22.9417  23.0814  0.0695395  0.0169762  0.0126768  0.0209983  0.0357696  0.108477  
83  23.439  23.1222  23.0466  23  22.9422  22.933  23.5159  23.1222  23.0466  23  22.9422  22.933  0 23.5973  23.1307  23.0373  22.9962  22.9845  22.8497  0.0678184  0.0169729  0.0126768  0.0209983  0.0357698  0.108477  
84  23.439  23.1222  23.0466  23  22.9422  22.933  23.5347  23.1223  23.0466  23  22.9422  22.933  0 23.5324  23.15  23.0532  22.9716  22.9144  22.9446  0.0688763  0.0169734  0.0126768  0.0209983  0.03577  0.108477  
85  23.439  23.1222  23.0466  23  22.9422  22.933  23.5137  23.1223  23.0466  23  22.9422  22.933  0 23.4087  23.135  23.039  22.9921  22.9137  22.9859  0.0676914  0.016974  0.0126768  0.0209983  0.0357697  0.108477  
86  23.439  23.1222  23.0466  23  22.9422  22.933  23.5686  23.1223  23.0466  23  22.9422  22.933  0 23.5532  23.1295  23.0523  23.0092  22.9932  22.9795  0.0708382  0.016974  0.0126768  0.0209983  0.0357698  0.108477  
87  23.439  23.1222  23.0466  23  22.9422  22.933  23.5149  23.1225  23.0466  23  22.9422  22.933  0 23.4573  23.1388  23.053  22.9793  22.8857  23.0648  0.0677584  0.0169763  0.0126767  0.0209983  0.0357694  0.108477  
88  23.439  23.1222  23.0466  23  22.9422  22.933  23.5838  23.1223  23.0466  23  22.9422  22.933  0 23.6543  23.1005  23.029  23.0247  22.991  23.028  0.0717361  0.0169734  0.0126768  0.0209983  0.0357704  0.108477  
89  23.439  23.1222  23.0466  23  22.9422  22.933  23.5097  23.1223  23.0466  23  22.9422  22.933  0 23.5778  23.1329  23.025  23.0449  22.9565  22.8377  0.0674691  0.0169737  0.0126768  0.0209983  0.0357696  0.108477  
90  23.439  23.1222  23.0466  23  22.9422  22.933  23.6311  23.1229  23.0465  23  22.9421  22.933  0 23.603  23.1463  23.068  23.0243  22.9293  22.8835  0.074615  0.0169808  0.0126767  0.0209983  0.0357691  0.108477  
91  23.439  23.1222  23.0466  23  22.9422  22.933  23.5885  23.1223  23.0466  23  22.9422  22.933  0 23.6247  23.1449  23.0598  23.0048  22.9663  22.903  0.0720159  0.0169731  0.0126768  0.0209983  0.0357701  0.108477  
92  23.439  23.1222  23.0466  23  22.9422  22.933  23.5151  23.1223  23.0466  23  22.9422  22.933  0 23.4132  23.0943  23.0525  23.0305  22.9419  22.9292  0.0677691  0.0169733  0.0126768  0.0209983  0.03577  0.108477  
93  23.439  23.1222  23.0466  23  22.9422  22.933  23.5775  23.1225  23.0466  23  22.9422  22.933  0 23.6305  23.1068  23.0542  22.9616  22.9311  22.8388  0.0713608  0.0169756  0.0126768  0.0209983  0.0357695  0.108477  
94  23.439  23.1222  23.0466  23  22.9422  22.933  23.5742  23.1225  23.0466  23  22.9422  22.933  0 23.5149  23.1485  23.0432  22.943  22.9414  22.7974  0.0711664  0.0169756  0.0126768  0.0209983  0.0357698  0.108477  
95  23.439  23.1222  23.0466  23  22.9422  22.933  23.5241  23.1223  23.0466  23  22.9422  22.933  0 23.5537  23.1206  23.0665  22.9988  23.021  22.7697  0.0682772  0.0169731  0.0126768  0.0209983  0.0357697  0.108477  
96  23.439  23.1222  23.0466  23  22.9422  22.933  23.5663  23.1225  23.0466  23  22.9422  22.933  0 23.509  23.1504  23.0282  23.0296  22.9343  22.8716  0.0707049  0.0169754  0.0126768  0.0209983  0.03577  0.108477  
97  23.439  23.1222  23.0466  23  22.9422  22.933  23.5568  23.1222  23.0466  23  22.9422  22.933  0 23.4695  23.0954  23.0485  22.9773  22.9813  22.9857  0.0701486  0.016973  0.0126768  0.0209983  0.0357702  0.108477  
98  23.439  23.1222  23.0466  23  22.9422  22.933  23.5918  23.1227  23.0466  23  22.9422  22.933  0 23.5899  23.1119  23.0265  22.9791  22.9466  22.8648  0.0722176  0.0169787  0.0126767  0.0209983  0.0357697  0.108477  
99  23.439  23.1222  23.0466  23  22.9422  22.933  23.5584  23.1223  23.0466  23  22.9422  22.933  0 23.5915  23.1273  23.0321  22.9924  22.9198  23.0251  0.0702434  0.0169737  0.0126768  0.0209983  0.03577  0.108477  
100  23.439  23.1222  23.0466  23  22.9422  22.933  23.5348  23.1223  23.0466  23  22.9422  22.933  0 23.4538  23.1303  23.0447  22.9799  22.9233  23.1021  0.0688852  0.0169736  0.0126768  0.0209983  0.0357697  0.108477  
101  23.439  23.1222  23.0466  23  22.9422  22.933  23.5595  23.1223  23.0466  23  22.9422  22.933  0 23.6477  23.1449  23.0449  23.0086  22.9797  22.9872  0.0703036  0.0169736  0.0126768  0.0209983  0.0357698  0.108477  
102  23.439  23.1222  23.0466  23  22.9422  22.933  23.6158  23.1232  23.0465  23  22.9421  22.933  0 23.6045  23.1274  23.0269  23.005  22.9344  22.9899  0.0736688  0.0169845  0.0126766  0.0209983  0.0357691  0.108476  
103  23.439  23.1222  23.0466  23  22.9422  22.933  23.5443  23.1223  23.0466  23  22.9422  22.933  0 23.5475  23.1087  23.0757  22.9926  22.9558  22.9603  0.069429  0.0169732  0.0126768  0.0209983  0.0357698  0.108477  
104  23.439  23.1222  23.0466  23  22.9422  22.933  23.522  23.1224  23.0466  23  22.9422  22.933  0 23.4893  23.1144  23.032  23.0191  22.9861  23.1776  0.0681614  0.0169743  0.0126768  0.0209983  0.0357696  0.108477  
105  23.439  23.1222  23.0466  23  22.9422  22.933  23.6029  23.1223  23.0466  23  22.9422  22.933  0 23.5565  23.0972  23.0378  22.9613  22.9646  22.9162  0.0728841  0.0169741  0.0126768  0.0209983  0.0357697  0.108477  
106  23.439  23.1222  23.0466  23  22.9422  22.933  23.5452  23.1225  23.0466  23  22.9422  22.933  0 23.4403  23.1395  23.0566  23.0245  22.9775  22.8315  0.0694792  0.016976  0.0126768  0.0209983  0.0357696  0.108477  
107  23.439  23.1222  23.0466  23  22.9422  22.933  23.5876  23.1225  23.0466  23  22.9422  22.933  0 23.4615  23.1259  23.0603  23.0137  22.9032  22.7735  0.0719639  0.0169756  0.0126768  0.0209983  0.0357696  0.108477  
108  23.439  23.1222  23.0466  23  22.9422  22.933  23.547  23.1228  23.0466  23  22.9422  22.933  0 23.6019  23.0986  23.0144  23.0225  22.9622  22.8935  0.0695806  0.0169792  0.0126767  0.0209983  0.0357694  0.108477  
109  23.439  23.1222  23.0466  23  22.9422  22.933  23.6148  23.1223  23.0466  23  22.9422  22.933  0 23.5756  23.1084  23.0516  23.0258  22.8747  22.8266  0.0736077  0.0169739  0.0126768  0.0209983  0.0357696  0.108477  
110  23.439  23.1222  23.0466  23  22.9422  22.933  23.5279  23.1225  23.0466  23  22.9422  22.933  0 23.4442  23.1307  23.0619  23.0187  23.0381  23.06  0.0684927  0.0169766  0.0126767  0.0209983  0.0357695  0.108477  
111  23.439  23.1222  23.0466  23  22.9422  22.933  23.5706  23.1224  23.0466  23  22.9422  22.933  0 23.6403  23.097  23.0279  22.9689  22.972  22.9715  0.0709548  0.0169743  0.0126768  0.0209983  0.0357699  0.108477  
112  23.439  23.1222  23.0466  23  22.9422  22.933  23.5383  23.1223  23.0466  23  22.9422  22.933  0 23.5208  23.1046  23.0354  23.0223  22.9957  23.0967  0.0690851  0.0169735  0.0126768  0.0209983  0.0357696  0.108477  
113  23.439  23.1222  23.0466  23  22.9422  22.933  23.5811  23.123  23.0465  23  22.9421  22.933  0 23.4686  23.1167  23.0417  23.0066  22.9014  23.2794  0.0715771  0.016982  0.0126766  0.0209983  0.0357691  0.108477  
114  23.439  23.1222  23.0466  23  22.9422  22.933  23.5871  23.1223  23.0466  23  22.9422  22.933  0 23.6919  23.134  23.041  22.9976  22.9197  23.0955  0.0719329  0.0169739  0.0126768  0.0209983  0.0357701  0.108477  
115  23.439  23.1222  23.0466  23  22.9422  22.933  23.5521  23.1223  23.0466  23  22.9422  22.933  0 23.6324  23.1369  23.0254  23.0103  22.9489  23.1694  0.069876  0.0169733  0.0126768  0.0209983  0.0357697  0.108477  
116  23.439  23.1222  23.0466  23  22.9422  22.933  23.5218  23.1224  23.0466  23  22.9422  22.933  0 23.6585  23.1515  23.0424  23.0198  22.9825  23.0066  0.0681505  0.0169752  0.0126768  0.0209983  0.0357696  0.108477  
117  23.439  23.1222  23.0466  23  22.9422  22.933  23.5597  23.1223  23.0466  23  22.9422  22.933  0 23.5068  23.1498  23.0456  23.0196  22.9255  22.9745  0.0703203  0.016974  0.0126768  0.0209983  0.03577  0.108477  
118  23.439  23.1222  23.0466  23  22.9422  22.933  23.5184  23.1225  23.0466  23  22.9422  22.933  0 23.4981  23.1049  23.0399  23.0036  22.9552  22.9084  0.0679546  0.0169758  0.0126768  0.0209983  0.0357695  0.108477  
119  23.439  23.1222  23.0466  23  22.9422  22.933  23.5745  23.1226  23.0466  23  22.9422  22.933  0 23.5966  23.1119  23.0652  22.9451  22.9636  22.8369  0.071188  0.0169767  0.0126767  0.0209983  0.0357697  0.108477  
120  23.439  23.1222  23.0466  23  22.9422  22.933  23.5872  23.1223  23.0466  23  22.9422  22.933  0 23.5839  23.1134  23.0511  22.9934  22.9964  22.7859  0.0719391  0.0169733  0.0126768  0.0209983  0.0357699  0.108477  
121  23.439  23.1222  23.0466  23  22.9422  22.933  23.5464  23.1223  23.0466  23  22.9422  22.933  0 23.4868  23.1355  23.0711  23.0198  22.9235  22.9886  0.0695456  0.0169733  0.0126768  0.0209983  0.0357697  0.108477  
122  23.439  23.1222  23.0466  23  22.9422  22.933  23.6709  23.1225  23.0466  23  22.9422  22.933  0 23.7049  23.0859  23.0222  23.0306  22.9122  23.0418  0.0771395  0.016976  0.0126767  0.0209983  0.0357698  0.108476  
123  23.439  23.1222  23.0466  23  22.9422  22.933  23.6465  23.1232  23.0465  23  22.9421  22.933  0 23.6638  23.1527  23.0574  23.0071  22.9597  23.0107  0.0755782  0.016984  0.0126766  0.0209983  0.0357688  0.108476  
124  23.439  23.1222  23.0466  23  22.9422  22.933  23.55  23.1223  23.0466  23  22.9422  22.933  0 23.5608  23.1058  23.0646  23.0176  22.9755  23.0153  0.0697566  0.016974  0.0126768  0.0209983  0.0357698  0.108477  
125  23.439  23.1222  23.0466  23  22.9422  22.933  23.559  23.1223  23.0466  23  22.9422  22.933  0 23.5061  23.1282  23.0638  23.0227  22.9777  22.7686  0.0702797  0.0169738  0.0126768  0.0209983  0.0357698  0.108477  
126  23.439  23.1222  23.0466  23  22.9422  22.933  23.5028  23.1223  23.0466  23  22.9422  22.933  0 23.4818  23.127  23.0273  23.019  22.9851  22.8945  0.0670892  0.0169733  0.0126768  0.0209983  0.0357697  0.108477  
127  23.439  23.1222  23.0466  23  22.9422  22.933  23.5034  23.1222  23.0466  23  22.9422  22.933  0 23.5851  23.1214  23.0508  23.0088  22.9372  22.9357  0.0671197  0.016973  0.0126768  0.0209983  0.0357699  0.108477  
128  23.439  23.1222  23.0466  23  22.9422  22.933  23.5857  23.1222  23.0466  23  22.9422  22.933  0 23.478  23.1311  23.0538  23.0004  22.9402  23.3027  0.0718531  0.0169729  0.0126768  0.0209983  0.03577  0.108477  
129  23.439  23.1222  23.0466  23  22.9422  22.933  23.5531  23.1223  23.0466  23  22.9422  22.933  0 23.5323  23.1142  23.0396  23.0023  23.0215  22.9117  0.0699321  0.0169736  0.0126768  0.0209983  0.0357697  0.108477  
130  23.439  23.1222  23.0466  23  22.9422  22.933  23.5429  23.1224  23.0466  23  22.9422  22.933  0 23.5717  23.1321  23.02  22.9876  22.9392  22.9265  0.069344  0.0169751  0.0126768  0.0209983  0.0357695  0.108476  
131  23.439  23.1222  23.0466  23  22.9422  22.933  23.6021  23.1224  23.0466  23  22.9422  22.933  0 23.5661  23.1208  23.0359  22.9985  22.9096  23.0149  0.0728376  0.0169749  0.0126768  0.0209983  0.03577  0.108477  
132  23.439  23.1222  23.0466  23  22.9422  22.933  23.5561  23.1223  23.0466  23  22.9422  22.933  0 23.6144  23.1304  23.0294  22.995  22.9257  23.131  0.0701072  0.0169732  0.0126768  0.0209983  0.0357701  0.108477  
133  23.439  23.1222  23.0466  23  22.9422  22.933  23.53  23.1224  23.0466  23  22.9422  22.933  0 23.5424  23.1371  23.0306  23.0404  22.9257  22.9969  0.0686086  0.0169754  0.0126768  0.0209983  0.0357698  0.108477  
134  23.439  23.1222  23.0466  23  22.9422  22.933  23.6225  23.1225  23.0466  23  22.9422  22.933  0 23.6544  23.0889  23.066  23.0286  22.9484  22.9531  0.0740834  0.0169759  0.0126767  0.0209983  0.0357699  0.108477  
135  23.439  23.1222  23.0466  23  22.9422  22.933  23.5261  23.1226  23.0466  23  22.9422  22.933  0 23.5746  23.1557  23.0647  23.0148  22.9747  23.1663  0.0683887  0.0169777  0.0126767  0.0209983  0.0357693  0.108477  
136  23.439  23.1222  23.0466  23  22.9422  22.933  23.6226  23.1223  23.0466  23  22.9422  22.933  0 23.6795  23.1485  23.0521  23.0024  22.9365  22.7575  0.0740887  0.0169741  0.0126768  0.0209983  0.0357697  0.108477  
137  23.439  23.1222  23.0466  23  22.9422  22.933  23.5571  23.1224  23.0466  23  22.9422  22.933  0 23.5891  23.1507  23.0296  22.9961  22.9807  23.0004  0.0701682  0.0169748  0.0126768  0.0209983  0.0357704  0.108477  
138  23.439  23.1222  23.0466  23  22.9422  22.933  23.5933  23.1223  23.0466  23  22.9422  22.933  0 23.6366  23.1188  23.0495  23.0124  22.9498  22.9133  0.072305  0.0169738  0.0126768  0.0209983  0.03577  0.108477  
139  23.439  23.1222  23.0466  23  22.9422  22.933  23.6024  23.1223  23.0466  23  22.9422  22.933  0 23.7054  23.1107  23.0557  23.0259  22.9933  22.9132  0.0728518  0.0169736  0.0126768  0.0209983  0.0357699  0.108477  
140  23.439  23.1222  23.0466  23  22.9422  22.933  23.6275  23.1223  23.0466  23  22.9422  22.933  0 23.6322  23.1041  23.0369  22.9584  22.9094  22.8402  0.0743909  0.016974  0.0126768  0.0209983  0.0357696  0.108477  
141  23.439  23.1222  23.0466  23  22.9422  22.933  23.6035  23.1223  23.0466  23  22.9422  22.933  0 23.6039  23.1341  23.0336  23.0355  22.9723  22.8088  0.0729243  0.0169739  0.0126768  0.0209983  0.0357697  0.108477  
142  23.439  23.1222  23.0466  23  22.9422  22.933  23.5488  23.1223  23.0466  23  22.9422  22.933  0 23.4451  23.1354  23.0479  23.0216  22.9355  22.6969  0.0696853  0.0169734  0.0126768  0.0209983  0.0357698  0.108477  
143  23.439  23.1222  23.0466  23  22.9422  22.933  23.6094  23.1224  23.0466  23  22.9422  22.933  0 23.5384  23.0958  23.0413  22.9979  22.9215  23.0584  0.0732821  0.0169749  0.0126768  0.0209983  0.0357697  0.108477  
144  23.439  23.1222  23.0466  23  22.9422  22.933  23.5593  23.1223  23.0466  23  22.9422  22.933  0 23.5595  23.1143  23.0524  22.9888  22.9532  22.9018  0.0702971  0.016974  0.0126768  0.0209983  0.0357699  0.108477  
145  23.439  23.1222  23.0466  23  22.9422  22.933  23.5477  23.1223  23.0466  23  22.9422  22.933  0 23.5923  23.1462  23.0372  22.9996  22.9888  22.8985  0.0696201  0.0169739  0.0126768  0.0209983  0.0357697  0.108477  
146  23.439  23.1222  23.0466  23  22.9422  22.933  23.5804  23.1223  23.0466  23  22.9422  22.933  0 23.5558  23.1133  23.0538  23.035  22.9766  22.9892  0.0715336  0.0169738  0.0126768  0.0209983  0.0357696  0.108477  
147  23.439  23.1222  23.0466  23  22.9422  22.933  23.5029  23.1225  23.0466  23  22.9422  22.933  0 23.4459  23.1173  23.0519  22.9968  22.9225  23.0291  0.0670911  0.0169757  0.0126768  0.0209983  0.0357696  0.108477  
148  23.439  23.1222  23.0466  23  22.9422  22.933  23.5205  23.1224  23.0466  23  22.9422  22.933  0 23.4898  23.1305  23.0387  23.0057  22.9153  22.8364  0.0680746  0.0169752  0.0126768  0.0209983  0.0357695  0.108477  
149  23.439  23.1222  23.0466  23  22.9422  22.933  23.6124  23.1224  23.0466  23  22.9422  22.933  0 23.6367  23.1386  23.0533  23.009  22.9667  22.7839  0.0734652  0.0169745  0.0126768  0.0209983  0.0357697  0.108477  
150  23.439  23.1222  23.0466  23  22.9422  22.933  23.6299  23.1226  23.0466  23  22.9422  22.933  0 23.789  23.1419  23.0567  22.9748  22.9985  22.9489  0.0745417  0.0169773  0.0126767  0.0209983  0.0357703  0.108477  
151  23.439  23.1222  23.0466  23  22.9422  22.933  23.5548  23.1223  23.0466  23  22.9422  22.933  0 23.4627  23.1167  23.0352  22.9969  22.9076  23.0098  0.0700341  0.0169735  0.0126768  0.0209983  0.0357697  0.108477  
152  23.439  23.1222  23.0466  23  22.9422  22.933  23.5386  23.1224  23.0466  23  22.9422  22.933  0 23.5533  23.1201  23.0596  23.0139  22.957  23.0511  0.0691011  0.0169744  0.0126768  0.0209983  0.0357697  0.108477  
153  23.439  23.1222  23.0466  23  22.9422  22.933  23.5199  23.1223  23.0466  23  22.9422  22.933  0 23.4028  23.1053  23.046  22.984  22.9705  23.0695  0.0680416  0.0169734  0.0126768  0.0209983  0.0357705  0.108477  
154  23.439  23.1222  23.0466  23  22.9422  22.933  23.591  23.1226  23.0466  23  22.9422  22.933  0 23.5882  23.1007  23.0379  23.0155  22.9896  23.0768  0.0721695  0.0169766  0.0126767  0.0209983  0.0357695  0.108477  
155  23.439  23.1222  23.0466  23  22.9422  22.933  23.5031  23.1223  23.0466  23  22.9422  22.933  0 23.4757  23.12  23.0353  23.0159  23.0102  23.1025  0.0671043  0.016973  0.0126768  0.0209983  0.0357698  0.108477  
156  23.439  23.1222  23.0466  23  22.9422  22.933  23.5242  23.1223  23.0466  23  22.9422  22.933  0 23.529  23.1214  23.0402  23.0035  22.9361  22.8998  0.0682819  0.0169741  0.0126768  0.0209983  0.0357697  0.108477  
157  23.439  23.1222  23.0466  23  22.9422  22.933  23.6164  23.1223  23.0466  23  22.9422  22.933  0 23.499  23.1211  23.0321  23.0495  22.9382  22.9222  0.0737108  0.0169741  0.0126768  0.0209983  0.0357699  0.108477  
158  23.439  23.1222  23.0466  23  22.9422  22.933  23.6353  23.1223  23.0466  23  22.9422  22.933  0 23.6698  23.1096  23.0422  22.9601  22.9469  23.0504  0.0748752  0.0169736  0.0126768  0.0209983  0.0357698  0.108477  
159  23.439  23.1222  23.0466  23  22.9422  22.933  23.5475  23.1224  23.0466  23  22.9422  22.933  0 23.7174  23.1265  23.0415  23.0002  22.9902  22.9603  0.0696114  0.0169743  0.0126768  0.0209983  0.0357696  0.108477  
160  23.439  23.1222  23.0466  23  22.9422  22.933  23.5672  23.1222  23.0466  23  22.9422  22.933  0 23.3888  23.1427  23.048  23.0021  22.9344  23.0004  0.0707575  0.016973  0.0126768  0.0209983  0.0357701  0.108477  
161  23.439  23.1222  23.0466  23  22.9422  22.933  23.5924  23.1223  23.0466  23  22.9422  22.933  0 23.6968  23.1211  23.0612  23.0379  22.9095  22.7736  0.0722529  0.0169732  0.0126768  0.0209983  0.0357697  0.108477  
162  23.439  23.1222  23.0466  23  22.9422  22.933  23.5596  23.1224  23.0466  23  22.9422  22.933  0 23.6156  23.092  23.0466  22.9832  22.97  22.954  0.0703125  0.016975  0.0126768  0.0209983  0.0357696  0.108477  
163  23.439  23.1222  23.0466  23  22.9422  22.933  23.6334  23.1224  23.0466  23  22.9422  22.933  0 23.5947  23.1074  23.0543  23.022  22.927  22.9283  0.0747581  0.016975  0.0126768  0.0209983  0.0357702  0.108476  
164  23.439  23.1222  23.0466  23  22.9422  22.933  23.5183  23.1224  23.0466  23  22.9422  22.933  0 23.5398  23.0945  23.0523  22.9793  22.9689  22.9053  0.0679487  0.0169748  0.0126768  0.0209983  0.0357695  0.108477  
165  23.439  23.1222  23.0466  23  22.9422  22.933  23.5556  23.1223  23.0466  23  22.9422  22.933  0 23.5437  23.0982  23.0644  23.0079  22.9045  22.8376  0.07008  0.0169732  0.0126768  0.0209983  0.0357703  0.108477  
166  23.439  23.1222  23.0466  23  22.9422  22.933  23.5209  23.1223  23.0466  23  22.9422  22.933  0 23.5963  23.1357  23.0679  22.989  22.9629  22.8582  0.0680994  0.0169736  0.0126768  0.0209983  0.0357698  0.108477  
167  23.439  23.1222  23.0466  23  22.9422  22.933  23.5061  23.1223  23.0466  23  22.9422  22.933  0 23.5028  23.1283  23.0561  22.988  22.9369  23.1623  0.0672723  0.0169736  0.0126768  0.0209983  0.0357697  0.108477  
168  23.439  23.1222  23.0466  23  22.9422  22.933  23.5777  23.1227  23.0465  23  22.9422  22.933  0 23.5959  23.1405  23.0441  23.0168  22.9714  23.1592  0.0713754  0.0169788  0.0126767  0.0209983  0.0357692  0.108476  
169  23.439  23.1222  23.0466  23  22.9422  22.933  23.5393  23.1224  23.0466  23  22.9422  22.933  0 23.6096  23.1513  23.052  23.0057  22.9705  22.9055  0.0691423  0.0169744  0.0126768  0.0209983  0.0357697  0.108477  
170  23.439  23.1222  23.0466  23  22.9422  22.933  23.5408  23.1223  23.0466  23  22.9422  22.933  0 23.4621  23.1387  23.0237  22.965  22.9746  22.9399  0.0692272  0.0169739  0.0126768  0.0209983  0.0357696  0.108477  
171  23.439  23.1222  23.0466  23  22.9422  22.933  23.5871  23.1224  23.0466  23  22.9422  22.933  0 23.5633  23.1006  23.0531  23.0158  23.0276  23.0664  0.0719318  0.0169745  0.0126768  0.0209983  0.0357698  0.108477  
172  23.439  23.1222  23.0466  23  22.9422  22.933  23.6357  23.1228  23.0465  23  22.9422  22.933  0 23.636  23.12  23.0348  23.0229  22.9507  22.9096  0.074902  0.0169798  0.0126767  0.0209983  0.0357699  0.108476  
173  23.439  23.1222  23.0466  23  22.9422  22.933  23.6343  23.1229  23.0465  23  22.9422  22.933  0 23.5963  23.1214  23.0315  22.9981  22.9455  23.0137  0.0748157  0.0169806  0.0126767  0.0209983  0.0357692  0.108476  
174  23.439  23.1222  23.0466  23  22.9422  22.933  23.6098  23.1223  23.0466  23  22.9422  22.933  0 23.5659  23.1052  23.0623  23.0077  22.9117  23.0648  0.0733041  0.0169733  0.0126768  0.0209983  0.0357701  0.108477  
175  23.439  23.1222  23.0466  23  22.9422  22.933  23.521  23.1224  23.0466  23  22.9422  22.933  0 23.3469  23.143  23.0528  22.9783  22.9472  22.9121  0.0681027  0.0169744  0.0126768  0.0209983  0.03577  0.108477  
176  23.439  23.1222  23.0466  23  22.9422  22.933  23.5705  23.1224  23.0466  23  22.9422  22.933  0 23.5607  23.1481  23.0217  22.9726  22.8932  22.9975  0.0709529  0.0169752  0.0126768  0.0209983  0.0357697  0.108477  
177  23.439  23.1222  23.0466  23  22.9422  22.933  23.518  23.1223  23.0466  23  22.9422  22.933  0 23.6248  23.1099  23.0746  22.9753  22.8811  22.9107  0.0679335  0.0169737  0.0126768  0.0209983  0.0357697  0.108477  
178  23.439  23.1222  23.0466  23  22.9422  22.933  23.6383  23.1229  23.0465  23  22.9422  22.933  0 23.5506  23.1175  23.0424  23.0104  22.9691  22.9973  0.0750637  0.0169812  0.0126766  0.0209983  0.0357698  0.108477  
179  23.439  23.1222  23.0466  23  22.9422  22.933  23.5674  23.1223  23.0466  23  22.9422  22.933  0 23.6122  23.1158  23.0649  23.0422  22.9094  22.9785  0.0707654  0.0169739  0.0126768  0.0209983  0.0357698  0.108477  
180  23.439  23.1222  23.0466  23  22.9422  22.933  23.6478  23.1226  23.0466  23  22.9422  22.933  0 23.5463  23.1419  23.0342  22.9852  22.9087  23.1468  0.0756651  0.0169769  0.0126767  0.0209983  0.0357697  0.108476  
181  23.439  23.1222  23.0466  23  22.9422  22.933  23.5548  23.1223  23.0466  23  22.9422  22.933  0 23.5805  23.1222  23.0576  22.9953  22.902  22.8014  0.0700342  0.0169735  0.0126768  0.0209983  0.0357698  0.108477  
182  23.439  23.1222  23.0466  23  22.9422  22.933  23.6865  23.1223  23.0466  23  22.9422  22.933  0 23.562  23.0988  23.0538  22.9734  22.9802  22.9771  0.0781465  0.0169738  0.0126768  0.0209983  0.03577  0.108477  
183  23.439  23.1222  23.0466  23  22.9422  22.933  23.6138  23.1225  23.0466  23  22.9422  22.933  0 23.6338  23.1267  23.0317  23.0098  22.9427  22.884  0.0735482  0.0169762  0.0126768  0.0209983  0.0357699  0.108477  
184  23.439  23.1222  23.0466  23  22.9422  22.933  23.5904  23.1223  23.0466  23  22.9422  22.933  0 23.6251  23.1536  23.0676  22.9963  22.9835  22.8405  0.0721343  0.0169736  0.0126768  0.0209983  0.0357696  0.108477  
185  23.439  23.1222  23.0466  23  22.9422  22.933  23.6623  23.1224  23.0466  23  22.9422  22.933  0 23.8458  23.1516  23.0565  23.0023  22.9973  22.9561  0.0765861  0.0169744  0.0126768  0.0209983  0.0357701  0.108477  
186  23.439  23.1222  23.0466  23  22.9422  22.933  23.5253  23.1226  23.0466  23  22.9422  22.933  0 23.561  23.1644  23.0403  23.006  22.9801  22.914  0.0683472  0.016977  0.0126767  0.0209983  0.0357694  0.108477  
187  23.439  23.1222  23.0466  23  22.9422  22.933  23.5277  23.1227  23.0466  23  22.9422  22.933  0 23.461  23.147  23.0535  23.0421  22.9289  22.8536  0.0684828  0.016978  0.0126767  0.0209983  0.0357694  0.108477  
188  23.439  23.1222  23.0466  23  22.9422  22.933  23.5707  23.1223  23.0466  23  22.9422  22.933  0 23.593  23.1219  23.0578  22.9857  22.8995  22.8909  0.0709636  0.0169731  0.0126768  0.0209983  0.0357697  0.108477  
189  23.439  23.1222  23.0466  23  22.9422  22.933  23.5739  23.1224  23.0466  23  22.9422  22.933  0 23.5052  23.1246  23.0459  23.0393  22.9223  22.9167  0.071151  0.0169749  0.0126768  0.0209983  0.0357697  0.108477  
190  23.439  23.1222  23.0466  23  22.9422  22.933  23.5911  23.1224  23.0466  23  22.9422  22.933  0 23.5266  23.1201  23.037  22.9749  22.9719  22.9733  0.0721756  0.0169749  0.0126768  0.0209983  0.0357706  0.108477  
191  23.439  23.1222  23.0466  23  22.9422  22.933  23.5318  23.1223  23.0466  23  22.9422  22.933  0 23.5537  23.1265  23.0428  23.0238  22.9442  22.9254  0.0687126  0.0169737  0.0126768  0.0209983  0.0357698  0.108477  
192  23.439  23.1222  23.0466  23  22.9422  22.933  23.5085  23.1223  23.0466  23  22.9422  22.933  0 23.6252  23.1329  23.0419  22.9621  22.9553  23.0826  0.0674035  0.0169734  0.0126768  0.0209983  0.0357703  0.108477  
193  23.439  23.1222  23.0466  23  22.9422  22.933  23.5926  23.1223  23.0466  23  22.9422  22.933  0 23.642  23.187  23.0818  23.0132  22.9867  22.9001  0.072266  0.0169731  0.0126768  0.0209983  0.0357698  0.108477  
194  23.439  23.1222  23.0466  23  22.9422  22.933  23.5542  23.1222  23.0466  23  22.9422  22.933  0 23.5643  23.1333  23.0221  22.9723  22.8763  22.8999  0.0699964  0.0169728  0.0126768  0.0209983  0.0357698  0.108477  
195  23.439  23.1222  23.0466  23  22.9422  22.933  23.6552  23.1223  23.0466  23  22.9422  22.933  0 23.6576  23.1278  23.0288  22.9856  22.933  22.9781  0.076129  0.0169736  0.0126768  0.0209983  0.0357699  0.108477  
196  23.439  23.1222  23.0466  23  22.9422  22.933  23.5186  23.1223  23.0466  23  22.9422  22.933  0 23.5061  23.1124  23.0525  22.9909  22.9456  22.7388  0.0679706  0.0169737  0.0126768  0.0209983  0.03577  0.108477  
197  23.439  23.1222  23.0466  23  22.9422  22.933  23.5093  23.1223  23.0466  23  22.9422  22.933  0 23.4601  23.1137  23.0424  22.9887  22.9861  22.9837  0.0674481  0.016974  0.0126768  0.0209983  0.0357696  0.108477  
198  23.439  23.1222  23.0466  23  22.9422  22.933  23.521  23.1222  23.0466  23  22.9422  22.933  0 23.5735  23.1245  23.0719  23.0304  22.9574  23.0049  0.0681016  0.0169729  0.0126768  0.0209983  0.0357698  0.108477  
199  23.439  23.1222  23.0466  23  22.9422  22.933  23.5137  23.1223  23.0466  23  22.9422  22.933  0 23.5383  23.1224  23.027  23.0226  22.8758  23.0024  0.0676956  0.0169736  0.0126768  0.0209983  0.0357697  0.108477  
200  23.439  23.1222  23.0466  23  22.9422  22.933  23.5555  23.1224  23.0466  23  22.9422  22.933  0 23.663  23.1376  23.0802  22.9922  22.8869  22.9422  0.0700756  0.0169753  0.0126768  0.0209983  0.0357696  0.108477  
