1  23.3172  23.0996  23.0981  23  22.9672  22.7224  23.3291  23.0996  23.0981  23  22.9672  22.7224  0 23.2682  23.0851  23.0953  22.9817  22.9893  22.7447  0.0581994  0.0167079  0.0131702  0.0209983  0.0366005  0.0893573  
2  23.3172  23.0996  23.0981  23  22.9672  22.7224  23.3305  23.0996  23.0981  23  22.9672  22.7224  0 23.3451  23.0968  23.088  22.9992  22.9552  22.6813  0.0582655  0.0167079  0.0131702  0.0209983  0.0366005  0.0893573  
3  23.3172  23.0996  23.0981  23  22.9672  22.7224  23.3362  23.0996  23.0981  23  22.9672  22.7224  0 23.2955  23.0762  23.1052  23.0205  22.9624  22.6378  0.0585368  0.0167079  0.0131702  0.0209983  0.0366005  0.0893573  
4  23.3172  23.0996  23.0981  23  22.9672  22.7224  23.3329  23.0996  23.0981  23  22.9672  22.7224  0 23.3358  23.0895  23.0994  23.0015  22.9851  22.6924  0.0583794  0.0167079  0.0131702  0.0209983  0.0366005  0.0893573  
5  23.3172  23.0996  23.0981  23  22.9672  22.7224  23.4047  23.0996  23.0981  23  22.9672  22.7224  0 23.4138  23.0927  23.1065  23.0027  22.9944  22.7971  0.0618956  0.0167079  0.0131702  0.0209983  0.0366006  0.0893573  
6  23.3172  23.0996  23.0981  23  22.9672  22.7224  23.3393  23.0996  23.0981  23  22.9672  22.7224  0 23.3481  23.0979  23.0947  23.0223  22.9354  22.8688  0.0586835  0.0167079  0.0131702  0.0209983  0.0366005  0.0893573  
7  23.3172  23.0996  23.0981  23  22.9672  22.7224  23.3298  23.0996  23.0981  23  22.9672  22.7224  0 23.2095  23.1239  23.0933  23.0105  22.9898  22.722  0.0582332  0.0167079  0.0131702  0.0209983  0.0366005  0.0893573  
8  23.3172  23.0996  23.0981  23  22.9672  22.7224  23.3238  23.0996  23.0981  23  22.9672  22.7224  0 23.4257  23.1007  23.0912  22.9938  23.0125  22.7767  0.0579504  0.0167079  0.0131703  0.0209983  0.0366005  0.0893573  
9  23.3172  23.0996  23.0981  23  22.9672  22.7224  23.3421  23.0996  23.0981  23  22.9672  22.7224  0 23.2757  23.1124  23.1046  23.0203  22.9408  22.8132  0.0588165  0.0167079  0.0131703  0.0209983  0.0366005  0.0893573  
10  23.3172  23.0996  23.0981  23  22.9672  22.7224  23.3251  23.0996  23.0981  23  22.9672  22.7224  0 23.2772  23.1053  23.0869  22.9843  22.9762  22.7468  0.058013  0.0167079  0.0131702  0.0209983  0.0366005  0.0893573  
11  23.3172  23.0996  23.0981  23  22.9672  22.7224  23.3495  23.0996  23.0981  23  22.9672  22.7224  0 23.43  23.1072  23.1072  22.9729  22.9977  22.8717  0.0591725  0.0167079  0.0131702  0.0209983  0.0366005  0.0893573  
12  23.3172  23.0996  23.0981  23  22.9672  22.7224  23.3364  23.0996  23.0981  23  22.9672  22.7224  0 23.4618  23.1053  23.0946  23.0032  22.9945  22.6182  0.0585465  0.0167079  0.0131702  0.0209983  0.0366005  0.0893573  
13  23.3172  23.0996  23.0981  23  22.9672  22.7224  23.3323  23.0996  23.0981  23  22.9672  22.7224  0 23.351  23.064  23.1105  22.9928  23.0013  22.8192  0.0583503  0.0167079  0.0131703  0.0209983  0.0366005  0.0893573  
14  23.3172  23.0996  23.0981  23  22.9672  22.7224  23.3494  23.0996  23.0981  23  22.9672  22.7224  0 23.4217  23.0844  23.0964  22.9896  22.9526  22.7693  0.0591684  0.0167079  0.0131703  0.0209983  0.0366005  0.0893573  
15  23.3172  23.0996  23.0981  23  22.9672  22.7224  23.3944  23.0996  23.0981  23  22.9672  22.7224  0 23.5028  23.0782  23.1093  23.0255  22.9701  22.8668  0.0613786  0.0167079  0.0131702  0.0209983  0.0366005  0.0893572  
16  23.3172  23.0996  23.0981  23  22.9672  22.7224  23.3298  23.0996  23.0981  23  22.9672  22.7224  0 23.4594  23.0956  23.115  23.0113  22.8724  22.7165  0.058236  0.0167079  0.0131702  0.0209983  0.0366005  0.0893573  
17  23.3172  23.0996  23.0981  23  22.9672  22.7224  23.332  23.0996  23.0981  23  22.9672  22.7224  0 23.3068  23.1216  23.0811  22.9702  22.9997  22.7625  0.0583372  0.0167079  0.0131702  0.0209983  0.0366005  0.0893573  
18  23.3172  23.0996  23.0981  23  22.9672  22.7224  23.3533  23.0996  23.0981  23  22.9672  22.7224  0 23.4337  23.0968  23.0776  23.0013  22.9361  22.7543  0.0593568  0.0167079  0.0131702  0.0209983  0.0366005  0.0893572  
19  23.3172  23.0996  23.0981  23  22.9672  22.7224  23.3663  23.0996  23.0981  23  22.9672  22.7224  0 23.4751  23.0981  23.1127  23.0111  22.9537  22.6535  0.0599869  0.0167079  0.0131702  0.0209983  0.0366005  0.0893572  
20  23.3172  23.0996  23.0981  23  22.9672  22.7224  23.3238  23.0996  23.0981  23  22.9672  22.7224  0 23.3489  23.1062  23.0878  22.9971  22.8664  22.5969  0.0579518  0.0167079  0.0131703  0.0209983  0.0366005  0.0893573  
21  23.3172  23.0996  23.0981  23  22.9672  22.7224  23.3302  23.0996  23.0981  23  22.9672  22.7224  0 23.297  23.1177  23.1185  23.0133  22.963  22.8429  0.0582511  0.0167079  0.0131702  0.0209983  0.0366005  0.0893573  
22  23.3172  23.0996  23.0981  23  22.9672  22.7224  23.3638  23.0996  23.0981  23  22.9672  22.7224  0 23.3731  23.108  23.1053  23.009  23.0236  22.6716  0.0598676  0.0167079  0.0131702  0.0209983  0.0366005  0.0893573  
23  23.3172  23.0996  23.0981  23  22.9672  22.7224  23.3738  23.0996  23.0981  23  22.9672  22.7224  0 23.3434  23.0927  23.1085  22.9838  22.9615  22.8992  0.0603556  0.0167079  0.0131702  0.0209983  0.0366005  0.0893573  
24  23.3172  23.0996  23.0981  23  22.9672  22.7224  23.3272  23.0996  23.0981  23  22.9672  22.7224  0 23.3235  23.0877  23.0949  22.9812  22.983  22.6632  0.0581112  0.0167079  0.0131702  0.0209983  0.0366005  0.0893573  
25  23.3172  23.0996  23.0981  23  22.9672  22.7224  23.352  23.0996  23.0981  23  22.9672  22.7224  0 23.3644  23.0877  23.1282  22.9948  22.9025  22.696  0.0592944  0.0167079  0.0131702  0.0209983  0.0366005  0.0893573  
26  23.3172  23.0996  23.0981  23  22.9672  22.7224  23.3293  23.0996  23.0981  23  22.9672  22.7224  0 23.3176  23.0971  23.0987  23.0302  22.9506  22.7121  0.0582109  0.0167079  0.0131703  0.0209983  0.0366005  0.0893573  
27  23.3172  23.0996  23.0981  23  22.9672  22.7224  23.3428  23.0996  23.0981  23  22.9672  22.7224  0 23.365  23.1368  23.0979  23.0267  22.9841  22.5737  0.0588523  0.0167079  0.0131703  0.0209983  0.0366005  0.0893573  
28  23.3172  23.0996  23.0981  23  22.9672  22.7224  23.3224  23.0996  23.0981  23  22.9672  22.7224  0 23.3109  23.1098  23.0978  22.9583  22.9479  22.6795  0.0578862  0.0167079  0.0131702  0.0209983  0.0366005  0.0893573  
29  23.3172  23.0996  23.0981  23  22.9672  22.7224  23.3605  23.0996  23.0981  23  22.9672  22.7224  0 23.3524  23.1019  23.0991  23.0108  22.8931  22.7699  0.0597048  0.0167079  0.0131702  0.0209983  0.0366005  0.0893573  
30  23.3172  23.0996  23.0981  23  22.9672  22.7224  23.3283  23.0996  23.0981  23  22.9672  22.7224  0 23.3818  23.0963  23.0927  22.9738  22.9654  22.8088  0.0581654  0.0167079  0.0131702  0.0209983  0.0366005  0.0893573  
31  23.3172  23.0996  23.0981  23  22.9672  22.7224  23.3276  23.0996  23.0981  23  22.9672  22.7224  0 23.2817  23.0912  23.1173  22.9874  23.0424  22.5245  0.058129  0.0167079  0.0131702  0.0209983  0.0366005  0.0893573  
32  23.3172  23.0996  23.0981  23  22.9672  22.7224  23.3524  23.0996  23.0981  23  22.9672  22.7224  0 23.3621  23.0706  23.1069  22.9826  22.9153  22.713  0.0593109  0.0167079  0.0131702  0.0209983  0.0366005  0.0893573  
33  23.3172  23.0996  23.0981  23  22.9672  22.7224  23.3698  23.0996  23.0981  23  22.9672  22.7224  0 23.3653  23.1148  23.0982  23.0667  23.0271  22.8365  0.0601572  0.0167079  0.0131702  0.0209983  0.0366005  0.0893573  
34  23.3172  23.0996  23.0981  23  22.9672  22.7224  23.3303  23.0996  23.0981  23  22.9672  22.7224  0 23.2586  23.0951  23.0871  22.9884  22.9752  22.8649  0.0582585  0.0167079  0.0131703  0.0209983  0.0366005  0.0893573  
35  23.3172  23.0996  23.0981  23  22.9672  22.7224  23.3433  23.0996  23.0981  23  22.9672  22.7224  0 23.3923  23.0889  23.086  22.9848  22.9486  22.5534  0.0588742  0.0167079  0.0131702  0.0209983  0.0366005  0.0893573  
36  23.3172  23.0996  23.0981  23  22.9672  22.7224  23.3532  23.0996  23.0981  23  22.9672  22.7224  0 23.3772  23.0821  23.0806  22.9771  23.0079  22.8663  0.0593505  0.0167079  0.0131702  0.0209983  0.0366005  0.0893573  
37  23.3172  23.0996  23.0981  23  22.9672  22.7224  23.3511  23.0996  23.0981  23  22.9672  22.7224  0 23.417  23.1012  23.1022  22.9651  22.9651  22.6521  0.0592482  0.0167079  0.0131702  0.0209983  0.0366005  0.0893573  
38  23.3172  23.0996  23.0981  23  22.9672  22.7224  23.3483  23.0996  23.0981  23  22.9672  22.7224  0 23.4144  23.1022  23.1029  23.0127  22.9827  22.6492  0.0591148  0.0167079  0.0131702  0.0209983  0.0366005  0.0893573  
39  23.3172  23.0996  23.0981  23  22.9672  22.7224  23.3473  23.0996  23.0981  23  22.9672  22.7224  0 23.2602  23.1022  23.0901  23.0527  22.8912  22.8642  0.0590661  0.0167079  0.0131702  0.0209983  0.0366005  0.0893573  
40  23.3172  23.0996  23.0981  23  22.9672  22.7224  23.335  23.0996  23.0981  23  22.9672  22.7224  0 23.4149  23.1062  23.0889  23.0141  23.0071  22.7294  0.0584823  0.0167079  0.0131702  0.0209983  0.0366005  0.0893573  
41  23.3172  23.0996  23.0981  23  22.9672  22.7224  23.335  23.0996  23.0981  23  22.9672  22.7224  0 23.2717  23.0952  23.073  23.0304  22.8846  22.7831  0.058482  0.0167079  0.0131702  0.0209983  0.0366005  0.0893573  
42  23.3172  23.0996  23.0981  23  22.9672  22.7224  23.3227  23.0996  23.0981  23  22.9672  22.7224  0 23.3394  23.0922  23.0953  22.989  23.0125  22.7143  0.0579007  0.0167079  0.0131702  0.0209983  0.0366005  0.0893573  
43  23.3172  23.0996  23.0981  23  22.9672  22.7224  23.3535  23.0996  23.0981  23  22.9672  22.7224  0 23.2484  23.0821  23.1206  23.0171  22.9915  22.6578  0.0593654  0.0167079  0.0131702  0.0209983  0.0366005  0.0893573  
44  23.3172  23.0996  23.0981  23  22.9672  22.7224  23.334  23.0996  23.0981  23  22.9672  22.7224  0 23.3587  23.1037  23.0912  23.022  22.9852  22.6607  0.0584325  0.0167079  0.0131702  0.0209983  0.0366005  0.0893573  
45  23.3172  23.0996  23.0981  23  22.9672  22.7224  23.3265  23.0996  23.0981  23  22.9672  22.7224  0 23.4334  23.0994  23.105  23.0248  22.9638  22.6684  0.0580796  0.0167079  0.0131702  0.0209983  0.0366005  0.0893573  
46  23.3172  23.0996  23.0981  23  22.9672  22.7224  23.3318  23.0996  23.0981  23  22.9672  22.7224  0 23.3001  23.0761  23.0744  22.9592  22.9337  22.6217  0.058328  0.0167079  0.0131702  0.0209983  0.0366005  0.0893573  
47  23.3172  23.0996  23.0981  23  22.9672  22.7224  23.3262  23.0996  23.0981  23  22.9672  22.7224  0 23.4669  23.1073  23.0907  23.0065  22.9062  22.7124  0.0580648  0.0167079  0.0131702  0.0209983  0.0366005  0.0893573  
48  23.3172  23.0996  23.0981  23  22.9672  22.7224  23.3254  23.0996  23.0981  23  22.9672  22.7224  0 23.3346  23.0959  23.1108  22.9974  22.9413  22.9081  0.0580278  0.0167079  0.0131703  0.0209983  0.0366005  0.0893573  
49  23.3172  23.0996  23.0981  23  22.9672  22.7224  23.3694  23.0996  23.0981  23  22.9672  22.7224  0 23.378  23.0865  23.1133  22.9938  23.0003  22.6764  0.0601381  0.0167079  0.0131702  0.0209983  0.0366005  0.0893573  
50  23.3172  23.0996  23.0981  23  22.9672  22.7224  23.3592  23.0996  23.0981  23  22.9672  22.7224  0 23.3421  23.089  23.0723  22.9519  22.9636  22.7264  0.0596435  0.0167079  0.0131702  0.0209983  0.0366005  0.0893572  
51  23.3172  23.0996  23.0981  23  22.9672  22.7224  23.3297  23.0996  23.0981  23  22.9672  22.7224  0 23.3195  23.103  23.0877  22.986  22.9808  22.7782  0.0582293  0.0167079  0.0131703  0.0209983  0.0366005  0.0893573  
52  23.3172  23.0996  23.0981  23  22.9672  22.7224  23.3198  23.0996  23.0981  23  22.9672  22.7224  0 23.3331  23.0907  23.1013  22.9919  22.9128  22.6609  0.0577652  0.0167079  0.0131703  0.0209983  0.0366005  0.0893574  
53  23.3172  23.0996  23.0981  23  22.9672  22.7224  23.3338  23.0996  23.0981  23  22.9672  22.7224  0 23.2259  23.1025  23.1196  22.9849  22.9933  22.6404  0.0584255  0.0167079  0.0131702  0.0209983  0.0366005  0.0893573  
54  23.3172  23.0996  23.0981  23  22.9672  22.7224  23.3298  23.0996  23.0981  23  22.9672  22.7224  0 23.2361  23.0727  23.0992  23.017  23.0641  22.787  0.0582344  0.0167079  0.0131703  0.0209983  0.0366005  0.0893573  
55  23.3172  23.0996  23.0981  23  22.9672  22.7224  23.333  23.0996  23.0981  23  22.9672  22.7224  0 23.3735  23.0833  23.0997  22.9874  22.9595  22.6599  0.0583834  0.0167079  0.0131702  0.0209983  0.0366005  0.0893573  
56  23.3172  23.0996  23.0981  23  22.9672  22.7224  23.36  23.0996  23.0981  23  22.9672  22.7224  0 23.3403  23.1255  23.0975  22.9953  22.9885  22.5997  0.0596818  0.0167079  0.0131703  0.0209983  0.0366005  0.0893573  
57  23.3172  23.0996  23.0981  23  22.9672  22.7224  23.357  23.0996  23.0981  23  22.9672  22.7224  0 23.3433  23.1032  23.1177  23.0119  22.9775  22.6735  0.0595356  0.0167079  0.0131702  0.0209983  0.0366005  0.0893572  
58  23.3172  23.0996  23.0981  23  22.9672  22.7224  23.3254  23.0996  23.0981  23  22.9672  22.7224  0 23.2484  23.1409  23.1  23.0014  22.9548  22.7251  0.0580264  0.0167079  0.0131703  0.0209983  0.0366005  0.0893573  
59  23.3172  23.0996  23.0981  23  22.9672  22.7224  23.3262  23.0996  23.0981  23  22.9672  22.7224  0 23.2346  23.0847  23.1138  22.9756  22.9901  22.7435  0.0580659  0.0167079  0.0131702  0.0209983  0.0366005  0.0893573  
60  23.3172  23.0996  23.0981  23  22.9672  22.7224  23.3211  23.0996  23.0981  23  22.9672  22.7224  0 23.1602  23.1187  23.1036  23.0115  22.9409  22.7366  0.0578235  0.0167079  0.0131703  0.0209983  0.0366005  0.0893573  
61  23.3172  23.0996  23.0981  23  22.9672  22.7224  23.3578  23.0996  23.0981  23  22.9672  22.7224  0 23.3373  23.0747  23.0898  23.0319  22.9357  22.6785  0.0595732  0.0167079  0.0131702  0.0209983  0.0366005  0.0893573  
62  23.3172  23.0996  23.0981  23  22.9672  22.7224  23.3248  23.0996  23.0981  23  22.9672  22.7224  0 23.3329  23.0977  23.1145  22.9921  22.8969  22.8438  0.0580004  0.0167079  0.0131702  0.0209983  0.0366005  0.0893573  
63  23.3172  23.0996  23.0981  23  22.9672  22.7224  23.3314  23.0996  23.0981  23  22.9672  22.7224  0 23.2639  23.0696  23.0902  22.985  22.9294  22.637  0.0583085  0.0167079  0.0131702  0.0209983  0.0366005  0.0893573  
64  23.3172  23.0996  23.0981  23  22.9672  22.7224  23.3249  23.0996  23.0981  23  22.9672  22.7224  0 23.3771  23.0953  23.1174  23.0155  23.0676  22.7038  0.0580024  0.0167079  0.0131703  0.0209983  0.0366005  0.0893573  
65  23.3172  23.0996  23.0981  23  22.9672  22.7224  23.345  23.0996  23.0981  23  22.9672  22.7224  0 23.3788  23.1116  23.1008  22.9878  22.9423  22.7084  0.0589589  0.0167079  0.0131702  0.0209983  0.0366005  0.0893573  
66  23.3172  23.0996  23.0981  23  22.9672  22.7224  23.325  23.0996  23.0981  23  22.9672  22.7224  0 23.3237  23.1299  23.1103  23.0354  22.9632  22.6385  0.058008  0.0167079  0.0131703  0.0209983  0.0366005  0.0893573  
67  23.3172  23.0996  23.0981  23  22.9672  22.7224  23.3764  23.0996  23.0981  23  22.9672  22.7224  0 23.3692  23.0894  23.0861  23.0401  22.9859  22.7725  0.0604849  0.0167079  0.0131703  0.0209983  0.0366005  0.0893572  
68  23.3172  23.0996  23.0981  23  22.9672  22.7224  23.3401  23.0996  23.0981  23  22.9672  22.7224  0 23.3889  23.0849  23.0996  23.0029  22.9929  22.741  0.0587228  0.0167079  0.0131702  0.0209983  0.0366005  0.0893573  
69  23.3172  23.0996  23.0981  23  22.9672  22.7224  23.3499  23.0996  23.0981  23  22.9672  22.7224  0 23.4656  23.1001  23.1003  23.0185  22.9896  22.6936  0.0591912  0.0167079  0.0131703  0.0209983  0.0366005  0.0893573  
70  23.3172  23.0996  23.0981  23  22.9672  22.7224  23.3184  23.0996  23.0981  23  22.9672  22.7224  0 23.2901  23.1333  23.0725  23.0114  22.92  22.8678  0.0576983  0.0167079  0.0131703  0.0209983  0.0366005  0.0893573  
71  23.3172  23.0996  23.0981  23  22.9672  22.7224  23.3288  23.0996  23.0981  23  22.9672  22.7224  0 23.2795  23.09  23.0852  23.0206  22.9198  22.7526  0.0581875  0.0167079  0.0131702  0.0209983  0.0366005  0.0893573  
72  23.3172  23.0996  23.0981  23  22.9672  22.7224  23.3343  23.0996  23.0981  23  22.9672  22.7224  0 23.3937  23.1018  23.0968  22.9797  23.0077  22.8699  0.0584475  0.0167079  0.0131702  0.0209983  0.0366005  0.0893573  
73  23.3172  23.0996  23.0981  23  22.9672  22.7224  23.3224  23.0996  23.0981  23  22.9672  22.7224  0 23.3099  23.0932  23.0786  23.0085  22.9577  22.7825  0.057887  0.0167079  0.0131703  0.0209983  0.0366005  0.0893573  
74  23.3172  23.0996  23.0981  23  22.9672  22.7224  23.3251  23.0996  23.0981  23  22.9672  22.7224  0 23.2861  23.0568  23.0929  23.0229  22.935  22.705  0.0580134  0.0167079  0.0131702  0.0209983  0.0366005  0.0893573  
75  23.3172  23.0996  23.0981  23  22.9672  22.7224  23.341  23.0996  23.0981  23  22.9672  22.7224  0 23.3008  23.0805  23.1204  22.9977  22.9829  22.7935  0.0587652  0.0167079  0.0131702  0.0209983  0.0366005  0.0893573  
76  23.3172  23.0996  23.0981  23  22.9672  22.7224  23.3381  23.0996  23.0981  23  22.9672  22.7224  0 23.3484  23.0659  23.1126  23.0016  23.0094  22.6319  0.0586283  0.0167079  0.0131702  0.0209983  0.0366005  0.0893573  
77  23.3172  23.0996  23.0981  23  22.9672  22.7224  23.3197  23.0996  23.0981  23  22.9672  22.7224  0 23.3496  23.1087  23.1001  22.9899  22.9587  22.6354  0.0577576  0.0167079  0.0131703  0.0209983  0.0366005  0.0893573  
78  23.3172  23.0996  23.0981  23  22.9672  22.7224  23.3332  23.0996  23.0981  23  22.9672  22.7224  0 23.3486  23.0895  23.0795  23.0017  22.9735  22.6021  0.0583962  0.0167079  0.0131702  0.0209983  0.0366005  0.0893573  
79  23.3172  23.0996  23.0981  23  22.9672  22.7224  23.3281  23.0996  23.0981  23  22.9672  22.7224  0 23.3134  23.0784  23.0892  22.9688  23.0137  22.5955  0.0581553  0.0167079  0.0131702  0.0209983  0.0366005  0.0893573  
80  23.3172  23.0996  23.0981  23  22.9672  22.7224  23.3777  23.0996  23.0981  23  22.9672  22.7224  0 23.3891  23.09  23.0774  23.0022  22.9383  22.6658  0.0605462  0.0167079  0.0131702  0.0209983  0.0366005  0.0893572  
81  23.3172  23.0996  23.0981  23  22.9672  22.7224  23.3472  23.0996  23.0981  23  22.9672  22.7224  0 23.4162  23.1009  23.0926  22.9788  22.9762  22.7243  0.059063  0.0167079  0.0131702  0.0209983  0.0366005  0.0893573  
82  23.3172  23.0996  23.0981  23  22.9672  22.7224  23.3431  23.0996  23.0981  23  22.9672  22.7224  0 23.2967  23.0919  23.0854  22.9574  22.9668  22.8431  0.0588672  0.0167079  0.0131702  0.0209983  0.0366005  0.0893573  
83  23.3172  23.0996  23.0981  23  22.9672  22.7224  23.3367  23.0996  23.0981  23  22.9672  22.7224  0 23.4066  23.1079  23.0885  22.9962  23.0106  22.6533  0.0585605  0.0167079  0.0131702  0.0209983  0.0366005  0.0893573  
84  23.3172  23.0996  23.0981  23  22.9672  22.7224  23.3715  23.0996  23.0981  23  22.9672  22.7224  0 23.3696  23.1269  23.1049  22.9716  22.9388  22.7319  0.0602446  0.0167079  0.0131702  0.0209983  0.0366006  0.0893573  
85  23.3172  23.0996  23.0981  23  22.9672  22.7224  23.3288  23.0996  23.0981  23  22.9672  22.7224  0 23.238  23.1121  23.0902  22.9921  22.9381  22.7657  0.0581866  0.0167079  0.0131702  0.0209983  0.0366005  0.0893573  
86  23.3172  23.0996  23.0981  23  22.9672  22.7224  23.3749  23.0996  23.0981  23  22.9672  22.7224  0 23.3618  23.1067  23.1041  23.0092  23.0195  22.7605  0.0604116  0.0167079  0.0131702  0.0209983  0.0366005  0.0893573  
87  23.3172  23.0996  23.0981  23  22.9672  22.7224  23.326  23.0996  23.0981  23  22.9672  22.7224  0 23.2765  23.1156  23.1048  22.9793  22.9095  22.8297  0.0580551  0.0167079  0.0131702  0.0209983  0.0366005  0.0893573  
88  23.3172  23.0996  23.0981  23  22.9672  22.7224  23.3237  23.0996  23.0981  23  22.9672  22.7224  0 23.3804  23.0782  23.0799  23.0247  23.0172  22.8  0.0579485  0.0167079  0.0131703  0.0209983  0.0366005  0.0893573  
89  23.3172  23.0996  23.0981  23  22.9672  22.7224  23.3277  23.0996  23.0981  23  22.9672  22.7224  0 23.3861  23.1101  23.0757  23.0449  22.9819  22.6433  0.0581352  0.0167079  0.0131702  0.0209983  0.0366005  0.0893573  
90  23.3172  23.0996  23.0981  23  22.9672  22.7224  23.3243  23.0996  23.0981  23  22.9672  22.7224  0 23.3025  23.1227  23.1204  23.0243  22.9541  22.6814  0.0579762  0.0167079  0.0131702  0.0209983  0.0366005  0.0893573  
91  23.3172  23.0996  23.0981  23  22.9672  22.7224  23.369  23.0996  23.0981  23  22.9672  22.7224  0 23.3991  23.1219  23.1118  23.0048  22.9919  22.6976  0.0601178  0.0167079  0.0131702  0.0209983  0.0366005  0.0893572  
92  23.3172  23.0996  23.0981  23  22.9672  22.7224  23.3348  23.0996  23.0981  23  22.9672  22.7224  0 23.2464  23.0721  23.1043  23.0305  22.967  22.7192  0.0584709  0.0167079  0.0131702  0.0209983  0.0366005  0.0893573  
93  23.3172  23.0996  23.0981  23  22.9672  22.7224  23.3344  23.0996  23.0981  23  22.9672  22.7224  0 23.3776  23.0842  23.106  22.9616  22.9559  22.6442  0.0584527  0.0167079  0.0131702  0.0209983  0.0366005  0.0893573  
94  23.3172  23.0996  23.0981  23  22.9672  22.7224  23.338  23.0996  23.0981  23  22.9672  22.7224  0 23.289  23.1252  23.0946  22.943  22.9664  22.6094  0.0586217  0.0167079  0.0131702  0.0209983  0.0366005  0.0893573  
95  23.3172  23.0996  23.0981  23  22.9672  22.7224  23.3223  23.0996  23.0981  23  22.9672  22.7224  0 23.3473  23.098  23.1188  22.9988  23.0479  22.5861  0.0578812  0.0167079  0.0131703  0.0209983  0.0366005  0.0893573  
96  23.3172  23.0996  23.0981  23  22.9672  22.7224  23.3349  23.0996  23.0981  23  22.9672  22.7224  0 23.2873  23.1271  23.079  23.0296  22.9592  22.6715  0.0584777  0.0167079  0.0131702  0.0209983  0.0366005  0.0893573  
97  23.3172  23.0996  23.0981  23  22.9672  22.7224  23.3294  23.0996  23.0981  23  22.9672  22.7224  0 23.2565  23.0732  23.1001  22.9773  23.0073  22.7656  0.0582147  0.0167079  0.0131703  0.0209983  0.0366005  0.0893573  
98  23.3172  23.0996  23.0981  23  22.9672  22.7224  23.3489  23.0996  23.0981  23  22.9672  22.7224  0 23.3473  23.089  23.0772  22.9791  22.9718  22.6659  0.0591458  0.0167079  0.0131702  0.0209983  0.0366005  0.0893573  
99  23.3172  23.0996  23.0981  23  22.9672  22.7224  23.3392  23.0996  23.0981  23  22.9672  22.7224  0 23.3667  23.1045  23.083  22.9924  22.9443  22.7977  0.0586789  0.0167079  0.0131702  0.0209983  0.0366005  0.0893573  
100  23.3172  23.0996  23.0981  23  22.9672  22.7224  23.35  23.0996  23.0981  23  22.9672  22.7224  0 23.2801  23.1075  23.0962  22.9799  22.9479  22.8596  0.0591996  0.0167079  0.0131702  0.0209983  0.0366005  0.0893573  
101  23.3172  23.0996  23.0981  23  22.9672  22.7224  23.3587  23.0996  23.0981  23  22.9672  22.7224  0 23.433  23.1218  23.0963  23.0086  23.0057  22.7668  0.059617  0.0167079  0.0131702  0.0209983  0.0366005  0.0893573  
102  23.3172  23.0996  23.0981  23  22.9672  22.7224  23.3261  23.0996  23.0981  23  22.9672  22.7224  0 23.3172  23.1038  23.0777  23.005  22.9593  22.769  0.0580575  0.0167079  0.0131702  0.0209983  0.0366005  0.0893573  
103  23.3172  23.0996  23.0981  23  22.9672  22.7224  23.3712  23.0996  23.0981  23  22.9672  22.7224  0 23.374  23.0863  23.1283  22.9926  22.9812  22.7447  0.0602295  0.0167079  0.0131703  0.0209983  0.0366005  0.0893573  
104  23.3172  23.0996  23.0981  23  22.9672  22.7224  23.3264  23.0996  23.0981  23  22.9672  22.7224  0 23.2984  23.0918  23.083  23.0191  23.0122  22.9196  0.058074  0.0167079  0.0131702  0.0209983  0.0366005  0.0893573  
105  23.3172  23.0996  23.0981  23  22.9672  22.7224  23.3429  23.0996  23.0981  23  22.9672  22.7224  0 23.3053  23.0749  23.0889  22.9613  22.9902  22.7085  0.0588586  0.0167079  0.0131702  0.0209983  0.0366005  0.0893573  
106  23.3172  23.0996  23.0981  23  22.9672  22.7224  23.3459  23.0996  23.0981  23  22.9672  22.7224  0 23.2562  23.1164  23.1085  23.0245  23.0034  22.6381  0.059001  0.0167079  0.0131702  0.0209983  0.0366005  0.0893573  
107  23.3172  23.0996  23.0981  23  22.9672  22.7224  23.3293  23.0996  23.0981  23  22.9672  22.7224  0 23.2262  23.103  23.1123  23.0137  22.9274  22.5893  0.0582125  0.0167079  0.0131702  0.0209983  0.0366005  0.0893573  
108  23.3172  23.0996  23.0981  23  22.9672  22.7224  23.3269  23.0996  23.0981  23  22.9672  22.7224  0 23.3725  23.0758  23.0647  23.0225  22.9877  22.6897  0.0580966  0.0167079  0.0131703  0.0209983  0.0366005  0.0893573  
109  23.3172  23.0996  23.0981  23  22.9672  22.7224  23.3605  23.0996  23.0981  23  22.9672  22.7224  0 23.3286  23.0859  23.1033  23.0258  22.8982  22.634  0.0597045  0.0167079  0.0131702  0.0209983  0.0366005  0.0893573  
110  23.3172  23.0996  23.0981  23  22.9672  22.7224  23.3457  23.0996  23.0981  23  22.9672  22.7224  0 23.2732  23.1077  23.114  23.0187  23.0655  22.8259  0.0589913  0.0167079  0.0131703  0.0209983  0.0366005  0.0893573  
111  23.3172  23.0996  23.0981  23  22.9672  22.7224  23.3374  23.0996  23.0981  23  22.9672  22.7224  0 23.3946  23.0746  23.0787  22.9689  22.9977  22.7539  0.0585922  0.0167079  0.0131702  0.0209983  0.0366005  0.0893572  
112  23.3172  23.0996  23.0981  23  22.9672  22.7224  23.3284  23.0996  23.0981  23  22.9672  22.7224  0 23.3137  23.0822  23.0865  23.0223  23.022  22.8553  0.0581688  0.0167079  0.0131702  0.0209983  0.0366005  0.0893573  
113  23.3172  23.0996  23.0981  23  22.9672  22.7224  23.3417  23.0996  23.0981  23  22.9672  22.7224  0 23.2485  23.0934  23.093  23.0066  22.9256  22.9991  0.0588005  0.0167079  0.0131702  0.0209983  0.0366005  0.0893573  
114  23.3172  23.0996  23.0981  23  22.9672  22.7224  23.3307  23.0996  23.0981  23  22.9672  22.7224  0 23.4148  23.1112  23.0923  22.9976  22.9442  22.8544  0.058277  0.0167079  0.0131702  0.0209983  0.0366005  0.0893573  
115  23.3172  23.0996  23.0981  23  22.9672  22.7224  23.3246  23.0996  23.0981  23  22.9672  22.7224  0 23.3908  23.114  23.0761  23.0103  22.9741  22.9132  0.0579867  0.0167079  0.0131703  0.0209983  0.0366005  0.0893573  
116  23.3172  23.0996  23.0981  23  22.9672  22.7224  23.3497  23.0996  23.0981  23  22.9672  22.7224  0 23.4673  23.1282  23.0938  23.0198  23.0085  22.7826  0.0591813  0.0167079  0.0131702  0.0209983  0.0366005  0.0893573  
117  23.3172  23.0996  23.0981  23  22.9672  22.7224  23.3355  23.0996  23.0981  23  22.9672  22.7224  0 23.2913  23.1267  23.0971  23.0196  22.9501  22.7564  0.0585022  0.0167079  0.0131702  0.0209983  0.0366005  0.0893573  
118  23.3172  23.0996  23.0981  23  22.9672  22.7224  23.3247  23.0996  23.0981  23  22.9672  22.7224  0 23.3074  23.0823  23.0911  23.0036  22.9806  22.7021  0.0579913  0.0167079  0.0131703  0.0209983  0.0366005  0.0893573  
119  23.3172  23.0996  23.0981  23  22.9672  22.7224  23.3212  23.0996  23.0981  23  22.9672  22.7224  0 23.3391  23.0891  23.1175  22.9451  22.9892  22.6426  0.0578295  0.0167079  0.0131703  0.0209983  0.0366005  0.0893573  
120  23.3172  23.0996  23.0981  23  22.9672  22.7224  23.3294  23.0996  23.0981  23  22.9672  22.7224  0 23.3267  23.0909  23.1028  22.9934  23.0227  22.5998  0.0582129  0.0167079  0.0131703  0.0209983  0.0366005  0.0893573  
121  23.3172  23.0996  23.0981  23  22.9672  22.7224  23.3603  23.0996  23.0981  23  22.9672  22.7224  0 23.309  23.1127  23.1235  23.0198  22.9481  22.7679  0.0596969  0.0167079  0.0131702  0.0209983  0.0366005  0.0893573  
122  23.3172  23.0996  23.0981  23  22.9672  22.7224  23.3323  23.0996  23.0981  23  22.9672  22.7224  0 23.3579  23.0636  23.0728  23.0306  22.9365  22.8112  0.0583539  0.0167079  0.0131702  0.0209983  0.0366005  0.0893573  
123  23.3172  23.0996  23.0981  23  22.9672  22.7224  23.3516  23.0996  23.0981  23  22.9672  22.7224  0 23.3652  23.1287  23.1093  23.0071  22.9852  22.786  0.0592762  0.0167079  0.0131703  0.0209983  0.0366005  0.0893573  
124  23.3172  23.0996  23.0981  23  22.9672  22.7224  23.3457  23.0996  23.0981  23  22.9672  22.7224  0 23.3547  23.0834  23.1168  23.0176  23.0014  22.7897  0.0589889  0.0167079  0.0131702  0.0209983  0.0366005  0.0893573  
125  23.3172  23.0996  23.0981  23  22.9672  22.7224  23.3518  23.0996  23.0981  23  22.9672  22.7224  0 23.307  23.1054  23.116  23.0227  23.0036  22.5852  0.0592849  0.0167079  0.0131702  0.0209983  0.0366005  0.0893573  
126  23.3172  23.0996  23.0981  23  22.9672  22.7224  23.3484  23.0996  23.0981  23  22.9672  22.7224  0 23.3299  23.1042  23.0781  23.019  23.0111  22.6905  0.0591203  0.0167079  0.0131702  0.0209983  0.0366005  0.0893573  
127  23.3172  23.0996  23.0981  23  22.9672  22.7224  23.3284  23.0996  23.0981  23  22.9672  22.7224  0 23.3989  23.0988  23.1025  23.0088  22.9621  22.7245  0.0581693  0.0167079  0.0131702  0.0209983  0.0366005  0.0893573  
128  23.3172  23.0996  23.0981  23  22.9672  22.7224  23.3552  23.0996  23.0981  23  22.9672  22.7224  0 23.2653  23.1084  23.1056  23.0004  22.9652  23.017  0.05945  0.0167079  0.0131702  0.0209983  0.0366005  0.0893572  
129  23.3172  23.0996  23.0981  23  22.9672  22.7224  23.3397  23.0996  23.0981  23  22.9672  22.7224  0 23.3223  23.0916  23.0908  23.0023  23.0484  22.7048  0.058705  0.0167079  0.0131702  0.0209983  0.0366005  0.0893573  
130  23.3172  23.0996  23.0981  23  22.9672  22.7224  23.3322  23.0996  23.0981  23  22.9672  22.7224  0 23.3564  23.1091  23.0705  22.9876  22.9642  22.717  0.0583457  0.0167079  0.0131702  0.0209983  0.0366005  0.0893573  
131  23.3172  23.0996  23.0981  23  22.9672  22.7224  23.3347  23.0996  23.0981  23  22.9672  22.7224  0 23.3057  23.098  23.087  22.9985  22.9339  22.7894  0.0584647  0.0167079  0.0131702  0.0209983  0.0366005  0.0893573  
132  23.3172  23.0996  23.0981  23  22.9672  22.7224  23.3291  23.0996  23.0981  23  22.9672  22.7224  0 23.3773  23.1076  23.0802  22.995  22.9504  22.8827  0.0582014  0.0167079  0.0131703  0.0209983  0.0366005  0.0893573  
133  23.3172  23.0996  23.0981  23  22.9672  22.7224  23.3216  23.0996  23.0981  23  22.9672  22.7224  0 23.3321  23.1141  23.0815  23.0404  22.9503  22.7747  0.0578495  0.0167079  0.0131703  0.0209983  0.0366005  0.0893574  
134  23.3172  23.0996  23.0981  23  22.9672  22.7224  23.3316  23.0996  23.0981  23  22.9672  22.7224  0 23.3567  23.0666  23.1183  23.0286  22.9736  22.7389  0.0583204  0.0167079  0.0131702  0.0209983  0.0366005  0.0893573  
135  23.3172  23.0996  23.0981  23  22.9672  22.7224  23.3251  23.0996  23.0981  23  22.9672  22.7224  0 23.3662  23.1322  23.1169  23.0148  23.0005  22.9107  0.0580146  0.0167079  0.0131703  0.0209983  0.0366005  0.0893573  
136  23.3172  23.0996  23.0981  23  22.9672  22.7224  23.3277  23.0996  23.0981  23  22.9672  22.7224  0 23.3721  23.1254  23.1038  23.0024  22.9614  22.5758  0.0581328  0.0167079  0.0131703  0.0209983  0.0366005  0.0893573  
137  23.3172  23.0996  23.0981  23  22.9672  22.7224  23.3482  23.0996  23.0981  23  22.9672  22.7224  0 23.375  23.1275  23.0804  22.9961  23.0067  22.7775  0.0591099  0.0167079  0.0131702  0.0209983  0.0366005  0.0893573  
138  23.3172  23.0996  23.0981  23  22.9672  22.7224  23.3442  23.0996  23.0981  23  22.9672  22.7224  0 23.3793  23.0962  23.1011  23.0124  22.975  22.7061  0.0589185  0.0167079  0.0131702  0.0209983  0.0366005  0.0893573  
139  23.3172  23.0996  23.0981  23  22.9672  22.7224  23.3583  23.0996  23.0981  23  22.9672  22.7224  0 23.4419  23.0882  23.1075  23.0259  23.0195  22.706  0.0595986  0.0167079  0.0131702  0.0209983  0.0366005  0.0893573  
140  23.3172  23.0996  23.0981  23  22.9672  22.7224  23.3229  23.0996  23.0981  23  22.9672  22.7224  0 23.3266  23.0817  23.088  22.9584  22.9337  22.6453  0.0579089  0.0167079  0.0131703  0.0209983  0.0366005  0.0893573  
141  23.3172  23.0996  23.0981  23  22.9672  22.7224  23.3214  23.0996  23.0981  23  22.9672  22.7224  0 23.3217  23.1112  23.0846  23.0355  22.9981  22.619  0.0578379  0.0167079  0.0131702  0.0209983  0.0366005  0.0893573  
142  23.3172  23.0996  23.0981  23  22.9672  22.7224  23.3208  23.0996  23.0981  23  22.9672  22.7224  0 23.2342  23.1125  23.0994  23.0216  22.9604  22.5243  0.0578123  0.0167079  0.0131703  0.0209983  0.0366005  0.0893573  
143  23.3172  23.0996  23.0981  23  22.9672  22.7224  23.3358  23.0996  23.0981  23  22.9672  22.7224  0 23.2786  23.0734  23.0926  22.9979  22.946  22.8246  0.0585164  0.0167079  0.0131702  0.0209983  0.0366005  0.0893573  
144  23.3172  23.0996  23.0981  23  22.9672  22.7224  23.352  23.0996  23.0981  23  22.9672  22.7224  0 23.3522  23.0917  23.1041  22.9888  22.9785  22.6966  0.0592945  0.0167079  0.0131702  0.0209983  0.0366005  0.0893573  
145  23.3172  23.0996  23.0981  23  22.9672  22.7224  23.3297  23.0996  23.0981  23  22.9672  22.7224  0 23.3669  23.1231  23.0883  22.9996  23.0149  22.6939  0.058231  0.0167079  0.0131702  0.0209983  0.0366005  0.0893573  
146  23.3172  23.0996  23.0981  23  22.9672  22.7224  23.3508  23.0996  23.0981  23  22.9672  22.7224  0 23.3304  23.0908  23.1056  23.035  23.0025  22.7684  0.0592362  0.0167079  0.0131702  0.0209983  0.0366005  0.0893573  
147  23.3172  23.0996  23.0981  23  22.9672  22.7224  23.367  23.0996  23.0981  23  22.9672  22.7224  0 23.3159  23.0946  23.1036  22.9968  22.9471  22.8009  0.0600225  0.0167079  0.0131703  0.0209983  0.0366005  0.0893573  
148  23.3172  23.0996  23.0981  23  22.9672  22.7224  23.3358  23.0996  23.0981  23  22.9672  22.7224  0 23.3093  23.1076  23.0899  23.0057  22.9397  22.6422  0.0585164  0.0167079  0.0131702  0.0209983  0.0366005  0.0893573  
149  23.3172  23.0996  23.0981  23  22.9672  22.7224  23.3228  23.0996  23.0981  23  22.9672  22.7224  0 23.3419  23.1156  23.1051  23.009  22.9924  22.598  0.0579019  0.0167079  0.0131702  0.0209983  0.0366005  0.0893573  
150  23.3172  23.0996  23.0981  23  22.9672  22.7224  23.3661  23.0996  23.0981  23  22.9672  22.7224  0 23.4923  23.1186  23.1086  22.9748  23.0248  22.7354  0.0599783  0.0167079  0.0131702  0.0209983  0.0366005  0.0893573  
151  23.3172  23.0996  23.0981  23  22.9672  22.7224  23.3427  23.0996  23.0981  23  22.9672  22.7224  0 23.2648  23.0942  23.0862  22.9969  22.9318  22.7852  0.0588478  0.0167079  0.0131702  0.0209983  0.0366005  0.0893573  
152  23.3172  23.0996  23.0981  23  22.9672  22.7224  23.3728  23.0996  23.0981  23  22.9672  22.7224  0 23.3856  23.0974  23.1116  23.0139  22.9824  22.8187  0.060304  0.0167079  0.0131702  0.0209983  0.0366005  0.0893572  
153  23.3172  23.0996  23.0981  23  22.9672  22.7224  23.3218  23.0996  23.0981  23  22.9672  22.7224  0 23.2214  23.0829  23.0975  22.984  22.9962  22.8335  0.0578561  0.0167079  0.0131702  0.0209983  0.0366005  0.0893573  
154  23.3172  23.0996  23.0981  23  22.9672  22.7224  23.3464  23.0996  23.0981  23  22.9672  22.7224  0 23.3441  23.0781  23.089  23.0155  23.0158  22.8394  0.0590248  0.0167079  0.0131702  0.0209983  0.0366005  0.0893573  
155  23.3172  23.0996  23.0981  23  22.9672  22.7224  23.3421  23.0996  23.0981  23  22.9672  22.7224  0 23.318  23.0974  23.0863  23.0159  23.0368  22.86  0.0588176  0.0167079  0.0131702  0.0209983  0.0366005  0.0893573  
156  23.3172  23.0996  23.0981  23  22.9672  22.7224  23.3299  23.0996  23.0981  23  22.9672  22.7224  0 23.3339  23.0987  23.0914  23.0035  22.961  22.6949  0.058237  0.0167079  0.0131702  0.0209983  0.0366005  0.0893573  
157  23.3172  23.0996  23.0981  23  22.9672  22.7224  23.335  23.0996  23.0981  23  22.9672  22.7224  0 23.2408  23.0984  23.083  23.0495  22.9632  22.7135  0.0584784  0.0167079  0.0131703  0.0209983  0.0366005  0.0893573  
158  23.3172  23.0996  23.0981  23  22.9672  22.7224  23.3259  23.0996  23.0981  23  22.9672  22.7224  0 23.3525  23.0871  23.0936  22.9601  22.9721  22.8181  0.0580485  0.0167079  0.0131702  0.0209983  0.0366005  0.0893573  
159  23.3172  23.0996  23.0981  23  22.9672  22.7224  23.3201  23.0996  23.0981  23  22.9672  22.7224  0 23.4592  23.1037  23.0928  23.0002  23.0164  22.7448  0.057779  0.0167079  0.0131703  0.0209983  0.0366005  0.0893574  
160  23.3172  23.0996  23.0981  23  22.9672  22.7224  23.3269  23.0996  23.0981  23  22.9672  22.7224  0 23.1783  23.1198  23.0996  23.0021  22.9592  22.7775  0.0580982  0.0167079  0.0131703  0.0209983  0.0366005  0.0893573  
161  23.3172  23.0996  23.0981  23  22.9672  22.7224  23.343  23.0996  23.0981  23  22.9672  22.7224  0 23.4273  23.0985  23.1133  23.0379  22.9338  22.5894  0.0588632  0.0167079  0.0131702  0.0209983  0.0366005  0.0893573  
162  23.3172  23.0996  23.0981  23  22.9672  22.7224  23.3272  23.0996  23.0981  23  22.9672  22.7224  0 23.3733  23.0697  23.0981  22.9832  22.9957  22.7396  0.0581129  0.0167079  0.0131702  0.0209983  0.0366005  0.0893573  
163  23.3172  23.0996  23.0981  23  22.9672  22.7224  23.3504  23.0996  23.0981  23  22.9672  22.7224  0 23.3196  23.0849  23.1061  23.022  22.9517  22.7185  0.0592148  0.0167079  0.0131703  0.0209983  0.0366005  0.0893573  
164  23.3172  23.0996  23.0981  23  22.9672  22.7224  23.3482  23.0996  23.0981  23  22.9672  22.7224  0 23.367  23.0721  23.104  22.9793  22.9946  22.6995  0.0591116  0.0167079  0.0131702  0.0209983  0.0366005  0.0893573  
165  23.3172  23.0996  23.0981  23  22.9672  22.7224  23.3453  23.0996  23.0981  23  22.9672  22.7224  0 23.3352  23.0759  23.1166  23.0079  22.9286  22.6432  0.0589695  0.0167079  0.0131703  0.0209983  0.0366005  0.0893573  
166  23.3172  23.0996  23.0981  23  22.9672  22.7224  23.3636  23.0996  23.0981  23  22.9672  22.7224  0 23.4295  23.1128  23.1202  22.989  22.9884  22.6604  0.0598542  0.0167079  0.0131702  0.0209983  0.0366005  0.0893572  
167  23.3172  23.0996  23.0981  23  22.9672  22.7224  23.3196  23.0996  23.0981  23  22.9672  22.7224  0 23.3167  23.1055  23.108  22.988  22.9618  22.9075  0.0577525  0.0167079  0.0131702  0.0209983  0.0366005  0.0893573  
168  23.3172  23.0996  23.0981  23  22.9672  22.7224  23.3392  23.0996  23.0981  23  22.9672  22.7224  0 23.3542  23.1171  23.0955  23.0168  22.9971  22.9051  0.0586807  0.0167079  0.0131702  0.0209983  0.0366005  0.0893573  
169  23.3172  23.0996  23.0981  23  22.9672  22.7224  23.3335  23.0996  23.0981  23  22.9672  22.7224  0 23.3926  23.1281  23.1037  23.0057  22.9962  22.6997  0.0584109  0.0167079  0.0131702  0.0209983  0.0366005  0.0893573  
170  23.3172  23.0996  23.0981  23  22.9672  22.7224  23.3226  23.0996  23.0981  23  22.9672  22.7224  0 23.2563  23.1157  23.0743  22.965  23.0005  22.728  0.0578927  0.0167079  0.0131703  0.0209983  0.0366005  0.0893573  
171  23.3172  23.0996  23.0981  23  22.9672  22.7224  23.3241  23.0996  23.0981  23  22.9672  22.7224  0 23.3049  23.0782  23.1049  23.0158  23.0547  22.831  0.0579664  0.0167079  0.0131703  0.0209983  0.0366005  0.0893573  
172  23.3172  23.0996  23.0981  23  22.9672  22.7224  23.354  23.0996  23.0981  23  22.9672  22.7224  0 23.3543  23.0969  23.0859  23.0229  22.9759  22.703  0.0593906  0.0167079  0.0131702  0.0209983  0.0366005  0.0893573  
173  23.3172  23.0996  23.0981  23  22.9672  22.7224  23.3262  23.0996  23.0981  23  22.9672  22.7224  0 23.2966  23.0982  23.0825  22.9981  22.9707  22.7884  0.0580658  0.0167079  0.0131703  0.0209983  0.0366005  0.0893573  
174  23.3172  23.0996  23.0981  23  22.9672  22.7224  23.3417  23.0996  23.0981  23  22.9672  22.7224  0 23.3064  23.0828  23.1144  23.0077  22.936  22.8297  0.0588012  0.0167079  0.0131702  0.0209983  0.0366005  0.0893573  
175  23.3172  23.0996  23.0981  23  22.9672  22.7224  23.3277  23.0996  23.0981  23  22.9672  22.7224  0 23.1774  23.12  23.1046  22.9783  22.9724  22.7051  0.0581336  0.0167079  0.0131702  0.0209983  0.0366005  0.0893573  
176  23.3172  23.0996  23.0981  23  22.9672  22.7224  23.3669  23.0996  23.0981  23  22.9672  22.7224  0 23.3586  23.1249  23.0722  22.9726  22.9172  22.7752  0.0600154  0.0167079  0.0131702  0.0209983  0.0366005  0.0893573  
177  23.3172  23.0996  23.0981  23  22.9672  22.7224  23.3591  23.0996  23.0981  23  22.9672  22.7224  0 23.4523  23.0874  23.1272  22.9753  22.9048  22.704  0.0596379  0.0167079  0.0131702  0.0209983  0.0366005  0.0893573  
178  23.3172  23.0996  23.0981  23  22.9672  22.7224  23.3586  23.0996  23.0981  23  22.9672  22.7224  0 23.2884  23.0943  23.0938  23.0104  22.9947  22.775  0.0596117  0.0167079  0.0131702  0.0209983  0.0366005  0.0893572  
179  23.3172  23.0996  23.0981  23  22.9672  22.7224  23.338  23.0996  23.0981  23  22.9672  22.7224  0 23.3751  23.0932  23.1171  23.0422  22.9337  22.7597  0.0586243  0.0167079  0.0131702  0.0209983  0.0366005  0.0893573  
180  23.3172  23.0996  23.0981  23  22.9672  22.7224  23.3433  23.0996  23.0981  23  22.9672  22.7224  0 23.2634  23.1186  23.0852  22.9852  22.933  22.8953  0.0588751  0.0167079  0.0131702  0.0209983  0.0366005  0.0893573  
181  23.3172  23.0996  23.0981  23  22.9672  22.7224  23.3271  23.0996  23.0981  23  22.9672  22.7224  0 23.3484  23.0995  23.1095  22.9953  22.9261  22.6128  0.0581063  0.0167079  0.0131702  0.0209983  0.0366005  0.0893573  
182  23.3172  23.0996  23.0981  23  22.9672  22.7224  23.3369  23.0996  23.0981  23  22.9672  22.7224  0 23.2423  23.0765  23.1056  22.9734  23.0062  22.7586  0.0585718  0.0167079  0.0131702  0.0209983  0.0366005  0.0893573  
183  23.3172  23.0996  23.0981  23  22.9672  22.7224  23.367  23.0996  23.0981  23  22.9672  22.7224  0 23.3833  23.1037  23.0827  23.0098  22.9677  22.6818  0.0600236  0.0167079  0.0131703  0.0209983  0.0366005  0.0893573  
184  23.3172  23.0996  23.0981  23  22.9672  22.7224  23.3316  23.0996  23.0981  23  22.9672  22.7224  0 23.3596  23.1305  23.1199  22.9963  23.0096  22.6456  0.0583213  0.0167079  0.0131702  0.0209983  0.0366005  0.0893573  
185  23.3172  23.0996  23.0981  23  22.9672  22.7224  23.357  23.0996  23.0981  23  22.9672  22.7224  0 23.4969  23.1284  23.1084  23.0023  23.0236  22.7413  0.0595374  0.0167079  0.0131702  0.0209983  0.0366005  0.0893572  
186  23.3172  23.0996  23.0981  23  22.9672  22.7224  23.3238  23.0996  23.0981  23  22.9672  22.7224  0 23.3539  23.1408  23.0916  23.006  23.0061  22.7067  0.0579494  0.0167079  0.0131702  0.0209983  0.0366005  0.0893573  
187  23.3172  23.0996  23.0981  23  22.9672  22.7224  23.3564  23.0996  23.0981  23  22.9672  22.7224  0 23.2981  23.1236  23.1053  23.0421  22.9537  22.6566  0.0595053  0.0167079  0.0131703  0.0209983  0.0366005  0.0893573  
188  23.3172  23.0996  23.0981  23  22.9672  22.7224  23.3523  23.0996  23.0981  23  22.9672  22.7224  0 23.3709  23.0993  23.1097  22.9857  22.9236  22.6876  0.0593082  0.0167079  0.0131702  0.0209983  0.0366005  0.0893573  
189  23.3172  23.0996  23.0981  23  22.9672  22.7224  23.3312  23.0996  23.0981  23  22.9672  22.7224  0 23.2746  23.1018  23.0974  23.0393  22.9469  22.7089  0.0583006  0.0167079  0.0131702  0.0209983  0.0366005  0.0893573  
190  23.3172  23.0996  23.0981  23  22.9672  22.7224  23.3425  23.0996  23.0981  23  22.9672  22.7224  0 23.2896  23.0974  23.0881  22.9749  22.9977  22.7554  0.0588389  0.0167079  0.0131702  0.0209983  0.0366005  0.0893573  
191  23.3172  23.0996  23.0981  23  22.9672  22.7224  23.3338  23.0996  23.0981  23  22.9672  22.7224  0 23.3524  23.1038  23.0942  23.0238  22.9693  22.7161  0.0584221  0.0167079  0.0131702  0.0209983  0.0366005  0.0893573  
192  23.3172  23.0996  23.0981  23  22.9672  22.7224  23.3404  23.0996  23.0981  23  22.9672  22.7224  0 23.4414  23.11  23.0933  22.9621  22.9806  22.8441  0.0587358  0.0167079  0.0131702  0.0209983  0.0366005  0.0893573  
193  23.3172  23.0996  23.0981  23  22.9672  22.7224  23.3725  23.0996  23.0981  23  22.9672  22.7224  0 23.4135  23.1633  23.1347  23.0132  23.0128  22.6952  0.0602905  0.0167079  0.0131703  0.0209983  0.0366005  0.0893573  
194  23.3172  23.0996  23.0981  23  22.9672  22.7224  23.3351  23.0996  23.0981  23  22.9672  22.7224  0 23.3436  23.1105  23.0727  22.9723  22.8998  22.695  0.0584859  0.0167079  0.0131702  0.0209983  0.0366005  0.0893573  
195  23.3172  23.0996  23.0981  23  22.9672  22.7224  23.3298  23.0996  23.0981  23  22.9672  22.7224  0 23.3316  23.105  23.0797  22.9856  22.9578  22.7594  0.0582323  0.0167079  0.0131702  0.0209983  0.0366005  0.0893573  
196  23.3172  23.0996  23.0981  23  22.9672  22.7224  23.3574  23.0996  23.0981  23  22.9672  22.7224  0 23.3463  23.0899  23.1042  22.9909  22.9708  22.5599  0.0595528  0.0167079  0.0131702  0.0209983  0.0366005  0.0893573  
197  23.3172  23.0996  23.0981  23  22.9672  22.7224  23.3253  23.0996  23.0981  23  22.9672  22.7224  0 23.2829  23.0911  23.0938  22.9887  23.0122  22.7639  0.0580224  0.0167079  0.0131702  0.0209983  0.0366005  0.0893573  
198  23.3172  23.0996  23.0981  23  22.9672  22.7224  23.322  23.0996  23.0981  23  22.9672  22.7224  0 23.3664  23.1019  23.1244  23.0304  22.9828  22.7812  0.0578652  0.0167079  0.0131702  0.0209983  0.0366005  0.0893573  
199  23.3172  23.0996  23.0981  23  22.9672  22.7224  23.33  23.0996  23.0981  23  22.9672  22.7224  0 23.3511  23.0998  23.0777  23.0226  22.8994  22.7792  0.0582413  0.0167079  0.0131702  0.0209983  0.0366005  0.0893573  
200  23.3172  23.0996  23.0981  23  22.9672  22.7224  23.3563  23.0996  23.0981  23  22.9672  22.7224  0 23.4468  23.1145  23.133  22.9922  22.9107  22.7299  0.0594993  0.0167079  0.0131703  0.0209983  0.0366005  0.0893573  
