1  24.0337  23.2227  22.9767  23  22.9586  22.8688  24.4007  23.3266  22.9766  23  22.9586  22.8688  0 24.2557  23.3096  22.9741  22.9817  22.9806  22.8944  0.144093  0.0196228  0.0120434  0.0209983  0.0363141  0.10225  
2  24.0337  23.2227  22.9767  23  22.9586  22.8688  24.3928  23.2907  22.9767  23  22.9586  22.8688  0 24.429  23.2874  22.9675  22.9992  22.9467  22.8219  0.143104  0.0191214  0.0120434  0.0209983  0.0363138  0.10225  
3  24.0337  23.2227  22.9767  23  22.9586  22.8688  24.31  23.3002  22.9766  23  22.9586  22.8688  0 24.2196  23.2733  22.9832  23.0205  22.9539  22.7725  0.133141  0.019253  0.0120433  0.0209983  0.0363132  0.10225  
4  24.0337  23.2227  22.9767  23  22.9586  22.8688  24.2594  23.3159  22.9767  23  22.9586  22.8688  0 24.2659  23.3041  22.9779  23.0015  22.9763  22.8346  0.127418  0.0194713  0.0120435  0.0209983  0.0363139  0.102251  
5  24.0337  23.2227  22.9767  23  22.9586  22.8688  24.1869  23.3215  22.9766  23  22.9586  22.8688  0 24.2047  23.3134  22.9844  23.0027  22.9856  22.9548  0.119662  0.0195496  0.0120434  0.0209983  0.0363136  0.102252  
6  24.0337  23.2227  22.9767  23  22.9586  22.8688  24.2398  23.3276  22.9766  23  22.9586  22.8688  0 24.2587  23.3255  22.9736  23.0223  22.927  23.0381  0.125267  0.0196364  0.0120434  0.0209983  0.0363136  0.102251  
7  24.0337  23.2227  22.9767  23  22.9586  22.8688  24.3473  23.3507  22.9767  23  22.9587  22.8688  0 24.0821  23.3799  22.9723  23.0105  22.9811  22.8685  0.137536  0.019968  0.0120435  0.0209983  0.0363145  0.102253  
8  24.0337  23.2227  22.9767  23  22.9586  22.8688  24.338  23.3357  22.9766  23  22.9587  22.8688  0 24.5952  23.3369  22.9703  22.9938  23.0036  22.9313  0.136426  0.0197515  0.0120434  0.0209983  0.0363144  0.102253  
9  24.0337  23.2227  22.9767  23  22.9586  22.8688  24.275  23.3482  22.9767  23  22.9587  22.8688  0 24.1342  23.3635  22.9826  23.0203  22.9324  22.9734  0.129158  0.0199311  0.0120435  0.0209983  0.0363146  0.102252  
10  24.0337  23.2227  22.9767  23  22.9586  22.8688  24.218  23.3378  22.9766  23  22.9586  22.8688  0 24.1189  23.3445  22.9664  22.9843  22.9675  22.8968  0.122925  0.0197818  0.0120434  0.0209983  0.0363136  0.102251  
11  24.0337  23.2227  22.9767  23  22.9586  22.8688  24.4021  23.2809  22.9766  23  22.9587  22.8688  0 24.6101  23.2895  22.985  22.9729  22.9889  23.0415  0.144276  0.018988  0.0120434  0.0209983  0.0363145  0.102253  
12  24.0337  23.2227  22.9767  23  22.9586  22.8688  24.2057  23.3186  22.9767  23  22.9586  22.8688  0 24.4847  23.3252  22.9735  23.0032  22.9857  22.7504  0.121628  0.0195097  0.0120435  0.0209983  0.036314  0.102252  
13  24.0337  23.2227  22.9767  23  22.9586  22.8688  24.2873  23.3076  22.9766  23  22.9587  22.8688  0 24.3298  23.2664  22.988  22.9928  22.9925  22.9804  0.130542  0.0193549  0.0120434  0.0209983  0.0363147  0.102254  
14  24.0337  23.2227  22.9767  23  22.9586  22.8688  24.4428  23.3556  22.9766  23  22.9587  22.8688  0 24.6358  23.3374  22.9751  22.9896  22.9442  22.9227  0.1495  0.0200392  0.0120434  0.0209983  0.0363144  0.102253  
15  24.0337  23.2227  22.9767  23  22.9586  22.8688  24.3947  23.3129  22.9766  23  22.9586  22.8688  0 24.667  23.288  22.9869  23.0255  22.9615  23.0358  0.143339  0.0194289  0.0120434  0.0209983  0.0363139  0.102251  
16  24.0337  23.2227  22.9767  23  22.9586  22.8688  24.3744  23.2961  22.9767  23  22.9587  22.8688  0 24.719  23.2914  22.9921  23.0113  22.8645  22.8621  0.140827  0.0191953  0.0120434  0.0209983  0.0363143  0.102252  
17  24.0337  23.2227  22.9767  23  22.9586  22.8688  24.3473  23.3069  22.9767  23  22.9586  22.8688  0 24.2888  23.3323  22.9611  22.9702  22.9908  22.9148  0.137538  0.0193452  0.0120434  0.0209983  0.0363139  0.102251  
18  24.0337  23.2227  22.9767  23  22.9586  22.8688  24.2721  23.3402  22.9767  23  22.9586  22.8688  0 24.4548  23.3369  22.9579  23.0013  22.9278  22.9055  0.128832  0.0198167  0.0120435  0.0209983  0.0363141  0.102252  
19  24.0337  23.2227  22.9767  23  22.9586  22.8688  24.3228  23.3186  22.9766  23  22.9586  22.8688  0 24.5844  23.3168  22.99  23.0111  22.9452  22.7904  0.134633  0.0195091  0.0120434  0.0209983  0.0363136  0.102252  
20  24.0337  23.2227  22.9767  23  22.9586  22.8688  24.3267  23.2993  22.9766  23  22.9586  22.8688  0 24.386  23.3068  22.9673  22.9971  22.8586  22.7264  0.135098  0.0192395  0.0120433  0.0209983  0.0363138  0.102252  
21  24.0337  23.2227  22.9767  23  22.9586  22.8688  24.2467  23.3109  22.9766  23  22.9586  22.8688  0 24.1761  23.3319  22.9953  23.0133  22.9544  23.0079  0.126022  0.0194015  0.0120433  0.0209983  0.0363135  0.102251  
22  24.0337  23.2227  22.9767  23  22.9586  22.8688  24.2913  23.3216  22.9767  23  22.9586  22.8688  0 24.3116  23.3314  22.9832  23.009  23.0146  22.8109  0.130992  0.0195517  0.0120435  0.0209983  0.0363141  0.102251  
23  24.0337  23.2227  22.9767  23  22.9586  22.8688  24.2377  23.3231  22.9767  23  22.9586  22.8688  0 24.1755  23.315  22.9862  22.9838  22.953  23.0737  0.125038  0.0195732  0.0120435  0.0209983  0.0363141  0.102252  
24  24.0337  23.2227  22.9767  23  22.9586  22.8688  24.2009  23.2847  22.9766  23  22.9586  22.8688  0 24.1932  23.2711  22.9738  22.9812  22.9743  22.8014  0.12112  0.0190397  0.0120434  0.0209983  0.0363137  0.102252  
25  24.0337  23.2227  22.9767  23  22.9586  22.8688  24.4113  23.3078  22.9766  23  22.9586  22.8688  0 24.4419  23.294  23.0042  22.9948  22.8944  22.8387  0.145437  0.0193576  0.0120433  0.0209983  0.0363139  0.102252  
26  24.0337  23.2227  22.9767  23  22.9586  22.8688  24.364  23.3102  22.9766  23  22.9586  22.8688  0 24.3363  23.3073  22.9773  23.0302  22.9422  22.8571  0.139557  0.0193912  0.0120433  0.0209983  0.0363135  0.102252  
27  24.0337  23.2227  22.9767  23  22.9586  22.8688  24.2627  23.3391  22.9766  23  22.9586  22.8688  0 24.3116  23.3834  22.9765  23.0267  22.9754  22.7003  0.127786  0.0198011  0.0120434  0.0209983  0.0363139  0.102252  
28  24.0337  23.2227  22.9767  23  22.9586  22.8688  24.3964  23.2759  22.9767  23  22.9587  22.8688  0 24.3681  23.2874  22.9764  22.9583  22.9395  22.8198  0.143554  0.0189193  0.0120434  0.0209983  0.0363145  0.10225  
29  24.0337  23.2227  22.9767  23  22.9586  22.8688  24.3792  23.3221  22.9766  23  22.9586  22.8688  0 24.3602  23.3248  22.9776  23.0108  22.8851  22.9234  0.14142  0.0195588  0.0120434  0.0209983  0.036314  0.102251  
30  24.0337  23.2227  22.9767  23  22.9586  22.8688  24.3607  23.3158  22.9767  23  22.9587  22.8688  0 24.4933  23.312  22.9718  22.9738  22.9568  22.9683  0.139152  0.0194703  0.0120434  0.0209983  0.0363145  0.102254  
31  24.0337  23.2227  22.9767  23  22.9586  22.8688  24.3399  23.3077  22.9766  23  22.9586  22.8688  0 24.235  23.2979  22.9942  22.9874  23.0332  22.6451  0.136652  0.0193563  0.0120434  0.0209983  0.0363138  0.102249  
32  24.0337  23.2227  22.9767  23  22.9586  22.8688  24.2643  23.3179  22.9766  23  22.9586  22.8688  0 24.2855  23.2841  22.9847  22.9826  22.9071  22.858  0.127962  0.0194999  0.0120434  0.0209983  0.0363139  0.102249  
33  24.0337  23.2227  22.9767  23  22.9586  22.8688  24.2551  23.3182  22.9766  23  22.9586  22.8688  0 24.2456  23.336  22.9767  23.0667  23.018  23.0005  0.126943  0.0195041  0.0120434  0.0209983  0.0363137  0.102252  
34  24.0337  23.2227  22.9767  23  22.9586  22.8688  24.4028  23.3183  22.9766  23  22.9587  22.8688  0 24.233  23.3129  22.9666  22.9884  22.9666  23.0335  0.144368  0.0195045  0.0120434  0.0209983  0.0363145  0.102251  
35  24.0337  23.2227  22.9767  23  22.9586  22.8688  24.3712  23.3277  22.9767  23  22.9586  22.8688  0 24.4919  23.315  22.9656  22.9848  22.9402  22.6775  0.140431  0.0196374  0.0120434  0.0209983  0.0363139  0.102249  
36  24.0337  23.2227  22.9767  23  22.9586  22.8688  24.3053  23.2881  22.9767  23  22.9587  22.8688  0 24.3597  23.2681  22.9607  22.9771  22.999  23.0352  0.132599  0.0190857  0.0120435  0.0209983  0.0363144  0.102252  
37  24.0337  23.2227  22.9767  23  22.9586  22.8688  24.3743  23.2905  22.9766  23  22.9586  22.8688  0 24.5381  23.2923  22.9804  22.9651  22.9565  22.7888  0.140818  0.0191193  0.0120433  0.0209983  0.0363137  0.102253  
38  24.0337  23.2227  22.9767  23  22.9586  22.8688  24.4127  23.2795  22.9767  23  22.9586  22.8688  0 24.5833  23.2825  22.981  23.0127  22.974  22.7854  0.145611  0.0189687  0.0120435  0.0209983  0.0363141  0.10225  
39  24.0337  23.2227  22.9767  23  22.9586  22.8688  24.2167  23.2776  22.9767  23  22.9586  22.8688  0 24.043  23.2805  22.9693  23.0527  22.8832  23.0327  0.122791  0.0189427  0.0120434  0.0209983  0.0363138  0.102249  
40  24.0337  23.2227  22.9767  23  22.9586  22.8688  24.3716  23.3063  22.9766  23  22.9587  22.8688  0 24.5744  23.3139  22.9683  23.0141  22.9982  22.8768  0.140477  0.0193374  0.0120434  0.0209983  0.0363144  0.102251  
41  24.0337  23.2227  22.9767  23  22.9586  22.8688  24.4052  23.3135  22.9767  23  22.9587  22.8688  0 24.2549  23.3084  22.9537  23.0304  22.8767  22.9386  0.144665  0.0194374  0.0120434  0.0209983  0.0363145  0.10225  
42  24.0337  23.2227  22.9767  23  22.9586  22.8688  24.4941  23.3299  22.9766  23  22.9586  22.8688  0 24.5396  23.3211  22.9741  22.989  23.0036  22.8596  0.156368  0.0196685  0.0120434  0.0209983  0.0363141  0.102251  
43  24.0337  23.2227  22.9767  23  22.9586  22.8688  24.3669  23.3152  22.9766  23  22.9586  22.8688  0 24.1338  23.2949  22.9972  23.0171  22.9827  22.7953  0.139909  0.0194622  0.0120433  0.0209983  0.0363137  0.102251  
44  24.0337  23.2227  22.9767  23  22.9586  22.8688  24.2983  23.2929  22.9766  23  22.9586  22.8688  0 24.3549  23.2976  22.9703  23.022  22.9765  22.7985  0.131792  0.0191521  0.0120434  0.0209983  0.0363137  0.10225  
45  24.0337  23.2227  22.9767  23  22.9586  22.8688  24.2269  23.2967  22.9767  23  22.9586  22.8688  0 24.469  23.2965  22.983  23.0248  22.9553  22.8072  0.123878  0.0192043  0.0120435  0.0209983  0.036314  0.102251  
46  24.0337  23.2227  22.9767  23  22.9586  22.8688  24.3559  23.3436  22.9766  23  22.9586  22.8688  0 24.2821  23.3157  22.955  22.9592  22.9254  22.7543  0.138571  0.0198655  0.0120433  0.0209983  0.0363135  0.10225  
47  24.0337  23.2227  22.9767  23  22.9586  22.8688  24.2236  23.3052  22.9766  23  22.9586  22.8688  0 24.5483  23.314  22.9699  23.0065  22.8981  22.8575  0.12352  0.0193221  0.0120434  0.0209983  0.0363137  0.102253  
48  24.0337  23.2227  22.9767  23  22.9586  22.8688  24.3279  23.3337  22.9766  23  22.9586  22.8688  0 24.3494  23.3294  22.9883  22.9974  22.9329  23.0842  0.135236  0.0197239  0.0120434  0.0209983  0.036314  0.102252  
49  24.0337  23.2227  22.9767  23  22.9586  22.8688  24.5221  23.3276  22.9766  23  22.9586  22.8688  0 24.5453  23.3122  22.9905  22.9938  22.9915  22.8163  0.160268  0.0196369  0.0120434  0.0209983  0.0363142  0.10225  
50  24.0337  23.2227  22.9767  23  22.9586  22.8688  24.2609  23.287  22.9767  23  22.9587  22.8688  0 24.2247  23.2749  22.9531  22.9519  22.9551  22.8734  0.127588  0.0190708  0.0120434  0.0209983  0.0363144  0.102251  
51  24.0337  23.2227  22.9767  23  22.9586  22.8688  24.3382  23.3226  22.9766  23  22.9586  22.8688  0 24.3144  23.3265  22.9672  22.986  22.9721  22.9329  0.136453  0.0195659  0.0120434  0.0209983  0.036314  0.102253  
52  24.0337  23.2227  22.9767  23  22.9586  22.8688  24.3922  23.3104  22.9766  23  22.9586  22.8688  0 24.4252  23.3  22.9796  22.9919  22.9046  22.7987  0.143027  0.0193944  0.0120433  0.0209983  0.0363137  0.102248  
53  24.0337  23.2227  22.9767  23  22.9586  22.8688  24.293  23.315  22.9767  23  22.9587  22.8688  0 24.0641  23.3184  22.9963  22.9849  22.9845  22.7756  0.131191  0.0194587  0.0120434  0.0209983  0.0363143  0.102254  
54  24.0337  23.2227  22.9767  23  22.9586  22.8688  24.319  23.3203  22.9766  23  22.9586  22.8688  0 24.114  23.2889  22.9776  23.017  23.0547  22.9431  0.134185  0.0195329  0.0120434  0.0209983  0.0363141  0.102251  
55  24.0337  23.2227  22.9767  23  22.9586  22.8688  24.2993  23.3064  22.9767  23  22.9587  22.8688  0 24.3932  23.2875  22.9781  22.9874  22.951  22.7976  0.131911  0.0193381  0.0120435  0.0209983  0.0363143  0.102253  
56  24.0337  23.2227  22.9767  23  22.9586  22.8688  24.3538  23.3282  22.9766  23  22.9586  22.8688  0 24.3087  23.3587  22.9761  22.9953  22.9797  22.7296  0.138325  0.0196451  0.0120434  0.0209983  0.036314  0.10225  
57  24.0337  23.2227  22.9767  23  22.9586  22.8688  24.1933  23.3264  22.9767  23  22.9586  22.8688  0 24.1657  23.3307  22.9946  23.0119  22.9688  22.8131  0.120327  0.0196199  0.0120434  0.0209983  0.0363137  0.102251  
58  24.0337  23.2227  22.9767  23  22.9586  22.8688  24.15  23.3258  22.9766  23  22.9586  22.8688  0 24.0013  23.3744  22.9784  23.0014  22.9463  22.872  0.115906  0.0196115  0.0120434  0.0209983  0.0363136  0.102251  
59  24.0337  23.2227  22.9767  23  22.9586  22.8688  24.2752  23.3117  22.9766  23  22.9586  22.8688  0 24.081  23.2944  22.991  22.9756  22.9814  22.8931  0.129175  0.0194127  0.0120432  0.0209983  0.036313  0.102253  
60  24.0337  23.2227  22.9767  23  22.9586  22.8688  24.3055  23.3064  22.9766  23  22.9586  22.8688  0 23.9667  23.3285  22.9817  23.0115  22.9325  22.8851  0.132619  0.0193386  0.0120434  0.0209983  0.0363138  0.102249  
61  24.0337  23.2227  22.9767  23  22.9586  22.8688  24.3188  23.3055  22.9766  23  22.9586  22.8688  0 24.2732  23.2768  22.9691  23.0319  22.9274  22.8188  0.134173  0.0193265  0.0120434  0.0209983  0.0363141  0.102253  
62  24.0337  23.2227  22.9767  23  22.9586  22.8688  24.2458  23.32  22.9767  23  22.9586  22.8688  0 24.2635  23.3177  22.9917  22.9921  22.8888  23.0089  0.125925  0.0195285  0.0120435  0.0209983  0.0363139  0.102253  
63  24.0337  23.2227  22.9767  23  22.9586  22.8688  24.3042  23.2987  22.9766  23  22.9586  22.8688  0 24.1565  23.2642  22.9695  22.985  22.9212  22.7717  0.13247  0.019232  0.0120434  0.0209983  0.0363141  0.102251  
64  24.0337  23.2227  22.9767  23  22.9586  22.8688  24.4203  23.3305  22.9766  23  22.9586  22.8688  0 24.5575  23.3255  22.9944  23.0155  23.0582  22.8476  0.14659  0.0196784  0.0120434  0.0209983  0.0363141  0.102251  
65  24.0337  23.2227  22.9767  23  22.9586  22.8688  24.3949  23.3096  22.9767  23  22.9586  22.8688  0 24.4789  23.3235  22.9791  22.9878  22.9339  22.8528  0.143374  0.0193839  0.0120434  0.0209983  0.0363138  0.102251  
66  24.0337  23.2227  22.9767  23  22.9586  22.8688  24.2562  23.3168  22.9767  23  22.9586  22.8688  0 24.2535  23.3523  22.9879  23.0354  22.9546  22.7734  0.12707  0.0194848  0.0120435  0.0209983  0.0363141  0.102251  
67  24.0337  23.2227  22.9767  23  22.9586  22.8688  24.5212  23.3115  22.9766  23  22.9587  22.8688  0 24.5022  23.2996  22.9657  23.0401  22.9772  22.9263  0.160136  0.0194098  0.0120433  0.0209983  0.0363142  0.102249  
68  24.0337  23.2227  22.9767  23  22.9586  22.8688  24.2739  23.2886  22.9766  23  22.9586  22.8688  0 24.3842  23.2718  22.978  23.0029  22.9841  22.8901  0.12903  0.0190933  0.0120434  0.0209983  0.036314  0.102251  
69  24.0337  23.2227  22.9767  23  22.9586  22.8688  24.283  23.3043  22.9766  23  22.9586  22.8688  0 24.5557  23.3049  22.9787  23.0185  22.9809  22.8359  0.130059  0.0193093  0.0120434  0.0209983  0.0363141  0.102251  
70  24.0337  23.2227  22.9767  23  22.9586  22.8688  24.224  23.3087  22.9767  23  22.9586  22.8688  0 24.1642  23.3478  22.9532  23.0114  22.9118  23.037  0.123564  0.0193714  0.0120434  0.0209983  0.0363139  0.102252  
71  24.0337  23.2227  22.9767  23  22.9586  22.8688  24.3242  23.3012  22.9766  23  22.9586  22.8688  0 24.2133  23.2901  22.9649  23.0206  22.9116  22.9035  0.134805  0.0192659  0.0120434  0.0209983  0.036314  0.102251  
72  24.0337  23.2227  22.9767  23  22.9586  22.8688  24.3167  23.3141  22.9766  23  22.9586  22.8688  0 24.458  23.3167  22.9754  22.9797  22.9988  23.0394  0.133923  0.0194468  0.0120434  0.0209983  0.036314  0.10225  
73  24.0337  23.2227  22.9767  23  22.9586  22.8688  24.2172  23.3276  22.9767  23  22.9586  22.8688  0 24.1907  23.32  22.9588  23.0085  22.9492  22.9379  0.122841  0.0196362  0.0120434  0.0209983  0.0363141  0.10225  
74  24.0337  23.2227  22.9767  23  22.9586  22.8688  24.2423  23.2977  22.9767  23  22.9587  22.8688  0 24.1595  23.2486  22.9719  23.0229  22.9267  22.849  0.125542  0.0192182  0.0120434  0.0209983  0.0363145  0.10225  
75  24.0337  23.2227  22.9767  23  22.9586  22.8688  24.2137  23.2764  22.9767  23  22.9586  22.8688  0 24.1316  23.2547  22.9971  22.9977  22.9742  22.9505  0.122473  0.0189264  0.0120435  0.0209983  0.036314  0.10225  
76  24.0337  23.2227  22.9767  23  22.9586  22.8688  24.3936  23.3328  22.9766  23  22.9586  22.8688  0 24.4189  23.2931  22.9899  23.0016  23.0004  22.7659  0.14321  0.0197108  0.0120434  0.0209983  0.0363136  0.102251  
77  24.0337  23.2227  22.9767  23  22.9586  22.8688  24.1779  23.3267  22.9767  23  22.9586  22.8688  0 24.2403  23.3373  22.9785  22.9899  22.9502  22.7699  0.118736  0.0196231  0.0120434  0.0209983  0.036314  0.102252  
78  24.0337  23.2227  22.9767  23  22.9586  22.8688  24.3694  23.3301  22.9766  23  22.9586  22.8688  0 24.4067  23.3182  22.9596  23.0017  22.9649  22.7322  0.140218  0.0196717  0.0120434  0.0209983  0.036314  0.102252  
79  24.0337  23.2227  22.9767  23  22.9586  22.8688  24.248  23.2896  22.9766  23  22.9586  22.8688  0 24.2164  23.2654  22.9685  22.9688  23.0048  22.7248  0.126167  0.0191064  0.0120434  0.0209983  0.036314  0.102252  
80  24.0337  23.2227  22.9767  23  22.9586  22.8688  24.3117  23.3044  22.9767  23  22.9586  22.8688  0 24.3369  23.2933  22.9577  23.0022  22.9299  22.8044  0.133336  0.0193113  0.0120435  0.0209983  0.0363142  0.102252  
81  24.0337  23.2227  22.9767  23  22.9586  22.8688  24.2819  23.3186  22.9766  23  22.9587  22.8688  0 24.4397  23.32  22.9716  22.9788  22.9676  22.871  0.129926  0.0195089  0.0120434  0.0209983  0.0363145  0.102253  
82  24.0337  23.2227  22.9767  23  22.9586  22.8688  24.3667  23.3124  22.9766  23  22.9586  22.8688  0 24.2595  23.3034  22.9651  22.9574  22.9582  23.0081  0.139883  0.019423  0.0120433  0.0209983  0.0363137  0.10225  
83  24.0337  23.2227  22.9767  23  22.9586  22.8688  24.33  23.3156  22.9766  23  22.9586  22.8688  0 24.4993  23.3253  22.9679  22.9962  23.0016  22.7901  0.135487  0.0194669  0.0120434  0.0209983  0.0363135  0.102253  
84  24.0337  23.2227  22.9767  23  22.9586  22.8688  24.2284  23.3152  22.9767  23  22.9586  22.8688  0 24.2243  23.347  22.9829  22.9716  22.9304  22.8798  0.124036  0.019461  0.0120434  0.0209983  0.0363141  0.102251  
85  24.0337  23.2227  22.9767  23  22.9586  22.8688  24.2763  23.306  22.9767  23  22.9586  22.8688  0 24.0839  23.3205  22.9694  22.9921  22.9297  22.9185  0.129304  0.0193334  0.0120434  0.0209983  0.0363142  0.102252  
86  24.0337  23.2227  22.9767  23  22.9586  22.8688  24.2647  23.2871  22.9767  23  22.9586  22.8688  0 24.2371  23.2951  22.9821  23.0092  23.0105  22.9126  0.128  0.0190722  0.0120435  0.0209983  0.036314  0.102251  
87  24.0337  23.2227  22.9767  23  22.9586  22.8688  24.2745  23.2976  22.9766  23  22.9586  22.8688  0 24.1673  23.316  22.9828  22.9793  22.9014  22.9926  0.129104  0.0192163  0.0120434  0.0209983  0.0363137  0.102252  
88  24.0337  23.2227  22.9767  23  22.9586  22.8688  24.2636  23.3266  22.9766  23  22.9586  22.8689  0 24.3928  23.3014  22.96  23.0247  23.0082  22.9581  0.127887  0.0196227  0.0120433  0.0209983  0.0363136  0.102255  
89  24.0337  23.2227  22.9767  23  22.9586  22.8688  24.3737  23.3312  22.9767  23  22.9587  22.8688  0 24.521  23.3435  22.9561  23.0449  22.9732  22.7788  0.140742  0.0196875  0.0120435  0.0209983  0.0363143  0.102254  
90  24.0337  23.2227  22.9767  23  22.9586  22.8688  24.2517  23.3096  22.9767  23  22.9586  22.8688  0 24.2045  23.3363  22.997  23.0243  22.9456  22.8221  0.126569  0.0193827  0.0120435  0.0209983  0.0363139  0.102252  
91  24.0337  23.2227  22.9767  23  22.9586  22.8688  24.3941  23.3053  22.9767  23  22.9586  22.8688  0 24.4674  23.3311  22.9892  23.0048  22.9831  22.8405  0.14327  0.0193228  0.0120435  0.0209983  0.0363142  0.102252  
92  24.0337  23.2227  22.9767  23  22.9586  22.8688  24.269  23.3053  22.9767  23  22.9587  22.8688  0 24.0834  23.2735  22.9823  23.0305  22.9584  22.8652  0.128485  0.0193228  0.0120435  0.0209983  0.0363147  0.102251  
93  24.0337  23.2227  22.9767  23  22.9586  22.8688  24.5042  23.345  22.9767  23  22.9587  22.8688  0 24.625  23.3267  22.9839  22.9616  22.9475  22.7798  0.15776  0.0198849  0.0120434  0.0209983  0.036315  0.102252  
94  24.0337  23.2227  22.9767  23  22.9586  22.8688  24.3485  23.3086  22.9766  23  22.9586  22.8688  0 24.2367  23.3383  22.9735  22.943  22.9579  22.7405  0.137682  0.0193689  0.0120433  0.0209983  0.0363138  0.10225  
95  24.0337  23.2227  22.9767  23  22.9586  22.8688  24.2895  23.3098  22.9766  23  22.9586  22.8688  0 24.3468  23.3079  22.9956  22.9988  23.0387  22.7143  0.130786  0.0193862  0.0120434  0.0209983  0.0363139  0.102253  
96  24.0337  23.2227  22.9767  23  22.9586  22.8688  24.3423  23.3255  22.9766  23  22.9586  22.8688  0 24.2339  23.3578  22.9592  23.0296  22.9506  22.8108  0.136943  0.0196069  0.0120433  0.0209983  0.0363139  0.102249  
97  24.0337  23.2227  22.9767  23  22.9586  22.8688  24.3509  23.3223  22.9766  23  22.9586  22.8688  0 24.1855  23.2914  22.9785  22.9773  22.9984  22.9184  0.13797  0.0195618  0.0120434  0.0209983  0.0363141  0.102254  
98  24.0337  23.2227  22.9767  23  22.9586  22.8688  24.2747  23.3076  22.9766  23  22.9586  22.8688  0 24.2712  23.2953  22.9575  22.9791  22.9632  22.8044  0.129124  0.019356  0.0120433  0.0209983  0.0363135  0.102251  
99  24.0337  23.2227  22.9767  23  22.9586  22.8688  24.2256  23.2819  22.9767  23  22.9586  22.8688  0 24.2846  23.2875  22.9629  22.9924  22.9359  22.9554  0.123743  0.0190009  0.0120434  0.0209983  0.0363139  0.102251  
100  24.0337  23.2227  22.9767  23  22.9586  22.8688  24.1661  23.3078  22.9767  23  22.9586  22.8688  0 24.0314  23.317  22.9749  22.9799  22.9395  23.0274  0.117537  0.0193582  0.0120435  0.0209983  0.0363142  0.102251  
