1  23.6264  23.1367  22.9707  23  22.8999  22.8675  23.8108  23.1882  22.9707  23  22.8999  22.8675  0 23.7212  23.1727  22.9682  22.9817  22.9207  22.893  0.08676  0.017776  0.0119915  0.0209983  0.034411  0.102127  
2  23.6264  23.1367  22.9707  23  22.8999  22.8675  23.8781  23.1769  22.9707  23  22.8999  22.8675  0 23.9013  23.1739  22.9616  22.9992  22.8886  22.8207  0.0918501  0.0176359  0.0119914  0.0209983  0.0344106  0.102125  
3  23.6264  23.1367  22.9707  23  22.8999  22.8675  23.7881  23.1713  22.9707  23  22.8999  22.8675  0 23.7295  23.1467  22.9772  23.0205  22.8954  22.7713  0.0851164  0.0175665  0.0119914  0.0209983  0.0344107  0.102128  
4  23.6264  23.1367  22.9707  23  22.8999  22.8675  23.9388  23.2158  22.9707  23  22.8999  22.8675  0 23.9437  23.2048  22.9719  23.0015  22.9167  22.8333  0.0967126  0.0181266  0.0119914  0.0209983  0.034411  0.102131  
5  23.6264  23.1367  22.9707  23  22.8999  22.8675  23.8241  23.173  22.9707  23  22.8999  22.8675  0 23.8371  23.1657  22.9784  23.0027  22.9255  22.9533  0.0877407  0.0175868  0.0119914  0.0209983  0.034411  0.102125  
6  23.6264  23.1367  22.9707  23  22.8999  22.8675  23.8256  23.1959  22.9707  23  22.8999  22.8675  0 23.8389  23.1941  22.9676  23.0223  22.87  23.0365  0.0878547  0.0178739  0.0119915  0.0209983  0.0344113  0.102127  
7  23.6264  23.1367  22.9707  23  22.8999  22.8675  23.839  23.2097  22.9707  23  22.8999  22.8675  0 23.6604  23.236  22.9664  23.0105  22.9212  22.8671  0.088851  0.0180482  0.0119915  0.0209983  0.0344113  0.102128  
8  23.6264  23.1367  22.9707  23  22.8999  22.8675  23.7807  23.1762  22.9707  23  22.8999  22.8675  0 23.9328  23.1773  22.9644  22.9938  22.9424  22.9298  0.0845807  0.0176269  0.0119915  0.0209983  0.0344113  0.102125  
9  23.6264  23.1367  22.9707  23  22.8999  22.8675  23.7861  23.198  22.9707  23  22.8999  22.8675  0 23.6914  23.2117  22.9766  23.0203  22.875  22.9719  0.0849684  0.0178999  0.0119914  0.0209983  0.0344106  0.102127  
10  23.6264  23.1367  22.9707  23  22.8999  22.8675  23.8762  23.1702  22.9707  23  22.8999  22.8675  0 23.8015  23.1762  22.9605  22.9843  22.9084  22.8954  0.0917  0.0175531  0.0119915  0.0209983  0.0344113  0.102125  
11  23.6264  23.1367  22.9707  23  22.8999  22.8675  23.8422  23.2012  22.9707  23  22.8999  22.8675  0 23.9659  23.2093  22.979  22.9729  22.9286  23.04  0.0890969  0.0179402  0.0119915  0.0209983  0.0344115  0.102128  
12  23.6264  23.1367  22.9707  23  22.8999  22.8675  23.8852  23.1782  22.9707  23  22.8999  22.8675  0 24.0904  23.1841  22.9675  23.0032  22.9255  22.7492  0.0924054  0.0176515  0.0119915  0.0209983  0.0344118  0.102125  
13  23.6264  23.1367  22.9707  23  22.8999  22.8675  23.7969  23.1757  22.9707  23  22.8999  22.8675  0 23.8246  23.1382  22.982  22.9928  22.9319  22.9789  0.0857492  0.0176203  0.0119915  0.0209983  0.0344112  0.102127  
14  23.6264  23.1367  22.9707  23  22.8999  22.8675  23.9005  23.1866  22.9707  23  22.8999  22.8675  0 24.0173  23.1705  22.9691  22.9896  22.8862  22.9213  0.0936101  0.0177569  0.0119913  0.0209983  0.0344105  0.102124  
15  23.6264  23.1367  22.9707  23  22.8999  22.8675  23.9231  23.2034  22.9707  23  22.8999  22.8675  0 24.0966  23.1804  22.981  23.0255  22.9026  23.0343  0.0954284  0.0179684  0.0119914  0.0209983  0.0344114  0.102127  
16  23.6264  23.1367  22.9707  23  22.8999  22.8675  23.9142  23.167  22.9707  23  22.8999  22.8675  0 24.1335  23.1628  22.9861  23.0113  22.8105  22.8608  0.0947036  0.0175132  0.0119913  0.0209983  0.0344107  0.102127  
17  23.6264  23.1367  22.9707  23  22.8999  22.8675  23.8386  23.185  22.9707  23  22.8999  22.8675  0 23.8004  23.2083  22.9552  22.9702  22.9304  22.9135  0.0888201  0.0177367  0.0119914  0.0209983  0.0344109  0.102129  
18  23.6264  23.1367  22.9707  23  22.8999  22.8675  23.7649  23.1808  22.9707  23  22.8999  22.8675  0 23.8796  23.1779  22.9521  23.0013  22.8707  22.9041  0.0834629  0.0176841  0.0119915  0.0209983  0.0344115  0.102127  
19  23.6264  23.1367  22.9707  23  22.8999  22.8675  23.7617  23.1736  22.9707  23  22.8999  22.8675  0 23.9159  23.172  22.984  23.0111  22.8872  22.7891  0.0832416  0.0175946  0.0119914  0.0209983  0.0344114  0.102126  
20  23.6264  23.1367  22.9707  23  22.8999  22.8675  23.8349  23.1815  22.9707  23  22.8999  22.8675  0 23.8734  23.1885  22.9614  22.9971  22.8049  22.7253  0.0885458  0.0176929  0.0119914  0.0209983  0.0344114  0.102126  
21  23.6264  23.1367  22.9707  23  22.8999  22.8675  23.8133  23.173  22.9707  23  22.8999  22.8675  0 23.7641  23.192  22.9893  23.0133  22.8959  23.0064  0.0869438  0.0175875  0.0119915  0.0209983  0.0344111  0.102126  
22  23.6264  23.1367  22.9707  23  22.8999  22.8675  23.7295  23.1811  22.9707  23  22.8999  22.8675  0 23.7421  23.19  22.9773  23.009  22.9528  22.8097  0.0810193  0.0176882  0.0119914  0.0209983  0.0344108  0.102127  
23  23.6264  23.1367  22.9707  23  22.8999  22.8675  23.8037  23.2106  22.9707  23  22.8999  22.8675  0 23.7605  23.2031  22.9802  22.9838  22.8946  23.0721  0.0862433  0.0180603  0.0119915  0.0209983  0.0344112  0.102129  
24  23.6264  23.1367  22.9707  23  22.8999  22.8675  23.8641  23.2036  22.9707  23  22.8999  22.8675  0 23.8583  23.1908  22.9678  22.9812  22.9148  22.8002  0.0907595  0.0179714  0.0119914  0.0209983  0.0344114  0.102126  
25  23.6264  23.1367  22.9707  23  22.8999  22.8675  23.8823  23.1776  22.9707  23  22.8999  22.8675  0 23.9017  23.165  22.9981  22.9948  22.8389  22.8375  0.0921765  0.0176441  0.0119913  0.0209983  0.0344107  0.102129  
26  23.6264  23.1367  22.9707  23  22.8999  22.8675  23.7945  23.1612  22.9707  23  22.8999  22.8675  0 23.7774  23.1586  22.9713  23.0302  22.8843  22.8558  0.0855742  0.0174418  0.0119915  0.0209983  0.0344118  0.102125  
27  23.6264  23.1367  22.9707  23  22.8999  22.8675  23.818  23.1575  22.9707  23  22.8999  22.8675  0 23.8511  23.1963  22.9705  23.0267  22.9158  22.6991  0.0872886  0.0173972  0.0119914  0.0209983  0.0344117  0.102125  
28  23.6264  23.1367  22.9707  23  22.8999  22.8675  23.8712  23.1726  22.9707  23  22.8999  22.8675  0 23.8531  23.1833  22.9704  22.9583  22.8817  22.8186  0.0913088  0.0175818  0.0119914  0.0209983  0.0344106  0.102127  
29  23.6264  23.1367  22.9707  23  22.8999  22.8675  23.7711  23.1708  22.9707  23  22.8999  22.8675  0 23.7598  23.1732  22.9716  23.0108  22.8301  22.922  0.0839043  0.0175596  0.0119915  0.0209983  0.0344109  0.102126  
30  23.6264  23.1367  22.9707  23  22.8999  22.8675  24.0504  23.1609  22.9707  23  22.8999  22.8675  0 24.1503  23.1574  22.9658  22.9738  22.8982  22.9668  0.106391  0.017438  0.0119914  0.0209983  0.0344113  0.102124  
31  23.6264  23.1367  22.9707  23  22.8999  22.8675  23.7964  23.1755  22.9707  23  22.8999  22.8675  0 23.7295  23.1666  22.9882  22.9874  22.9704  22.6441  0.0857131  0.0176177  0.0119913  0.0209983  0.0344107  0.102126  
32  23.6264  23.1367  22.9707  23  22.8999  22.8675  23.7615  23.1786  22.9707  23  22.8999  22.8675  0 23.7752  23.1479  22.9788  22.9826  22.851  22.8568  0.083226  0.0176563  0.0119914  0.0209983  0.034411  0.102127  
33  23.6264  23.1367  22.9707  23  22.8999  22.8675  23.8625  23.181  22.9707  23  22.8999  22.8675  0 23.8557  23.1972  22.9708  23.0667  22.9561  22.999  0.090637  0.0176871  0.0119915  0.0209983  0.0344112  0.102125  
34  23.6264  23.1367  22.9707  23  22.8999  22.8675  23.8379  23.1933  22.9707  23  22.8999  22.8675  0 23.7304  23.1884  22.9607  22.9884  22.9074  23.032  0.0887683  0.0178405  0.0119914  0.0209983  0.0344112  0.102128  
35  23.6264  23.1367  22.9707  23  22.8999  22.8675  23.8783  23.1916  22.9707  23  22.8999  22.8675  0 23.9558  23.1801  22.9597  22.9848  22.8824  22.6764  0.0918652  0.0178188  0.0119915  0.0209983  0.0344111  0.102126  
36  23.6264  23.1367  22.9707  23  22.8999  22.8675  23.8161  23.2212  22.9707  23  22.8999  22.8675  0 23.8515  23.2022  22.9548  22.9771  22.9381  23.0337  0.0871483  0.0181968  0.0119914  0.0209983  0.0344109  0.10213  
37  23.6264  23.1367  22.9707  23  22.8999  22.8675  23.7936  23.1846  22.9707  23  22.8999  22.8675  0 23.8901  23.1863  22.9745  22.9651  22.8979  22.7876  0.0855115  0.0177317  0.0119914  0.0209983  0.0344108  0.102127  
38  23.6264  23.1367  22.9707  23  22.8999  22.8675  23.9494  23.2022  22.9707  23  22.8999  22.8675  0 24.0608  23.205  22.9751  23.0127  22.9145  22.7842  0.0975902  0.0179533  0.0119915  0.0209983  0.0344112  0.102127  
39  23.6264  23.1367  22.9707  23  22.8999  22.8675  23.7814  23.1728  22.9707  23  22.8999  22.8675  0 23.6587  23.1755  22.9634  23.0527  22.8283  23.0312  0.084633  0.0175844  0.0119914  0.0209983  0.0344107  0.102128  
40  23.6264  23.1367  22.9707  23  22.8999  22.8675  23.7632  23.1853  22.9707  23  22.8999  22.8675  0 23.8789  23.1922  22.9624  23.0141  22.9374  22.8755  0.0833443  0.0177398  0.0119915  0.0209983  0.0344114  0.102126  
41  23.6264  23.1367  22.9707  23  22.8999  22.8675  23.8214  23.1925  22.9707  23  22.8999  22.8675  0 23.728  23.1878  22.9478  23.0304  22.8221  22.9371  0.0875436  0.0178306  0.0119914  0.0209983  0.0344108  0.102125  
42  23.6264  23.1367  22.9707  23  22.8999  22.8675  23.7838  23.1929  22.9707  23  22.8999  22.8675  0 23.8083  23.1849  22.9682  22.989  22.9424  22.8583  0.0848068  0.0178353  0.0119913  0.0209983  0.0344101  0.102128  
43  23.6264  23.1367  22.9707  23  22.8999  22.8675  23.7965  23.1888  22.9707  23  22.8999  22.8675  0 23.6478  23.1702  22.9912  23.0171  22.9227  22.794  0.0857164  0.0177837  0.0119915  0.0209983  0.034411  0.102127  
44  23.6264  23.1367  22.9707  23  22.8999  22.8675  23.8058  23.1696  22.9707  23  22.8999  22.8675  0 23.8426  23.174  22.9644  23.022  22.9168  22.7973  0.0863956  0.0175458  0.0119914  0.0209983  0.0344108  0.102125  
45  23.6264  23.1367  22.9707  23  22.8999  22.8675  23.8497  23.1887  22.9707  23  22.8999  22.8675  0 24.0194  23.1885  22.977  23.0248  22.8967  22.806  0.0896628  0.0177834  0.0119915  0.0209983  0.0344115  0.102126  
46  23.6264  23.1367  22.9707  23  22.8999  22.8675  23.7947  23.1627  22.9707  23  22.8999  22.8675  0 23.7485  23.1381  22.9491  22.9592  22.8684  22.7532  0.0855864  0.0174609  0.0119914  0.0209983  0.0344106  0.102127  
47  23.6264  23.1367  22.9707  23  22.8999  22.8675  23.8296  23.1931  22.9707  23  22.8999  22.8675  0 24.051  23.2013  22.964  23.0065  22.8424  22.8561  0.0881487  0.0178386  0.0119915  0.0209983  0.034411  0.102125  
48  23.6264  23.1367  22.9707  23  22.8999  22.8675  23.8803  23.1882  22.9707  23  22.8999  22.8675  0 23.8948  23.1843  22.9823  22.9974  22.8755  23.0826  0.0920141  0.0177767  0.0119913  0.0209983  0.0344107  0.102127  
49  23.6264  23.1367  22.9707  23  22.8999  22.8675  23.7387  23.1882  22.9707  23  22.8999  22.8675  0 23.7505  23.1742  22.9845  22.9938  22.931  22.8151  0.0816489  0.0177767  0.0119914  0.0209983  0.0344108  0.102128  
50  23.6264  23.1367  22.9707  23  22.8999  22.8675  23.7523  23.1695  22.9707  23  22.8999  22.8675  0 23.7287  23.1583  22.9472  22.9519  22.8966  22.8721  0.0825853  0.0175435  0.0119915  0.0209983  0.0344109  0.102127  
51  23.6264  23.1367  22.9707  23  22.8999  22.8675  23.8159  23.1973  22.9707  23  22.8999  22.8675  0 23.8006  23.2009  22.9613  22.986  22.9127  22.9315  0.0871367  0.0178913  0.0119914  0.0209983  0.0344114  0.102126  
52  23.6264  23.1367  22.9707  23  22.8999  22.8675  23.8528  23.1829  22.9707  23  22.8999  22.8675  0 23.8735  23.1733  22.9737  22.9919  22.8486  22.7975  0.0898994  0.0177097  0.0119915  0.0209983  0.0344111  0.102127  
53  23.6264  23.1367  22.9707  23  22.8999  22.8675  23.9693  23.1771  22.9707  23  22.8999  22.8675  0 23.7918  23.1801  22.9903  22.9849  22.9244  22.7743  0.0992623  0.0176376  0.0119915  0.0209983  0.034411  0.102126  
54  23.6264  23.1367  22.9707  23  22.8999  22.8675  23.9563  23.2006  22.9707  23  22.8999  22.8675  0 23.8027  23.1718  22.9717  23.017  22.9908  22.9416  0.0981664  0.0179334  0.0119914  0.0209983  0.0344111  0.102125  
55  23.6264  23.1367  22.9707  23  22.8999  22.8675  23.9045  23.1958  22.9707  23  22.8999  22.8675  0 23.9705  23.1784  22.9722  22.9874  22.8927  22.7964  0.0939321  0.0178725  0.0119915  0.0209983  0.0344117  0.102126  
56  23.6264  23.1367  22.9707  23  22.8999  22.8675  23.7801  23.1905  22.9707  23  22.8999  22.8675  0 23.7523  23.2181  22.9702  22.9953  22.9199  22.7284  0.0845414  0.017805  0.0119914  0.0209983  0.0344115  0.102127  
57  23.6264  23.1367  22.9707  23  22.8999  22.8675  24.02  23.1911  22.9707  23  22.8999  22.8675  0 23.9961  23.1949  22.9886  23.0119  22.9095  22.8118  0.103652  0.0178129  0.0119915  0.0209983  0.0344114  0.102126  
58  23.6264  23.1367  22.9707  23  22.8999  22.8675  23.8848  23.1683  22.9707  23  22.8999  22.8675  0 23.7647  23.2116  22.9725  23.0014  22.8883  22.8706  0.092368  0.0175286  0.0119914  0.0209983  0.0344117  0.102126  
59  23.6264  23.1367  22.9707  23  22.8999  22.8675  23.8493  23.1823  22.9707  23  22.8999  22.8675  0 23.7109  23.1665  22.985  22.9756  22.9215  22.8917  0.089629  0.017703  0.0119915  0.0209983  0.034411  0.102126  
60  23.6264  23.1367  22.9707  23  22.8999  22.8675  23.821  23.1917  22.9707  23  22.8999  22.8675  0 23.586  23.212  22.9757  23.0115  22.8751  22.8838  0.0875131  0.0178207  0.0119914  0.0209983  0.034411  0.102125  
61  23.6264  23.1367  22.9707  23  22.8999  22.8675  23.8347  23.1866  22.9707  23  22.8999  22.8675  0 23.8044  23.1602  22.9632  23.0319  22.8703  22.8175  0.0885329  0.0177567  0.0119915  0.0209983  0.0344112  0.102127  
62  23.6264  23.1367  22.9707  23  22.8999  22.8675  23.8248  23.1962  22.9707  23  22.8999  22.8675  0 23.8371  23.1941  22.9856  22.9921  22.8337  23.0074  0.0877945  0.0178773  0.0119915  0.0209983  0.034411  0.102126  
63  23.6264  23.1367  22.9707  23  22.8999  22.8675  23.8766  23.1643  22.9707  23  22.8999  22.8675  0 23.7722  23.1329  22.9636  22.985  22.8643  22.7705  0.0917305  0.0174799  0.0119915  0.0209983  0.0344108  0.102125  
64  23.6264  23.1367  22.9707  23  22.8999  22.8675  23.9608  23.1831  22.9707  23  22.8999  22.8675  0 24.0511  23.1785  22.9883  23.0155  22.994  22.8463  0.0985436  0.0177127  0.0119914  0.0209983  0.0344113  0.102127  
65  23.6264  23.1367  22.9707  23  22.8999  22.8675  23.8254  23.182  22.9707  23  22.8999  22.8675  0 23.876  23.1947  22.9731  22.9878  22.8765  22.8516  0.0878329  0.0176995  0.0119914  0.0209983  0.0344106  0.102131  
66  23.6264  23.1367  22.9707  23  22.8999  22.8675  23.8063  23.1903  22.9707  23  22.8999  22.8675  0 23.8044  23.2226  22.9819  23.0354  22.8961  22.7722  0.0864284  0.0178028  0.0119915  0.0209983  0.0344111  0.102126  
67  23.6264  23.1367  22.9707  23  22.8999  22.8675  23.8942  23.1694  22.9707  23  22.8999  22.8675  0 23.8831  23.1587  22.9598  23.0401  22.9174  22.925  0.0931115  0.0175428  0.0119914  0.0209983  0.034411  0.102127  
68  23.6264  23.1367  22.9707  23  22.8999  22.8675  23.8961  23.1813  22.9707  23  22.8999  22.8675  0 23.9747  23.1657  22.9721  23.0029  22.924  22.8888  0.0932641  0.0176901  0.0119914  0.0209983  0.034411  0.102125  
69  23.6264  23.1367  22.9707  23  22.8999  22.8675  23.8435  23.1973  22.9707  23  22.8999  22.8675  0 24.0229  23.1979  22.9728  23.0185  22.9209  22.8346  0.0891923  0.0178914  0.0119914  0.0209983  0.0344105  0.102126  
70  23.6264  23.1367  22.9707  23  22.8999  22.8675  23.7775  23.1631  22.9707  23  22.8999  22.8675  0 23.7364  23.1983  22.9474  23.0114  22.8554  23.0354  0.0843583  0.0174651  0.0119914  0.0209983  0.0344111  0.102126  
71  23.6264  23.1367  22.9707  23  22.8999  22.8675  23.8227  23.163  22.9707  23  22.8999  22.8675  0 23.7493  23.1529  22.959  23.0206  22.8553  22.9021  0.0876382  0.0174637  0.0119915  0.0209983  0.034411  0.102125  
72  23.6264  23.1367  22.9707  23  22.8999  22.8675  23.8568  23.1947  22.9707  23  22.8999  22.8675  0 23.9499  23.1971  22.9695  22.9797  22.938  23.0378  0.0901998  0.0178589  0.0119914  0.0209983  0.0344111  0.102127  
73  23.6264  23.1367  22.9707  23  22.8999  22.8675  23.8642  23.1618  22.9707  23  22.8999  22.8675  0 23.8445  23.1551  22.9529  23.0085  22.8909  22.9365  0.0907693  0.0174498  0.0119915  0.0209983  0.0344113  0.102126  
74  23.6264  23.1367  22.9707  23  22.8999  22.8675  23.8024  23.1727  22.9707  23  22.8999  22.8675  0 23.745  23.1277  22.966  23.0229  22.8696  22.8477  0.0861498  0.0175832  0.0119915  0.0209983  0.0344109  0.102126  
75  23.6264  23.1367  22.9707  23  22.8999  22.8675  23.8092  23.1912  22.9707  23  22.8999  22.8675  0 23.7505  23.1709  22.991  22.9977  22.9147  22.9491  0.0866452  0.0178148  0.0119914  0.0209983  0.034411  0.102127  
76  23.6264  23.1367  22.9707  23  22.8999  22.8675  23.8545  23.1987  22.9707  23  22.8999  22.8675  0 23.8703  23.1626  22.9839  23.0016  22.9395  22.7647  0.0900267  0.0179093  0.0119914  0.0209983  0.0344111  0.102127  
77  23.6264  23.1367  22.9707  23  22.8999  22.8675  23.78  23.1828  22.9707  23  22.8999  22.8675  0 23.824  23.1924  22.9726  22.9899  22.8919  22.7687  0.0845334  0.0177085  0.0119915  0.0209983  0.0344111  0.102128  
78  23.6264  23.1367  22.9707  23  22.8999  22.8675  23.9277  23.178  22.9707  23  22.8999  22.8675  0 23.953  23.1673  22.9538  23.0017  22.9058  22.731  0.095798  0.0176486  0.0119913  0.0209983  0.0344109  0.102128  
79  23.6264  23.1367  22.9707  23  22.8999  22.8675  23.8152  23.1623  22.9707  23  22.8999  22.8675  0 23.7933  23.1401  22.9626  22.9688  22.9436  22.7236  0.0870838  0.0174549  0.0119914  0.0209983  0.034411  0.102126  
80  23.6264  23.1367  22.9707  23  22.8999  22.8675  23.8846  23.1761  22.9707  23  22.8999  22.8675  0 23.9021  23.166  22.9519  23.0022  22.8727  22.8031  0.092357  0.0176262  0.0119915  0.0209983  0.0344112  0.102125  
81  23.6264  23.1367  22.9707  23  22.8999  22.8675  23.927  23.1903  22.9707  23  22.8999  22.8675  0 24.0411  23.1916  22.9657  22.9788  22.9084  22.8697  0.0957432  0.0178029  0.0119915  0.0209983  0.0344117  0.102126  
82  23.6264  23.1367  22.9707  23  22.8999  22.8675  23.7845  23.1641  22.9707  23  22.8999  22.8675  0 23.7182  23.156  22.9592  22.9574  22.8995  23.0066  0.0848527  0.017477  0.0119915  0.0209983  0.0344111  0.102126  
83  23.6264  23.1367  22.9707  23  22.8999  22.8675  23.8165  23.1714  22.9707  23  22.8999  22.8675  0 23.9223  23.1801  22.962  22.9962  22.9406  22.7889  0.0871758  0.0175673  0.0119915  0.0209983  0.034411  0.102126  
84  23.6264  23.1367  22.9707  23  22.8999  22.8675  23.8214  23.1842  22.9707  23  22.8999  22.8675  0 23.8185  23.2132  22.9769  22.9716  22.8732  22.8784  0.0875387  0.0177266  0.0119915  0.0209983  0.0344112  0.102126  
85  23.6264  23.1367  22.9707  23  22.8999  22.8675  23.8487  23.2009  22.9707  23  22.8999  22.8675  0 23.7118  23.2143  22.9635  22.9921  22.8725  22.9172  0.0895856  0.0179369  0.0119914  0.0209983  0.0344112  0.102127  
86  23.6264  23.1367  22.9707  23  22.8999  22.8675  23.8083  23.194  22.9707  23  22.8999  22.8675  0 23.7895  23.2015  22.9762  23.0092  22.949  22.9112  0.0865734  0.0178496  0.0119915  0.0209983  0.0344109  0.102126  
87  23.6264  23.1367  22.9707  23  22.8999  22.8675  23.9115  23.181  22.9707  23  22.8999  22.8675  0 23.832  23.1979  22.9768  22.9793  22.8456  22.9911  0.0944881  0.0176864  0.0119913  0.0209983  0.0344103  0.102126  
88  23.6264  23.1367  22.9707  23  22.8999  22.8675  23.8262  23.18  22.9707  23  22.8999  22.8675  0 23.9132  23.1573  22.9541  23.0247  22.9468  22.9566  0.0878924  0.0176738  0.0119914  0.0209983  0.0344112  0.102126  
89  23.6264  23.1367  22.9707  23  22.8999  22.8675  24.026  23.1833  22.9707  23  22.8999  22.8675  0 24.1331  23.1943  22.9503  23.0449  22.9137  22.7776  0.104193  0.0177148  0.0119914  0.0209983  0.0344111  0.102126  
90  23.6264  23.1367  22.9707  23  22.8999  22.8675  23.9147  23.1899  22.9707  23  22.8999  22.8675  0 23.8792  23.2144  22.991  23.0243  22.8875  22.8208  0.0947503  0.0177975  0.0119914  0.0209983  0.0344109  0.102127  
91  23.6264  23.1367  22.9707  23  22.8999  22.8675  23.7996  23.1842  22.9707  23  22.8999  22.8675  0 23.843  23.2078  22.9832  23.0048  22.9231  22.8392  0.0859463  0.0177262  0.0119915  0.0209983  0.0344109  0.102126  
92  23.6264  23.1367  22.9707  23  22.8999  22.8675  23.8063  23.181  22.9707  23  22.8999  22.8675  0 23.6781  23.1519  22.9764  23.0305  22.8997  22.8639  0.0864315  0.0176861  0.0119914  0.0209983  0.034411  0.102127  
93  23.6264  23.1367  22.9707  23  22.8999  22.8675  23.8424  23.1867  22.9707  23  22.8999  22.8675  0 23.909  23.1703  22.978  22.9616  22.8893  22.7786  0.0891077  0.0177576  0.0119915  0.0209983  0.0344116  0.102126  
94  23.6264  23.1367  22.9707  23  22.8999  22.8675  23.8629  23.1779  22.9707  23  22.8999  22.8675  0 23.788  23.2049  22.9675  22.943  22.8992  22.7393  0.0906716  0.0176482  0.0119915  0.0209983  0.0344111  0.102126  
95  23.6264  23.1367  22.9707  23  22.8999  22.8675  23.7734  23.1723  22.9707  23  22.8999  22.8675  0 23.8099  23.1705  22.9895  22.9988  22.9756  22.7131  0.084062  0.0175781  0.0119914  0.0209983  0.0344106  0.102128  
96  23.6264  23.1367  22.9707  23  22.8999  22.8675  23.8628  23.181  22.9707  23  22.8999  22.8675  0 23.7899  23.2101  22.9534  23.0296  22.8923  22.8095  0.0906643  0.0176862  0.0119915  0.0209983  0.0344111  0.102126  
97  23.6264  23.1367  22.9707  23  22.8999  22.8675  23.7546  23.178  22.9707  23  22.8999  22.8675  0 23.6524  23.1501  22.9726  22.9773  22.9375  22.917  0.082744  0.0176498  0.0119915  0.0209983  0.0344112  0.102126  
98  23.6264  23.1367  22.9707  23  22.8999  22.8675  23.8376  23.1685  22.9707  23  22.8999  22.8675  0 23.8352  23.1573  22.9517  22.9791  22.9042  22.8031  0.0887502  0.0175314  0.0119914  0.0209983  0.0344111  0.102125  
99  23.6264  23.1367  22.9707  23  22.8999  22.8675  23.74  23.1706  22.9707  23  22.8999  22.8675  0 23.7786  23.1757  22.957  22.9924  22.8783  22.954  0.0817362  0.0175572  0.0119914  0.0209983  0.0344107  0.102126  
100  23.6264  23.1367  22.9707  23  22.8999  22.8675  23.8713  23.1737  22.9707  23  22.8999  22.8675  0 23.7652  23.182  22.969  22.9799  22.8818  23.0259  0.0913169  0.0175953  0.0119915  0.0209983  0.0344116  0.102127  
