1  23.4749  23.1167  22.9856  23  22.8887  22.8896  23.5743  23.1389  22.9856  23  22.8887  22.8896  0 23.5003  23.124  22.983  22.9817  22.9092  22.9157  0.0711741  0.0171719  0.0121222  0.0209983  0.0340585  0.104229  
2  23.4749  23.1167  22.9856  23  22.8887  22.8896  23.5917  23.1258  22.9856  23  22.8887  22.8896  0 23.6099  23.1229  22.9764  22.9992  22.8775  22.8419  0.0722116  0.0170151  0.0121222  0.0209983  0.0340588  0.104229  
3  23.4749  23.1167  22.9856  23  22.8887  22.8896  23.6434  23.1326  22.9856  23  22.8887  22.8896  0 23.5914  23.1086  22.9922  23.0205  22.8842  22.7916  0.0753868  0.0170955  0.0121222  0.0209983  0.0340589  0.104229  
4  23.4749  23.1167  22.9856  23  22.8887  22.8896  23.6364  23.1328  22.9856  23  22.8887  22.8896  0 23.6402  23.1225  22.9868  23.0015  22.9053  22.8547  0.0749482  0.017099  0.0121221  0.0209983  0.0340583  0.104229  
5  23.4749  23.1167  22.9856  23  22.8887  22.8896  23.6832  23.1327  22.9856  23  22.8887  22.8896  0 23.6948  23.1257  22.9934  23.0027  22.914  22.9773  0.077934  0.0170974  0.0121222  0.0209983  0.0340591  0.104229  
6  23.4749  23.1167  22.9856  23  22.8887  22.8896  23.6317  23.1409  22.9856  23  22.8887  22.8896  0 23.643  23.1391  22.9825  23.0223  22.859  23.0624  0.0746558  0.0171958  0.012122  0.0209983  0.0340582  0.104228  
7  23.4749  23.1167  22.9856  23  22.8887  22.8896  23.7656  23.1261  22.9856  23  22.8887  22.8896  0 23.597  23.1509  22.9812  23.0105  22.9097  22.8893  0.0835129  0.0170191  0.012122  0.0209983  0.0340581  0.10423  
8  23.4749  23.1167  22.9856  23  22.8887  22.8896  23.7165  23.1268  22.9856  23  22.8887  22.8896  0 23.8601  23.1278  22.9792  22.9938  22.9308  22.9533  0.0801374  0.0170266  0.0121222  0.0209983  0.0340599  0.104229  
9  23.4749  23.1167  22.9856  23  22.8887  22.8896  23.6136  23.1415  22.9856  23  22.8887  22.8896  0 23.5312  23.1547  22.9916  23.0203  22.864  22.9963  0.0735369  0.0172028  0.0121222  0.0209983  0.034059  0.104229  
10  23.4749  23.1167  22.9856  23  22.8887  22.8896  23.6489  23.1427  22.9856  23  22.8887  22.8896  0 23.5868  23.1486  22.9753  22.9843  22.897  22.9181  0.0757297  0.0172174  0.0121222  0.0209983  0.0340588  0.104228  
11  23.4749  23.1167  22.9856  23  22.8887  22.8896  23.5869  23.1273  22.9856  23  22.8887  22.8896  0 23.6857  23.135  22.9939  22.9729  22.9171  23.0659  0.0719253  0.0170331  0.0121221  0.0209983  0.0340586  0.10423  
12  23.4749  23.1167  22.9856  23  22.8887  22.8896  23.6349  23.1241  22.9856  23  22.8887  22.8896  0 23.7979  23.1298  22.9824  23.0032  22.914  22.7691  0.0748521  0.0169946  0.0121222  0.0209983  0.0340589  0.104229  
13  23.4749  23.1167  22.9856  23  22.8887  22.8896  23.6115  23.1276  22.9856  23  22.8887  22.8896  0 23.6352  23.0913  22.9971  22.9928  22.9204  23.0035  0.0734075  0.0170364  0.0121222  0.0209983  0.0340586  0.104229  
14  23.4749  23.1167  22.9856  23  22.8887  22.8896  23.6809  23.1412  22.9856  23  22.8887  22.8896  0 23.7771  23.1255  22.984  22.9896  22.8751  22.9446  0.0777852  0.017199  0.0121222  0.0209983  0.0340593  0.10423  
15  23.4749  23.1167  22.9856  23  22.8887  22.8896  23.6466  23.1576  22.9856  23  22.8887  22.8896  0 23.7817  23.1353  22.996  23.0255  22.8913  23.0601  0.0755891  0.0173982  0.0121222  0.0209983  0.0340586  0.104229  
16  23.4749  23.1167  22.9856  23  22.8887  22.8896  23.592  23.1265  22.9856  23  22.8887  22.8896  0 23.7551  23.1224  23.0012  23.0113  22.8002  22.8828  0.07223  0.0170229  0.0121222  0.0209983  0.0340585  0.104229  
17  23.4749  23.1167  22.9856  23  22.8887  22.8896  23.5953  23.1303  22.9856  23  22.8887  22.8896  0 23.5641  23.1527  22.97  22.9702  22.9189  22.9366  0.0724252  0.0170686  0.0121222  0.0209983  0.034059  0.104229  
18  23.4749  23.1167  22.9856  23  22.8887  22.8896  23.705  23.1317  22.9856  23  22.8887  22.8896  0 23.8139  23.1288  22.9667  23.0013  22.8597  22.927  0.0793721  0.0170848  0.0121221  0.0209983  0.0340581  0.104228  
19  23.4749  23.1167  22.9856  23  22.8887  22.8896  23.573  23.13  22.9856  23  22.8887  22.8896  0 23.7033  23.1284  22.999  23.0111  22.8761  22.8097  0.0710997  0.017065  0.0121222  0.0209983  0.0340588  0.104229  
20  23.4749  23.1167  22.9856  23  22.8887  22.8896  23.6442  23.1311  22.9856  23  22.8887  22.8896  0 23.6769  23.1378  22.9762  22.9971  22.7946  22.7447  0.0754334  0.017078  0.0121222  0.0209983  0.0340585  0.104229  
21  23.4749  23.1167  22.9856  23  22.8887  22.8896  23.6573  23.1337  22.9856  23  22.8887  22.8896  0 23.6141  23.1522  23.0044  23.0133  22.8848  23.0316  0.0762677  0.0171097  0.0121222  0.0209983  0.0340587  0.104229  
22  23.4749  23.1167  22.9856  23  22.8887  22.8896  23.6702  23.162  22.9856  23  22.8887  22.8896  0 23.6821  23.1707  22.9922  23.009  22.941  22.8307  0.0770919  0.0174521  0.0121221  0.0209983  0.0340588  0.104231  
23  23.4749  23.1167  22.9856  23  22.8887  22.8896  23.6172  23.1258  22.9856  23  22.8887  22.8896  0 23.5801  23.1187  22.9952  22.9838  22.8834  23.0989  0.0737573  0.0170151  0.0121222  0.0209983  0.0340591  0.104229  
24  23.4749  23.1167  22.9856  23  22.8887  22.8896  23.5886  23.1314  22.9856  23  22.8887  22.8896  0 23.584  23.1192  22.9827  22.9812  22.9034  22.821  0.072024  0.017082  0.0121222  0.0209983  0.0340591  0.104229  
25  23.4749  23.1167  22.9856  23  22.8887  22.8896  23.5999  23.1361  22.9856  23  22.8887  22.8896  0 23.6151  23.124  23.0133  22.9948  22.8283  22.859  0.0727039  0.0171385  0.0121222  0.0209983  0.0340588  0.104229  
26  23.4749  23.1167  22.9856  23  22.8887  22.8896  23.6073  23.1262  22.9856  23  22.8886  22.8897  0 23.5927  23.1237  22.9862  23.0302  22.8732  22.8777  0.0731518  0.0170198  0.012122  0.0209983  0.0340579  0.104232  
27  23.4749  23.1167  22.9856  23  22.8887  22.8896  23.6021  23.1259  22.9856  23  22.8887  22.8896  0 23.6297  23.1638  22.9854  23.0267  22.9043  22.7181  0.0728386  0.0170162  0.0121221  0.0209983  0.0340587  0.104229  
28  23.4749  23.1167  22.9856  23  22.8887  22.8896  23.6017  23.1293  22.9856  23  22.8887  22.8896  0 23.5873  23.1397  22.9853  22.9583  22.8707  22.8397  0.0728119  0.0170565  0.0121222  0.0209983  0.0340586  0.104229  
29  23.4749  23.1167  22.9856  23  22.8887  22.8896  23.6193  23.1319  22.9856  23  22.8887  22.8896  0 23.6093  23.1343  22.9865  23.0108  22.8195  22.9453  0.0738841  0.0170879  0.0121222  0.0209983  0.034059  0.104229  
30  23.4749  23.1167  22.9856  23  22.8887  22.8896  23.6545  23.1291  22.9856  23  22.8887  22.8896  0 23.725  23.1258  22.9807  22.9738  22.887  22.9911  0.0760895  0.0170547  0.0121222  0.0209983  0.0340592  0.104229  
31  23.4749  23.1167  22.9856  23  22.8887  22.8896  23.5737  23.1294  22.9856  23  22.8887  22.8896  0 23.5179  23.1208  23.0033  22.9874  22.9585  22.6621  0.0711407  0.0170579  0.0121222  0.0209983  0.0340589  0.104229  
32  23.4749  23.1167  22.9856  23  22.8887  22.8896  23.7583  23.1248  22.9856  23  22.8887  22.8896  0 23.772  23.0953  22.9937  22.9826  22.8403  22.8787  0.0830035  0.0170033  0.0121222  0.0209983  0.0340592  0.104229  
33  23.4749  23.1167  22.9856  23  22.8887  22.8896  23.5685  23.1222  22.9856  23  22.8887  22.8896  0 23.5632  23.1377  22.9857  23.0667  22.9442  23.024  0.0708331  0.0169723  0.0121222  0.0209983  0.0340586  0.104229  
34  23.4749  23.1167  22.9856  23  22.8887  22.8896  23.7173  23.1324  22.9856  23  22.8887  22.8896  0 23.6198  23.1278  22.9755  22.9884  22.8961  23.0578  0.080196  0.0170939  0.0121222  0.0209983  0.0340587  0.104229  
35  23.4749  23.1167  22.9856  23  22.8887  22.8896  23.6732  23.1223  22.9856  23  22.8887  22.8896  0 23.738  23.1114  22.9745  22.9848  22.8713  22.6949  0.0772849  0.0169734  0.0121222  0.0209983  0.0340587  0.104229  
36  23.4749  23.1167  22.9856  23  22.8887  22.8896  23.593  23.1424  22.9856  23  22.8887  22.8896  0 23.6223  23.1243  22.9695  22.9771  22.9265  23.0595  0.0722866  0.0172132  0.0121222  0.0209983  0.0340587  0.10423  
37  23.4749  23.1167  22.9856  23  22.8887  22.8896  23.6272  23.132  22.9856  23  22.8887  22.8896  0 23.7106  23.1336  22.9894  22.9651  22.8867  22.8081  0.0743746  0.0170893  0.0121222  0.0209983  0.0340587  0.104229  
38  23.4749  23.1167  22.9856  23  22.8887  22.8896  23.6652  23.1245  22.9856  23  22.8887  22.8896  0 23.7518  23.1272  22.99  23.0127  22.9031  22.8047  0.0767667  0.0170002  0.0121222  0.0209983  0.0340587  0.104229  
39  23.4749  23.1167  22.9856  23  22.8887  22.8896  23.6219  23.1247  22.9856  23  22.8887  22.8896  0 23.5139  23.1273  22.9782  23.0527  22.8178  23.057  0.074048  0.0170016  0.0121222  0.0209983  0.0340589  0.104229  
40  23.4749  23.1167  22.9856  23  22.8887  22.8896  23.6581  23.1314  22.9856  23  22.8887  22.8896  0 23.7636  23.1381  22.9772  23.0141  22.9258  22.8978  0.0763154  0.0170815  0.0121221  0.0209983  0.0340585  0.104229  
41  23.4749  23.1167  22.9856  23  22.8887  22.8896  23.6348  23.1279  22.9856  23  22.8887  22.8896  0 23.5544  23.1235  22.9625  23.0304  22.8116  22.9608  0.0748451  0.0170405  0.0121222  0.0209983  0.0340586  0.104229  
42  23.4749  23.1167  22.9856  23  22.8887  22.8896  23.6209  23.1277  22.9856  23  22.8887  22.8896  0 23.6423  23.1201  22.983  22.989  22.9308  22.8802  0.0739867  0.0170382  0.0121222  0.0209983  0.0340584  0.104228  
43  23.4749  23.1167  22.9856  23  22.8887  22.8896  23.6883  23.1433  22.9856  23  22.8887  22.8896  0 23.5518  23.1253  23.0063  23.0171  22.9112  22.8147  0.0782681  0.017225  0.012122  0.0209983  0.0340585  0.10423  
44  23.4749  23.1167  22.9856  23  22.8887  22.8896  23.6345  23.1228  22.9856  23  22.8887  22.8896  0 23.6663  23.127  22.9792  23.022  22.9054  22.8181  0.0748285  0.0169793  0.0121222  0.0209983  0.0340585  0.10423  
45  23.4749  23.1167  22.9856  23  22.8887  22.8896  23.5937  23.1272  22.9856  23  22.8887  22.8896  0 23.7284  23.127  22.992  23.0248  22.8855  22.8269  0.0723275  0.0170317  0.0121222  0.0209983  0.0340587  0.104229  
46  23.4749  23.1167  22.9856  23  22.8887  22.8896  23.6223  23.1242  22.9856  23  22.8887  22.8896  0 23.5823  23.1003  22.9638  22.9592  22.8575  22.7731  0.0740735  0.0169967  0.0121221  0.0209983  0.0340585  0.104229  
47  23.4749  23.1167  22.9856  23  22.8887  22.8896  23.6737  23.1254  22.9856  23  22.8887  22.8896  0 23.8654  23.1331  22.9788  23.0065  22.8318  22.878  0.0773172  0.0170101  0.0121222  0.0209983  0.0340588  0.104228  
48  23.4749  23.1167  22.9856  23  22.8887  22.8896  23.589  23.1278  22.9856  23  22.8887  22.8896  0 23.6004  23.124  22.9973  22.9974  22.8645  23.1096  0.0720453  0.0170384  0.0121222  0.0209983  0.0340586  0.104229  
49  23.4749  23.1167  22.9856  23  22.8887  22.8896  23.773  23.135  22.9856  23  22.8887  22.8896  0 23.7851  23.1215  22.9996  22.9938  22.9195  22.8362  0.0840372  0.017125  0.0121222  0.0209983  0.0340591  0.104229  
50  23.4749  23.1167  22.9856  23  22.8887  22.8896  23.6308  23.1389  22.9856  23  22.8887  22.8896  0 23.6095  23.128  22.9618  22.9519  22.8854  22.8943  0.0745987  0.0171714  0.0121222  0.0209983  0.0340591  0.104228  
51  23.4749  23.1167  22.9856  23  22.8887  22.8896  23.6061  23.1406  22.9856  23  22.8887  22.8896  0 23.5932  23.144  22.976  22.986  22.9013  22.955  0.073078  0.0171918  0.012122  0.0209983  0.0340582  0.104229  
52  23.4749  23.1167  22.9856  23  22.8887  22.8896  23.6498  23.131  22.9856  23  22.8887  22.8896  0 23.6672  23.1219  22.9886  22.9919  22.8379  22.8183  0.0757875  0.0170775  0.0121221  0.0209983  0.0340583  0.104231  
53  23.4749  23.1167  22.9856  23  22.8887  22.8896  23.6482  23.1305  22.9856  23  22.8887  22.8896  0 23.5103  23.1335  23.0054  22.9849  22.9129  22.7946  0.0756902  0.0170715  0.0121222  0.0209983  0.0340589  0.104229  
54  23.4749  23.1167  22.9856  23  22.8887  22.8896  23.5958  23.1326  22.9856  23  22.8887  22.8896  0 23.4804  23.1051  22.9866  23.017  22.9785  22.9654  0.0724589  0.0170965  0.0121222  0.0209983  0.0340586  0.104229  
55  23.4749  23.1167  22.9856  23  22.8887  22.8896  23.6226  23.1286  22.9856  23  22.8887  22.8896  0 23.6743  23.112  22.9871  22.9874  22.8815  22.8171  0.0740892  0.0170489  0.0121222  0.0209983  0.0340589  0.104229  
56  23.4749  23.1167  22.9856  23  22.8887  22.8896  23.5735  23.1382  22.9856  23  22.8887  22.8896  0 23.5501  23.1648  22.9851  22.9953  22.9085  22.7479  0.0711295  0.0171632  0.0121222  0.0209983  0.0340586  0.104229  
57  23.4749  23.1167  22.9856  23  22.8887  22.8896  23.6173  23.1236  22.9856  23  22.8887  22.8896  0 23.6003  23.1273  23.0036  23.0119  22.8982  22.8328  0.0737614  0.0169887  0.0121222  0.0209983  0.0340586  0.104228  
58  23.4749  23.1167  22.9856  23  22.8887  22.8896  23.6593  23.1278  22.9856  23  22.8887  22.8896  0 23.5591  23.1699  22.9874  23.0014  22.8771  22.8928  0.076393  0.0170387  0.012122  0.0209983  0.0340583  0.104228  
59  23.4749  23.1167  22.9856  23  22.8887  22.8896  23.6053  23.1232  22.9856  23  22.8887  22.8896  0 23.4913  23.108  23.0001  22.9756  22.91  22.9143  0.0730316  0.0169846  0.0121222  0.0209983  0.0340588  0.104229  
60  23.4749  23.1167  22.9856  23  22.8887  22.8896  23.7269  23.1221  22.9856  23  22.8887  22.8896  0 23.5082  23.1414  22.9906  23.0115  22.8642  22.9063  0.0808439  0.0169713  0.0121222  0.0209983  0.0340594  0.104229  
61  23.4749  23.1167  22.9856  23  22.8887  22.8896  23.6122  23.1228  22.9856  23  22.8887  22.8896  0 23.587  23.0975  22.978  23.0319  22.8593  22.8386  0.0734507  0.0169794  0.0121222  0.0209983  0.0340592  0.104229  
62  23.4749  23.1167  22.9856  23  22.8887  22.8896  23.6471  23.1317  22.9856  23  22.8887  22.8896  0 23.6577  23.1297  23.0007  22.9921  22.8231  23.0326  0.0756196  0.0170851  0.0121222  0.0209983  0.0340588  0.104228  
63  23.4749  23.1167  22.9856  23  22.8887  22.8896  23.6516  23.14  22.9856  23  22.8887  22.8896  0 23.5645  23.1091  22.9784  22.985  22.8535  22.7907  0.0759008  0.0171845  0.0121222  0.0209983  0.0340587  0.104231  
64  23.4749  23.1167  22.9856  23  22.8887  22.8896  23.6442  23.1325  22.9856  23  22.8887  22.8896  0 23.7126  23.1281  23.0034  23.0155  22.9818  22.868  0.0754325  0.0170953  0.0121222  0.0209983  0.0340589  0.104229  
65  23.4749  23.1167  22.9856  23  22.8887  22.8896  23.5363  23.1364  22.9856  23  22.8887  22.8896  0 23.5758  23.1486  22.9881  22.9878  22.8655  22.8734  0.0689672  0.017141  0.0121222  0.0209983  0.0340586  0.104229  
66  23.4749  23.1167  22.9856  23  22.8887  22.8896  23.6805  23.1347  22.9856  23  22.8887  22.8896  0 23.6788  23.1658  22.9969  23.0354  22.8849  22.7924  0.0777564  0.0171218  0.0121221  0.0209983  0.0340587  0.104229  
67  23.4749  23.1167  22.9856  23  22.8887  22.8896  23.6385  23.1342  22.9856  23  22.8887  22.8896  0 23.6295  23.1237  22.9746  23.0401  22.906  22.9483  0.0750759  0.0171149  0.0121222  0.0209983  0.0340587  0.104229  
68  23.4749  23.1167  22.9856  23  22.8887  22.8896  23.5956  23.1224  22.9856  23  22.8887  22.8896  0 23.6561  23.1074  22.987  23.0029  22.9126  22.9114  0.0724419  0.0169743  0.0121222  0.0209983  0.0340587  0.104229  
69  23.4749  23.1167  22.9856  23  22.8887  22.8896  23.6154  23.1428  22.9856  23  22.8887  22.8896  0 23.7613  23.1433  22.9877  23.0185  22.9095  22.8561  0.0736465  0.0172182  0.0121221  0.0209983  0.0340583  0.104229  
70  23.4749  23.1167  22.9856  23  22.8887  22.8896  23.7174  23.125  22.9856  23  22.8887  22.8896  0 23.6782  23.1592  22.962  23.0114  22.8447  23.0613  0.080197  0.0170055  0.0121222  0.0209983  0.0340594  0.104229  
71  23.4749  23.1167  22.9856  23  22.8887  22.8896  23.7069  23.1292  22.9856  23  22.8887  22.8896  0 23.6401  23.1193  22.9737  23.0206  22.8445  22.925  0.0794996  0.0170552  0.0121222  0.0209983  0.0340589  0.104229  
72  23.4749  23.1167  22.9856  23  22.8887  22.8896  23.6278  23.1264  22.9856  23  22.8887  22.8896  0 23.704  23.1287  22.9844  22.9797  22.9263  23.0638  0.0744115  0.0170226  0.0121222  0.0209983  0.0340591  0.104229  
73  23.4749  23.1167  22.9856  23  22.8887  22.8896  23.6257  23.1292  22.9856  23  22.8887  22.8896  0 23.6096  23.1226  22.9676  23.0085  22.8798  22.9601  0.0742841  0.0170556  0.0121222  0.0209983  0.0340585  0.104228  
74  23.4749  23.1167  22.9856  23  22.8887  22.8896  23.6532  23.134  22.9856  23  22.8887  22.8896  0 23.6024  23.0902  22.9808  23.0229  22.8587  22.8694  0.076005  0.0171125  0.0121221  0.0209983  0.0340586  0.104228  
75  23.4749  23.1167  22.9856  23  22.8887  22.8896  23.7329  23.1384  22.9856  23  22.8887  22.8896  0 23.6777  23.1188  23.0061  22.9977  22.9033  22.973  0.0812464  0.0171661  0.0121221  0.0209983  0.0340585  0.104228  
76  23.4749  23.1167  22.9856  23  22.8887  22.8896  23.6054  23.1309  22.9856  23  22.8887  22.8896  0 23.6182  23.0965  22.999  23.0016  22.9278  22.7848  0.0730382  0.0170764  0.0121222  0.0209983  0.0340586  0.104229  
77  23.4749  23.1167  22.9856  23  22.8887  22.8896  23.635  23.133  22.9856  23  22.8887  22.8896  0 23.6739  23.1423  22.9875  22.9899  22.8808  22.7888  0.0748587  0.0171009  0.0121222  0.0209983  0.034059  0.104229  
78  23.4749  23.1167  22.9856  23  22.8887  22.8896  23.7239  23.1297  22.9856  23  22.8887  22.8896  0 23.7452  23.1194  22.9685  23.0017  22.8945  22.7505  0.080638  0.0170612  0.0121222  0.0209983  0.034059  0.104228  
79  23.4749  23.1167  22.9856  23  22.8887  22.8896  23.6861  23.139  22.9856  23  22.8887  22.8896  0 23.6663  23.1172  22.9774  22.9688  22.9319  22.743  0.0781205  0.017173  0.0121221  0.0209983  0.0340585  0.104229  
80  23.4749  23.1167  22.9856  23  22.8887  22.8896  23.6213  23.1315  22.9856  23  22.8887  22.8896  0 23.6352  23.1216  22.9665  23.0022  22.8617  22.8239  0.0740065  0.0170824  0.0121222  0.0209983  0.0340587  0.104229  
81  23.4749  23.1167  22.9856  23  22.8887  22.8896  23.664  23.1275  22.9856  23  22.8887  22.8896  0 23.7544  23.1288  22.9805  22.9788  22.8971  22.8919  0.0766934  0.0170358  0.0121221  0.0209983  0.0340584  0.10423  
82  23.4749  23.1167  22.9856  23  22.8887  22.8896  23.644  23.1288  22.9856  23  22.8887  22.8896  0 23.5849  23.1209  22.9739  22.9574  22.8883  23.0318  0.0754245  0.0170509  0.0121222  0.0209983  0.0340588  0.104228  
83  23.4749  23.1167  22.9856  23  22.8887  22.8896  23.6574  23.1404  22.9856  23  22.8887  22.8896  0 23.7494  23.1489  22.9768  22.9962  22.929  22.8095  0.0762713  0.0171892  0.0121222  0.0209983  0.0340595  0.104229  
84  23.4749  23.1167  22.9856  23  22.8887  22.8896  23.6951  23.1279  22.9856  23  22.8887  22.8896  0 23.6926  23.1557  22.9919  22.9716  22.8622  22.9008  0.0787174  0.0170396  0.0121222  0.0209983  0.034059  0.104229  
85  23.4749  23.1167  22.9856  23  22.8887  22.8896  23.7549  23.1372  22.9856  23  22.8887  22.8896  0 23.6279  23.15  22.9783  22.9921  22.8615  22.9404  0.0827685  0.0171511  0.0121221  0.0209983  0.0340589  0.10423  
86  23.4749  23.1167  22.9856  23  22.8887  22.8896  23.6725  23.1416  22.9856  23  22.8887  22.8896  0 23.6558  23.1489  22.9911  23.0092  22.9372  22.9343  0.0772408  0.0172042  0.0121222  0.0209983  0.0340586  0.10423  
87  23.4749  23.1167  22.9856  23  22.8887  22.8896  23.6718  23.1256  22.9856  23  22.8887  22.8896  0 23.6064  23.1418  22.9918  22.9793  22.8349  23.0159  0.0771941  0.0170122  0.0121222  0.0209983  0.0340587  0.104229  
88  23.4749  23.1167  22.9856  23  22.8887  22.8896  23.5757  23.1263  22.9856  23  22.8887  22.8896  0 23.6458  23.1044  22.9688  23.0247  22.9351  22.9807  0.0712595  0.0170209  0.0121222  0.0209983  0.0340587  0.104229  
89  23.4749  23.1167  22.9856  23  22.8887  22.8896  23.5765  23.1268  22.9856  23  22.8887  22.8896  0 23.6486  23.1375  22.965  23.0449  22.9023  22.7979  0.0713053  0.0170273  0.0121222  0.0209983  0.0340585  0.104229  
90  23.4749  23.1167  22.9856  23  22.8887  22.8896  23.6975  23.1261  22.9856  23  22.8887  22.8896  0 23.6678  23.1496  23.0061  23.0243  22.8764  22.842  0.0788701  0.0170185  0.0121221  0.0209983  0.0340588  0.104231  
91  23.4749  23.1167  22.9856  23  22.8887  22.8896  23.671  23.1372  22.9856  23  22.8887  22.8896  0 23.7098  23.1601  22.9982  23.0048  22.9116  22.8608  0.0771431  0.0171513  0.0121222  0.0209983  0.0340588  0.104229  
92  23.4749  23.1167  22.9856  23  22.8887  22.8896  23.6883  23.1214  22.9856  23  22.8887  22.8896  0 23.5716  23.0935  22.9913  23.0305  22.8884  22.886  0.0782706  0.0169627  0.0121223  0.0209983  0.0340587  0.104229  
93  23.4749  23.1167  22.9856  23  22.8887  22.8896  23.6181  23.1275  22.9856  23  22.8887  22.8896  0 23.673  23.1119  22.9929  22.9616  22.8782  22.7989  0.073813  0.0170358  0.0121222  0.0209983  0.0340585  0.104228  
94  23.4749  23.1167  22.9856  23  22.8887  22.8896  23.709  23.1335  22.9856  23  22.8887  22.8896  0 23.6429  23.1597  22.9824  22.943  22.888  22.759  0.0796364  0.0171066  0.0121222  0.0209983  0.0340592  0.104229  
95  23.4749  23.1167  22.9856  23  22.8887  22.8896  23.6634  23.1391  22.9856  23  22.8887  22.8896  0 23.6966  23.1374  23.0046  22.9988  22.9636  22.7323  0.076653  0.0171735  0.0121222  0.0209983  0.0340588  0.104229  
96  23.4749  23.1167  22.9856  23  22.8887  22.8896  23.6364  23.1359  22.9856  23  22.8887  22.8896  0 23.5757  23.1641  22.968  23.0296  22.8812  22.8305  0.0749458  0.0171354  0.0121222  0.0209983  0.0340587  0.104229  
97  23.4749  23.1167  22.9856  23  22.8887  22.8896  23.5713  23.1436  22.9856  23  22.8887  22.8896  0 23.483  23.1164  22.9875  22.9773  22.9259  22.9402  0.0709951  0.0172285  0.0121222  0.0209983  0.0340587  0.10423  
98  23.4749  23.1167  22.9856  23  22.8887  22.8896  23.6436  23.1354  22.9856  23  22.8887  22.8896  0 23.6416  23.1245  22.9664  22.9791  22.8929  22.824  0.0753988  0.0171292  0.0121222  0.0209983  0.0340585  0.104229  
99  23.4749  23.1167  22.9856  23  22.8887  22.8896  23.7165  23.1284  22.9856  23  22.8887  22.8896  0 23.7543  23.1334  22.9718  22.9924  22.8673  22.978  0.0801419  0.0170459  0.0121222  0.0209983  0.0340591  0.104229  
100  23.4749  23.1167  22.9856  23  22.8887  22.8896  23.5796  23.1287  22.9856  23  22.8887  22.8896  0 23.4957  23.1368  22.9838  22.9799  22.8707  23.0515  0.0714889  0.0170499  0.0121222  0.0209983  0.0340586  0.104229  
