1  23.8086  23.1727  22.9715  23  22.9215  22.869  24.1607  23.2413  22.9715  23  22.9216  22.869  0 24.0416  23.2253  22.9689  22.9817  22.9427  22.8946  0.116989  0.0184578  0.0119981  0.0209983  0.0351004  0.10227  
2  23.8086  23.1727  22.9715  23  22.9215  22.869  23.9566  23.2587  22.9715  23  22.9216  22.869  0 23.9814  23.2555  22.9623  22.9992  22.9101  22.8222  0.0981932  0.0186887  0.0119981  0.0209983  0.0351005  0.102272  
3  23.8086  23.1727  22.9715  23  22.9215  22.869  23.9846  23.2485  22.9715  23  22.9216  22.869  0 23.9157  23.2225  22.978  23.0205  22.917  22.7727  0.100565  0.0185534  0.0119981  0.0209983  0.0351003  0.102271  
4  23.8086  23.1727  22.9715  23  22.9215  22.869  24.0854  23.2483  22.9715  23  22.9216  22.869  0 24.091  23.237  22.9727  23.0015  22.9387  22.8348  0.109639  0.0185499  0.011998  0.0209983  0.0351002  0.102271  
5  23.8086  23.1727  22.9715  23  22.9215  22.869  24.0675  23.2238  22.9715  23  22.9215  22.869  0 24.0835  23.2163  22.9792  23.0027  22.9476  22.955  0.107963  0.0182296  0.0119981  0.0209983  0.0351002  0.102271  
6  23.8086  23.1727  22.9715  23  22.9215  22.869  24.0259  23.2251  22.9715  23  22.9216  22.869  0 24.0416  23.2231  22.9684  23.0223  22.891  23.0383  0.104181  0.0182464  0.0119981  0.0209983  0.0351007  0.10227  
7  23.8086  23.1727  22.9715  23  22.9215  22.869  24.1629  23.214  22.9715  23  22.9216  22.869  0 23.933  23.2404  22.9671  23.0105  22.9432  22.8686  0.117208  0.0181041  0.011998  0.0209983  0.0351004  0.102269  
8  23.8086  23.1727  22.9715  23  22.9215  22.869  24.0512  23.2549  22.9715  23  22.9216  22.869  0 24.2465  23.256  22.9652  22.9938  22.9649  22.9315  0.106467  0.0186375  0.011998  0.0209983  0.035101  0.102271  
9  23.8086  23.1727  22.9715  23  22.9215  22.869  24.0173  23.2378  22.9715  23  22.9216  22.869  0 23.9031  23.2519  22.9774  23.0203  22.8962  22.9736  0.103415  0.0184119  0.0119981  0.0209983  0.0351007  0.102271  
10  23.8086  23.1727  22.9715  23  22.9215  22.869  23.9769  23.2242  22.9715  23  22.9216  22.869  0 23.8958  23.2303  22.9613  22.9843  22.9302  22.897  0.0999089  0.0182347  0.0119981  0.0209983  0.0351002  0.102271  
11  23.8086  23.1727  22.9715  23  22.9215  22.869  24.221  23.235  22.9715  23  22.9216  22.869  0 24.396  23.2433  22.9797  22.9729  22.9508  23.0417  0.123244  0.0183751  0.0119981  0.0209983  0.0351009  0.102271  
12  23.8086  23.1727  22.9715  23  22.9215  22.869  23.945  23.2452  22.9715  23  22.9216  22.869  0 24.1619  23.2514  22.9683  23.0032  22.9477  22.7506  0.0972226  0.0185091  0.0119981  0.0209983  0.0351003  0.102271  
13  23.8086  23.1727  22.9715  23  22.9215  22.869  24.0466  23.2349  22.9715  23  22.9215  22.869  0 24.081  23.1958  22.9828  22.9928  22.9542  22.9806  0.106049  0.0183738  0.011998  0.0209983  0.0351  0.102273  
14  23.8086  23.1727  22.9715  23  22.9215  22.869  23.951  23.2473  22.9715  23  22.9215  22.869  0 24.0733  23.2305  22.9699  22.9896  22.9075  22.9229  0.0977259  0.0185374  0.011998  0.0209983  0.0351  0.102271  
15  23.8086  23.1727  22.9715  23  22.9215  22.869  24.1237  23.2469  22.9715  23  22.9216  22.869  0 24.3331  23.2231  22.9817  23.0255  22.9243  23.036  0.113312  0.0185319  0.0119981  0.0209983  0.0351004  0.102272  
16  23.8086  23.1727  22.9715  23  22.9215  22.869  24.1024  23.2447  22.9715  23  22.9216  22.869  0 24.365  23.2402  22.9869  23.0113  22.8305  22.8623  0.111251  0.0185024  0.011998  0.0209983  0.0351002  0.102273  
17  23.8086  23.1727  22.9715  23  22.9215  22.869  24.0794  23.2319  22.9715  23  22.9216  22.869  0 24.0327  23.256  22.956  22.9702  22.9527  22.9151  0.109073  0.0183356  0.011998  0.0209983  0.0351008  0.102271  
18  23.8086  23.1727  22.9715  23  22.9215  22.869  24.024  23.2227  22.9715  23  22.9215  22.869  0 24.169  23.2196  22.9528  23.0013  22.8917  22.9057  0.104015  0.0182154  0.0119981  0.0209983  0.0351001  0.10227  
19  23.8086  23.1727  22.9715  23  22.9215  22.869  24.1593  23.2414  22.9715  23  22.9215  22.869  0 24.3825  23.2397  22.9847  23.0111  22.9086  22.7905  0.116845  0.01846  0.0119979  0.0209983  0.0350999  0.102269  
20  23.8086  23.1727  22.9715  23  22.9215  22.869  23.9934  23.2426  22.9715  23  22.9216  22.869  0 24.0376  23.2499  22.9621  22.9971  22.8247  22.7266  0.101323  0.0184758  0.0119981  0.0209983  0.0351009  0.10227  
21  23.8086  23.1727  22.9715  23  22.9215  22.869  23.9738  23.2273  22.9715  23  22.9215  22.869  0 23.9176  23.247  22.9901  23.0133  22.9175  23.0082  0.0996417  0.0182749  0.0119981  0.0209983  0.0351001  0.10227  
22  23.8086  23.1727  22.9715  23  22.9215  22.869  23.9512  23.2405  22.9715  23  22.9215  22.869  0 23.9664  23.2497  22.978  23.009  22.9755  22.8111  0.097741  0.0184479  0.011998  0.0209983  0.0351001  0.102271  
23  23.8086  23.1727  22.9715  23  22.9215  22.869  24.0886  23.2404  22.9715  23  22.9216  22.869  0 24.0338  23.2328  22.981  22.9838  22.9161  23.0739  0.109944  0.018447  0.0119981  0.0209983  0.0351008  0.102271  
24  23.8086  23.1727  22.9715  23  22.9215  22.869  23.9172  23.228  22.9715  23  22.9215  22.869  0 23.9111  23.2149  22.9686  22.9812  22.9367  22.8016  0.094946  0.0182843  0.0119981  0.0209983  0.0351002  0.10227  
25  23.8086  23.1727  22.9715  23  22.9215  22.869  23.9743  23.256  22.9715  23  22.9216  22.869  0 23.9952  23.2427  22.9989  22.9948  22.8594  22.8389  0.0996803  0.018652  0.0119981  0.0209983  0.0351004  0.102272  
26  23.8086  23.1727  22.9715  23  22.9215  22.869  24.0925  23.2258  22.9715  23  22.9215  22.869  0 24.0705  23.2231  22.9721  23.0302  22.9056  22.8573  0.110308  0.0182561  0.011998  0.0209983  0.0350996  0.102271  
27  23.8086  23.1727  22.9715  23  22.9215  22.869  24.0143  23.2794  22.9715  23  22.9216  22.8691  0 24.0535  23.3218  22.9713  23.0267  22.9377  22.7005  0.103148  0.018968  0.0119981  0.0209983  0.0351008  0.102274  
28  23.8086  23.1727  22.9715  23  22.9215  22.869  24.0155  23.2229  22.9715  23  22.9215  22.869  0 23.9951  23.234  22.9712  22.9583  22.903  22.8201  0.103257  0.0182182  0.011998  0.0209983  0.0351  0.102272  
29  23.8086  23.1727  22.9715  23  22.9215  22.869  24.0537  23.2677  22.9715  23  22.9216  22.869  0 24.0393  23.2703  22.9724  23.0108  22.8504  22.9237  0.106692  0.0188091  0.0119981  0.0209983  0.0351005  0.102273  
30  23.8086  23.1727  22.9715  23  22.9215  22.869  24.0553  23.245  22.9715  23  22.9216  22.869  0 24.1557  23.2413  22.9666  22.9738  22.9198  22.9685  0.106843  0.0185065  0.0119981  0.0209983  0.0351009  0.102271  
31  23.8086  23.1727  22.9715  23  22.9215  22.869  24.0018  23.24  22.9715  23  22.9215  22.869  0 23.9225  23.2307  22.989  22.9874  22.9936  22.6453  0.102052  0.0184416  0.0119981  0.0209983  0.0351002  0.10227  
32  23.8086  23.1727  22.9715  23  22.9215  22.869  24.1566  23.2696  22.9715  23  22.9216  22.869  0 24.1759  23.2369  22.9795  22.9826  22.8717  22.8583  0.116574  0.0188346  0.011998  0.0209983  0.0351002  0.102272  
33  23.8086  23.1727  22.9715  23  22.9215  22.869  24.0811  23.2459  22.9715  23  22.9216  22.869  0 24.073  23.2628  22.9716  23.0667  22.9789  23.0007  0.109238  0.0185188  0.0119981  0.0209983  0.0351007  0.102272  
34  23.8086  23.1727  22.9715  23  22.9215  22.869  23.9424  23.2349  22.9715  23  22.9215  22.8691  0 23.8254  23.2299  22.9614  22.9884  22.9292  23.0338  0.0970097  0.0183741  0.011998  0.0209983  0.0350998  0.102274  
35  23.8086  23.1727  22.9715  23  22.9215  22.869  24.0577  23.2219  22.9715  23  22.9215  22.869  0 24.1486  23.2102  22.9605  22.9848  22.9037  22.6777  0.107065  0.0182059  0.011998  0.0209983  0.0351001  0.102271  
36  23.8086  23.1727  22.9715  23  22.9215  22.869  24.0673  23.237  22.9715  23  22.9216  22.869  0 24.1113  23.2177  22.9556  22.9771  22.9605  23.0355  0.107946  0.0184015  0.0119981  0.0209983  0.0351004  0.10227  
37  23.8086  23.1727  22.9715  23  22.9215  22.869  23.9992  23.2523  22.9715  23  22.9216  22.869  0 24.1152  23.2541  22.9752  22.9651  22.9195  22.789  0.101831  0.0186038  0.0119981  0.0209983  0.0351004  0.102273  
38  23.8086  23.1727  22.9715  23  22.9215  22.869  24.2117  23.2383  22.9715  23  22.9216  22.869  0 24.3531  23.2412  22.9758  23.0127  22.9364  22.7856  0.122258  0.0184187  0.0119981  0.0209983  0.0351005  0.10227  
39  23.8086  23.1727  22.9715  23  22.9215  22.869  24.01  23.2503  22.9715  23  22.9215  22.869  0 23.8628  23.2532  22.9642  23.0527  22.8486  23.033  0.102777  0.0185771  0.011998  0.0209983  0.0350999  0.102272  
40  23.8086  23.1727  22.9715  23  22.9215  22.869  24.0795  23.2619  22.9715  23  22.9216  22.8691  0 24.2336  23.2692  22.9631  23.0141  22.9598  22.877  0.109086  0.018731  0.0119981  0.0209983  0.0351005  0.102273  
41  23.8086  23.1727  22.9715  23  22.9215  22.869  24.051  23.2516  22.9715  23  22.9216  22.869  0 23.9384  23.2467  22.9486  23.0304  22.8422  22.9388  0.106446  0.0185946  0.0119981  0.0209983  0.0351004  0.102271  
42  23.8086  23.1727  22.9715  23  22.9215  22.869  24.0701  23.2345  22.9715  23  22.9216  22.869  0 24.1015  23.2263  22.9689  22.989  22.965  22.8598  0.10821  0.018369  0.0119981  0.0209983  0.0351004  0.102272  
43  23.8086  23.1727  22.9715  23  22.9215  22.869  24.0222  23.2168  22.9715  23  22.9215  22.869  0 23.8445  23.1978  22.9919  23.0171  22.9448  22.7954  0.103849  0.01814  0.011998  0.0209983  0.0350998  0.102269  
44  23.8086  23.1727  22.9715  23  22.9215  22.869  23.9819  23.2646  22.9715  23  22.9215  22.8691  0 24.0248  23.2693  22.9652  23.022  22.9388  22.7988  0.100336  0.0187681  0.011998  0.0209983  0.0350999  0.102274  
45  23.8086  23.1727  22.9715  23  22.9215  22.869  24.0067  23.2402  22.9715  23  22.9215  22.869  0 24.203  23.2399  22.9778  23.0248  22.9183  22.8074  0.102487  0.0184432  0.011998  0.0209983  0.0351  0.102271  
46  23.8086  23.1727  22.9715  23  22.9215  22.869  24.072  23.2307  22.9715  23  22.9216  22.869  0 24.0138  23.2049  22.9499  22.9592  22.8894  22.7545  0.108381  0.0183201  0.0119981  0.0209983  0.0351006  0.10227  
47  23.8086  23.1727  22.9715  23  22.9215  22.869  23.9545  23.2259  22.9715  23  22.9215  22.869  0 24.2038  23.2342  22.9647  23.0065  22.863  22.8577  0.0980116  0.0182572  0.0119981  0.0209983  0.0351001  0.102271  
48  23.8086  23.1727  22.9715  23  22.9215  22.869  24.1174  23.2631  22.9715  23  22.9215  22.869  0 24.1353  23.259  22.9831  22.9974  22.8966  23.0844  0.112694  0.0187473  0.011998  0.0209983  0.0350999  0.102269  
49  23.8086  23.1727  22.9715  23  22.9215  22.869  24.017  23.2203  22.9715  23  22.9216  22.869  0 24.0319  23.206  22.9853  22.9938  22.9533  22.8165  0.103394  0.0181849  0.0119981  0.0209983  0.0351003  0.102271  
50  23.8086  23.1727  22.9715  23  22.9215  22.869  24.1877  23.2398  22.9715  23  22.9216  22.869  0 24.1536  23.228  22.948  22.9519  22.9181  22.8736  0.119742  0.0184379  0.0119981  0.0209983  0.0351006  0.102271  
51  23.8086  23.1727  22.9715  23  22.9215  22.869  24.1302  23.2321  22.9715  23  22.9216  22.869  0 24.1102  23.2357  22.962  22.986  22.9346  22.9331  0.113944  0.0183373  0.0119981  0.0209983  0.035101  0.102272  
52  23.8086  23.1727  22.9715  23  22.9215  22.869  23.9412  23.2116  22.9715  23  22.9216  22.869  0 23.9635  23.2019  22.9744  22.9919  22.8693  22.799  0.0969104  0.0180732  0.0119981  0.0209983  0.0351004  0.10227  
53  23.8086  23.1727  22.9715  23  22.9215  22.869  24.172  23.2419  22.9715  23  22.9216  22.869  0 23.9638  23.2452  22.991  22.9849  22.9465  22.7757  0.11813  0.0184667  0.011998  0.0209983  0.0351006  0.102269  
54  23.8086  23.1727  22.9715  23  22.9215  22.869  24.0252  23.2068  22.9715  23  22.9216  22.869  0 23.8629  23.1778  22.9725  23.017  23.0143  22.9433  0.104114  0.0180119  0.0119981  0.0209983  0.035101  0.10227  
55  23.8086  23.1727  22.9715  23  22.9215  22.869  24.0288  23.2332  22.9715  23  22.9216  22.869  0 24.1024  23.2153  22.973  22.9874  22.9142  22.7978  0.104439  0.0183528  0.0119981  0.0209983  0.0351005  0.102272  
56  23.8086  23.1727  22.9715  23  22.9215  22.869  24.1335  23.2236  22.9714  23  22.9216  22.869  0 24.0961  23.2518  22.9709  22.9953  22.942  22.7297  0.114275  0.0182273  0.0119979  0.0209983  0.0351004  0.10227  
57  23.8086  23.1727  22.9715  23  22.9215  22.869  23.9799  23.2523  22.9715  23  22.9216  22.869  0 23.9569  23.2563  22.9893  23.0119  22.9314  22.8133  0.10016  0.0186029  0.0119981  0.0209983  0.0351004  0.102271  
58  23.8086  23.1727  22.9715  23  22.9215  22.869  24.0134  23.229  22.9715  23  22.9216  22.869  0 23.8802  23.2742  22.9732  23.0014  22.9097  22.8722  0.103068  0.0182968  0.0119981  0.0209983  0.0351008  0.102271  
59  23.8086  23.1727  22.9715  23  22.9215  22.869  24.0414  23.2193  22.9715  23  22.9216  22.869  0 23.8802  23.203  22.9858  22.9756  22.9435  22.8932  0.105577  0.0181714  0.0119981  0.0209983  0.0351003  0.10227  
60  23.8086  23.1727  22.9715  23  22.9215  22.869  24.0655  23.2183  22.9715  23  22.9215  22.869  0 23.7826  23.239  22.9765  23.0115  22.8963  22.8853  0.107778  0.0181594  0.011998  0.0209983  0.0350998  0.102271  
61  23.8086  23.1727  22.9715  23  22.9215  22.869  23.9865  23.2571  22.9715  23  22.9215  22.869  0 23.9521  23.2293  22.964  23.0319  22.8913  22.819  0.100726  0.0186666  0.0119981  0.0209983  0.0351002  0.10227  
62  23.8086  23.1727  22.9715  23  22.9215  22.869  24.1044  23.2468  22.9715  23  22.9215  22.869  0 24.1201  23.2446  22.9864  22.9921  22.854  23.0091  0.111448  0.0185302  0.011998  0.0209983  0.0351  0.10227  
63  23.8086  23.1727  22.9715  23  22.9215  22.869  24.0203  23.2451  22.9715  23  22.9216  22.869  0 23.9031  23.2119  22.9643  22.985  22.8853  22.7719  0.103686  0.0185083  0.0119981  0.0209983  0.0351005  0.102273  
64  23.8086  23.1727  22.9715  23  22.9215  22.869  24.1045  23.219  22.9715  23  22.9215  22.869  0 24.2072  23.2143  22.9891  23.0155  23.0176  22.8478  0.111459  0.0181686  0.011998  0.0209983  0.0351001  0.102272  
65  23.8086  23.1727  22.9715  23  22.9215  22.869  24.0259  23.2616  22.9715  23  22.9216  22.869  0 24.0862  23.275  22.9739  22.9878  22.8977  22.8531  0.10418  0.0187269  0.0119981  0.0209983  0.0351006  0.102273  
66  23.8086  23.1727  22.9715  23  22.9215  22.869  24.1687  23.257  22.9715  23  22.9216  22.8691  0 24.1661  23.2909  22.9826  23.0354  22.9177  22.7736  0.117798  0.0186663  0.0119981  0.0209983  0.0351008  0.102273  
67  23.8086  23.1727  22.9715  23  22.9215  22.869  24.0593  23.2293  22.9715  23  22.9216  22.869  0 24.0466  23.2182  22.9606  23.0401  22.9395  22.9266  0.10721  0.018302  0.0119981  0.0209983  0.0351007  0.10227  
68  23.8086  23.1727  22.9715  23  22.9215  22.869  24.0172  23.2511  22.9715  23  22.9216  22.869  0 24.1046  23.2347  22.9728  23.0029  22.9462  22.8904  0.103405  0.0185875  0.0119981  0.0209983  0.0351005  0.10227  
69  23.8086  23.1727  22.9715  23  22.9215  22.869  24.0515  23.2451  22.9715  23  22.9216  22.869  0 24.2695  23.2457  22.9735  23.0185  22.943  22.8361  0.106495  0.0185083  0.0119981  0.0209983  0.0351005  0.102272  
70  23.8086  23.1727  22.9715  23  22.9215  22.869  24.1093  23.2815  22.9715  23  22.9216  22.869  0 24.055  23.3198  22.9482  23.0114  22.8762  23.0372  0.111915  0.0189956  0.0119981  0.0209983  0.0351004  0.102273  
71  23.8086  23.1727  22.9715  23  22.9215  22.869  23.9864  23.2413  22.9715  23  22.9216  22.869  0 23.9024  23.2306  22.9597  23.0206  22.8761  22.9037  0.100716  0.0184577  0.0119981  0.0209983  0.0351006  0.102271  
72  23.8086  23.1727  22.9715  23  22.9215  22.869  23.9857  23.2313  22.9715  23  22.9216  22.869  0 24.0902  23.2337  22.9703  22.9797  22.9604  23.0396  0.100658  0.0183276  0.0119981  0.0209983  0.0351003  0.10227  
73  23.8086  23.1727  22.9715  23  22.9215  22.869  24.1424  23.2563  22.9715  23  22.9216  22.869  0 24.1176  23.2491  22.9537  23.0085  22.9124  22.9382  0.115158  0.0186565  0.011998  0.0209983  0.0351006  0.102271  
74  23.8086  23.1727  22.9715  23  22.9215  22.869  24.0143  23.2184  22.9715  23  22.9215  22.869  0 23.9458  23.172  22.9667  23.0229  22.8907  22.8492  0.103151  0.0181607  0.0119981  0.0209983  0.0351001  0.102272  
75  23.8086  23.1727  22.9715  23  22.9215  22.869  24.0739  23.2465  22.9715  23  22.9215  22.869  0 24.0007  23.2253  22.9918  22.9977  22.9366  22.9508  0.108557  0.0185266  0.011998  0.0209983  0.0351001  0.102271  
76  23.8086  23.1727  22.9715  23  22.9215  22.869  24.0454  23.2402  22.9715  23  22.9215  22.869  0 24.0641  23.203  22.9847  23.0016  22.9619  22.7661  0.105941  0.0184439  0.0119981  0.0209983  0.0351001  0.102271  
77  23.8086  23.1727  22.9715  23  22.9215  22.869  24.1194  23.2493  22.9715  23  22.9216  22.869  0 24.1786  23.2594  22.9733  22.9899  22.9134  22.77  0.112896  0.0185643  0.011998  0.0209983  0.0351006  0.10227  
78  23.8086  23.1727  22.9715  23  22.9215  22.869  24.076  23.2654  22.9715  23  22.9216  22.869  0 24.1048  23.2541  22.9545  23.0017  22.9276  22.7324  0.108752  0.0187789  0.0119981  0.0209983  0.0351009  0.102271  
79  23.8086  23.1727  22.9715  23  22.9215  22.869  24.0822  23.2814  22.9715  23  22.9216  22.8691  0 24.0547  23.2573  22.9634  22.9688  22.9661  22.725  0.109335  0.0189945  0.0119981  0.0209983  0.0351003  0.102274  
80  23.8086  23.1727  22.9715  23  22.9215  22.869  24.0067  23.2414  22.9715  23  22.9215  22.869  0 24.026  23.2308  22.9526  23.0022  22.8938  22.8046  0.10248  0.0184597  0.011998  0.0209983  0.0351001  0.102272  
81  23.8086  23.1727  22.9715  23  22.9215  22.869  23.9454  23.2447  22.9715  23  22.9216  22.869  0 24.0614  23.246  22.9665  22.9788  22.9302  22.8712  0.0972579  0.0185024  0.0119981  0.0209983  0.0351002  0.102271  
82  23.8086  23.1727  22.9715  23  22.9215  22.869  23.9627  23.224  22.9715  23  22.9216  22.869  0 23.886  23.2155  22.9599  22.9574  22.9211  23.0083  0.0987031  0.0182321  0.011998  0.0209983  0.0351002  0.10227  
83  23.8086  23.1727  22.9715  23  22.9215  22.869  24.08  23.27  22.9715  23  22.9216  22.8691  0 24.2142  23.2794  22.9627  22.9962  22.9631  22.7903  0.10913  0.0188398  0.0119981  0.0209983  0.0351004  0.102274  
84  23.8086  23.1727  22.9715  23  22.9215  22.869  24.0145  23.2194  22.9715  23  22.9215  22.869  0 24.0112  23.2491  22.9777  22.9716  22.8943  22.88  0.103172  0.0181728  0.0119981  0.0209983  0.0351  0.10227  
85  23.8086  23.1727  22.9715  23  22.9215  22.869  24.0692  23.2447  22.9715  23  22.9216  22.869  0 23.9061  23.2585  22.9643  22.9921  22.8936  22.9188  0.108126  0.0185029  0.0119981  0.0209983  0.0351012  0.102272  
86  23.8086  23.1727  22.9715  23  22.9215  22.869  24.0042  23.2494  22.9715  23  22.9215  22.869  0 23.9821  23.2572  22.9769  23.0092  22.9716  22.9128  0.102267  0.0185648  0.011998  0.0209983  0.0350999  0.10227  
87  23.8086  23.1727  22.9715  23  22.9215  22.869  24.0544  23.2345  22.9715  23  22.9216  22.869  0 23.965  23.2521  22.9776  22.9793  22.8662  22.9928  0.106755  0.0183693  0.0119981  0.0209983  0.0351005  0.102271  
88  23.8086  23.1727  22.9715  23  22.9215  22.869  24.0312  23.2201  22.9715  23  22.9215  22.869  0 24.1357  23.1968  22.9549  23.0247  22.9694  22.9583  0.104654  0.0181827  0.011998  0.0209983  0.0350997  0.10227  
89  23.8086  23.1727  22.9715  23  22.9215  22.869  24.0173  23.2173  22.9715  23  22.9216  22.869  0 24.1235  23.2287  22.951  23.0449  22.9356  22.779  0.103415  0.0181465  0.0119981  0.0209983  0.0351002  0.102271  
90  23.8086  23.1727  22.9715  23  22.9215  22.869  23.9377  23.2444  22.9715  23  22.9216  22.869  0 23.9015  23.27  22.9918  23.0243  22.9089  22.8223  0.0966171  0.0184996  0.0119981  0.0209983  0.0351005  0.102273  
91  23.8086  23.1727  22.9715  23  22.9215  22.869  24.0717  23.2291  22.9715  23  22.9216  22.869  0 24.1267  23.2535  22.984  23.0048  22.9452  22.8407  0.108356  0.0182985  0.0119981  0.0209983  0.0351005  0.102271  
92  23.8086  23.1727  22.9715  23  22.9215  22.869  24.0232  23.24  22.9715  23  22.9216  22.869  0 23.8707  23.2097  22.9771  23.0305  22.9213  22.8655  0.103937  0.0184411  0.0119981  0.0209983  0.0351005  0.102273  
93  23.8086  23.1727  22.9715  23  22.9215  22.869  24.0739  23.2507  22.9715  23  22.9216  22.869  0 24.1556  23.2336  22.9787  22.9616  22.9107  22.78  0.108559  0.0185828  0.0119981  0.0209983  0.0351003  0.102269  
94  23.8086  23.1727  22.9715  23  22.9215  22.869  24.0187  23.2444  22.9715  23  22.9215  22.869  0 23.9336  23.2727  22.9683  22.943  22.9208  22.7407  0.103543  0.0184984  0.0119981  0.0209983  0.0351001  0.102271  
95  23.8086  23.1727  22.9715  23  22.9215  22.869  24.0011  23.2191  22.9715  23  22.9215  22.869  0 24.0456  23.2174  22.9903  22.9988  22.9989  22.7144  0.101996  0.0181699  0.0119981  0.0209983  0.0351002  0.102271  
96  23.8086  23.1727  22.9715  23  22.9215  22.869  23.9825  23.2138  22.9715  23  22.9215  22.869  0 23.902  23.2436  22.9541  23.0296  22.9138  22.811  0.100387  0.0181018  0.0119981  0.0209983  0.0351  0.10227  
97  23.8086  23.1727  22.9715  23  22.9215  22.869  24.0283  23.2623  22.9715  23  22.9216  22.869  0 23.9009  23.2327  22.9733  22.9773  22.9599  22.9186  0.104399  0.018737  0.0119981  0.0209983  0.0351008  0.102272  
98  23.8086  23.1727  22.9715  23  22.9215  22.869  24.1672  23.2366  22.9715  23  22.9216  22.869  0 24.164  23.2249  22.9524  22.9791  22.926  22.8046  0.117647  0.0183965  0.0119981  0.0209983  0.0351013  0.102271  
99  23.8086  23.1727  22.9715  23  22.9215  22.869  24.0571  23.246  22.9715  23  22.9215  22.869  0 24.1079  23.2515  22.9578  22.9924  22.8995  22.9557  0.10701  0.0185206  0.011998  0.0209983  0.0351  0.102272  
100  23.8086  23.1727  22.9715  23  22.9215  22.869  23.9604  23.2222  22.9715  23  22.9215  22.869  0 23.8464  23.2308  22.9697  22.9799  22.903  23.0276  0.0985096  0.0182096  0.0119981  0.0209983  0.0351001  0.102271  
