1  24.6595  23.3123  23.0484  23  23.0224  22.9358  24.9731  23.4576  23.0484  23  23.0223  22.9358  0 24.7423  23.4389  23.0457  22.9817  23.0456  22.963  0.238928  0.0215913  0.0126943  0.0209983  0.0384982  0.108754  
2  24.6595  23.3123  23.0484  23  23.0224  22.9358  25.1702  23.4771  23.0484  23  23.0224  22.9358  0 25.2436  23.4734  23.0388  22.9992  23.0098  22.886  0.284965  0.0219044  0.0126944  0.0209983  0.0384988  0.108755  
3  24.6595  23.3123  23.0484  23  23.0224  22.9358  25.2114  23.4367  23.0484  23  23.0223  22.9358  0 25.0201  23.4069  23.0553  23.0205  23.0173  22.8337  0.295691  0.0212603  0.0126943  0.0209983  0.038498  0.108753  
4  24.6595  23.3123  23.0484  23  23.0224  22.9358  25.1054  23.5024  23.0484  23  23.0224  22.9358  0 25.1191  23.4889  23.0497  23.0015  23.0411  22.8994  0.268898  0.0223179  0.0126943  0.0209983  0.0384985  0.108754  
5  24.6595  23.3123  23.0484  23  23.0224  22.9358  25.0511  23.4813  23.0484  23  23.0223  22.9358  0 25.0896  23.4723  23.0566  23.0027  23.051  23.0274  0.256161  0.021972  0.0126942  0.0209983  0.038498  0.108754  
6  24.6595  23.3123  23.0484  23  23.0224  22.9358  25.0331  23.4449  23.0484  23  23.0224  22.9358  0 25.0714  23.4427  23.0452  23.0223  22.9889  23.1168  0.25206  0.0213899  0.0126944  0.0209983  0.0384987  0.108752  
7  24.6595  23.3123  23.0484  23  23.0224  22.9358  25.1785  23.4785  23.0484  23  23.0223  22.9358  0 24.6836  23.5105  23.0438  23.0105  23.0461  22.9354  0.287098  0.0219261  0.0126944  0.0209983  0.0384984  0.108754  
8  24.6595  23.3123  23.0484  23  23.0224  22.9358  24.9499  23.4439  23.0484  23  23.0223  22.9358  0 25.4376  23.4452  23.0418  22.9938  23.07  23.0023  0.234033  0.0213733  0.0126943  0.0209983  0.0384981  0.108752  
9  24.6595  23.3123  23.0484  23  23.0224  22.9358  25.1042  23.4058  23.0484  23  23.0223  22.9358  0 24.8294  23.4218  23.0547  23.0203  22.9945  23.0474  0.2686  0.0207854  0.0126943  0.0209983  0.0384983  0.108753  
10  24.6595  23.3123  23.0484  23  23.0224  22.9358  25.1061  23.4453  23.0484  23  23.0223  22.9358  0 24.8999  23.4525  23.0376  22.9843  23.0318  22.9655  0.269059  0.0213956  0.0126943  0.0209983  0.0384984  0.108752  
11  24.6595  23.3123  23.0484  23  23.0224  22.9358  25.1114  23.459  23.0484  23  23.0224  22.9358  0 25.5408  23.4688  23.0572  22.9729  23.0545  23.1205  0.270352  0.0216132  0.0126944  0.0209983  0.0384986  0.108757  
12  24.6595  23.3123  23.0484  23  23.0224  22.9358  24.9385  23.4596  23.0484  23  23.0223  22.9358  0 25.5519  23.4669  23.0451  23.0032  23.051  22.8103  0.231671  0.0216225  0.0126943  0.0209983  0.0384982  0.108757  
13  24.6595  23.3123  23.0484  23  23.0224  22.9358  25.0319  23.4593  23.0484  23  23.0223  22.9358  0 25.1154  23.4135  23.0604  22.9928  23.0582  23.0549  0.251799  0.0216177  0.0126943  0.0209983  0.0384983  0.108754  
14  24.6595  23.3123  23.0484  23  23.0224  22.9358  25.0863  23.4587  23.0484  23  23.0224  22.9358  0 25.4551  23.4391  23.0468  22.9896  23.007  22.9932  0.264336  0.0216087  0.0126944  0.0209983  0.0384986  0.108752  
15  24.6595  23.3123  23.0484  23  23.0224  22.9358  25.0374  23.4408  23.0484  23  23.0223  22.9358  0 25.577  23.4135  23.0593  23.0255  23.0254  23.1143  0.253039  0.0213257  0.0126943  0.0209983  0.0384981  0.108752  
16  24.6595  23.3123  23.0484  23  23.0224  22.9358  25.0781  23.4916  23.0484  23  23.0224  22.9358  0 25.8455  23.4863  23.0648  23.0113  22.9228  22.9286  0.262417  0.0221406  0.0126944  0.0209983  0.0384988  0.108754  
17  24.6595  23.3123  23.0484  23  23.0224  22.9358  25.0043  23.4704  23.0484  23  23.0224  22.9358  0 24.9019  23.4992  23.0321  22.9702  23.0565  22.9848  0.245668  0.021796  0.0126944  0.0209983  0.0384987  0.108753  
18  24.6595  23.3123  23.0484  23  23.0224  22.9358  25.1569  23.508  23.0484  23  23.0223  22.9358  0 25.6055  23.5042  23.0287  23.0013  22.9897  22.9748  0.2816  0.0224104  0.0126943  0.0209983  0.0384982  0.108755  
19  24.6595  23.3123  23.0484  23  23.0224  22.9358  24.9095  23.45  23.0484  23  23.0223  22.9358  0 25.3923  23.448  23.0625  23.0111  23.0081  22.8525  0.22575  0.0214704  0.0126944  0.0209983  0.0384984  0.108754  
20  24.6595  23.3123  23.0484  23  23.0224  22.9358  24.9455  23.5192  23.0484  23  23.0223  22.9358  0 25.0499  23.5281  23.0386  22.9971  22.9166  22.785  0.233107  0.0225978  0.0126943  0.0209983  0.0384984  0.108755  
21  24.6595  23.3123  23.0484  23  23.0224  22.9358  24.9428  23.4672  23.0484  23  23.0224  22.9358  0 24.8159  23.4908  23.0681  23.0133  23.0179  23.0844  0.232548  0.0217444  0.0126944  0.0209983  0.0384985  0.108755  
22  24.6595  23.3123  23.0484  23  23.0224  22.9358  25.0446  23.4981  23.0484  23  23.0224  22.9358  0 25.0845  23.5092  23.0554  23.009  23.0817  22.8743  0.254669  0.0222467  0.0126944  0.0209983  0.0384986  0.108755  
23  24.6595  23.3123  23.0484  23  23.0224  22.9358  24.8807  23.4479  23.0484  23  23.0224  22.9358  0 24.7736  23.439  23.0585  22.9838  23.0164  23.1551  0.220044  0.0214368  0.0126944  0.0209983  0.0384988  0.108752  
24  24.6595  23.3123  23.0484  23  23.0224  22.9358  24.8419  23.474  23.0484  23  23.0224  22.9358  0 24.8284  23.4584  23.0454  22.9812  23.039  22.8642  0.212588  0.0218541  0.0126944  0.0209983  0.0384986  0.108753  
25  24.6595  23.3123  23.0484  23  23.0224  22.9358  25.1533  23.4651  23.0484  23  23.0224  22.9358  0 25.2133  23.4497  23.0775  22.9948  22.9544  22.9038  0.280683  0.021711  0.0126944  0.0209983  0.0384986  0.108752  
26  24.6595  23.3123  23.0484  23  23.0224  22.9358  25.0571  23.4616  23.0484  23  23.0224  22.9358  0 25.0065  23.4584  23.0491  23.0302  23.0049  22.9233  0.257538  0.0216551  0.0126944  0.0209983  0.0384985  0.108752  
27  24.6595  23.3123  23.0484  23  23.0224  22.9358  24.8282  23.4386  23.0484  23  23.0224  22.9358  0 24.9097  23.4862  23.0483  23.0267  23.0401  22.7574  0.210024  0.0212906  0.0126944  0.0209983  0.0384986  0.108754  
28  24.6595  23.3123  23.0484  23  23.0224  22.9358  25.0752  23.4751  23.0484  23  23.0223  22.9358  0 25.0242  23.4884  23.0482  22.9583  23.0021  22.8838  0.261727  0.0218712  0.0126944  0.0209983  0.0384984  0.108755  
29  24.6595  23.3123  23.0484  23  23.0224  22.9358  24.9465  23.4952  23.0484  23  23.0223  22.9358  0 24.9152  23.4983  23.0494  23.0108  22.9445  22.994  0.233313  0.0221999  0.0126943  0.0209983  0.0384983  0.108752  
30  24.6595  23.3123  23.0484  23  23.0224  22.9358  24.9365  23.4482  23.0484  23  23.0224  22.9358  0 25.1668  23.4439  23.0433  22.9738  23.0204  23.0419  0.231252  0.0214412  0.0126944  0.0209983  0.0384986  0.108753  
31  24.6595  23.3123  23.0484  23  23.0224  22.9358  25.1086  23.4574  23.0484  23  23.0223  22.9358  0 24.9105  23.4465  23.067  22.9874  23.1016  22.6994  0.269665  0.0215875  0.0126943  0.0209983  0.0384982  0.108756  
32  24.6595  23.3123  23.0484  23  23.0224  22.9358  24.9872  23.4914  23.0484  23  23.0224  22.9358  0 25.0276  23.4531  23.057  22.9826  22.9678  22.9244  0.241953  0.0221361  0.0126943  0.0209983  0.0384984  0.108753  
33  24.6595  23.3123  23.0484  23  23.0224  22.9358  24.9984  23.4773  23.0484  23  23.0223  22.9358  0 24.9802  23.4973  23.0485  23.0667  23.0854  23.0764  0.244378  0.0219064  0.0126943  0.0209983  0.0384984  0.108752  
34  24.6595  23.3123  23.0484  23  23.0224  22.9358  24.9449  23.4758  23.0484  23  23.0224  22.9358  0 24.6827  23.4698  23.0378  22.9884  23.0307  23.1119  0.232992  0.021882  0.0126944  0.0209983  0.0384986  0.108753  
35  24.6595  23.3123  23.0484  23  23.0224  22.9358  24.9485  23.4777  23.0484  23  23.0223  22.9358  0 25.1577  23.4636  23.0368  22.9848  23.0028  22.7334  0.233742  0.0219137  0.0126943  0.0209983  0.038498  0.108758  
36  24.6595  23.3123  23.0484  23  23.0224  22.9358  25.0405  23.5484  23.0484  23  23.0224  22.9358  0 25.147  23.5242  23.0316  22.9771  23.0652  23.1137  0.253734  0.0230957  0.0126943  0.0209983  0.0384985  0.108757  
37  24.6595  23.3123  23.0484  23  23.0224  22.9358  24.9348  23.4558  23.0484  23  23.0223  22.9358  0 25.2181  23.4578  23.0524  22.9651  23.0201  22.8509  0.2309  0.021562  0.0126943  0.0209983  0.0384983  0.108753  
38  24.6595  23.3123  23.0484  23  23.0224  22.9358  25.0322  23.4358  23.0484  23  23.0224  22.9358  0 25.3468  23.4391  23.0531  23.0127  23.0386  22.8473  0.251874  0.0212472  0.0126944  0.0209983  0.0384984  0.108753  
39  24.6595  23.3123  23.0484  23  23.0224  22.9358  24.9286  23.4537  23.0484  23  23.0224  22.9358  0 24.6235  23.4571  23.0407  23.0527  22.9426  23.111  0.229624  0.021529  0.0126944  0.0209983  0.0384986  0.108753  
40  24.6595  23.3123  23.0484  23  23.0224  22.9358  25.0304  23.4568  23.0484  23  23.0223  22.9358  0 25.4254  23.4653  23.0396  23.0141  23.0644  22.9443  0.25145  0.0215775  0.0126943  0.0209983  0.0384981  0.108755  
41  24.6595  23.3123  23.0484  23  23.0224  22.9358  25.1239  23.4512  23.0484  23  23.0224  22.9358  0 24.8554  23.4455  23.0242  23.0304  22.9357  23.0101  0.2734  0.0214886  0.0126943  0.0209983  0.0384985  0.108753  
42  24.6595  23.3123  23.0484  23  23.0224  22.9358  24.9237  23.4095  23.0484  23  23.0223  22.9358  0 24.991  23.4002  23.0458  22.989  23.0701  22.926  0.228625  0.0208406  0.0126943  0.0209983  0.0384982  0.108752  
43  24.6595  23.3123  23.0484  23  23.0224  22.9358  25.0749  23.493  23.0484  23  23.0223  22.9358  0 24.6731  23.4699  23.0701  23.0171  23.0479  22.8577  0.261669  0.0221635  0.0126942  0.0209983  0.038498  0.108756  
44  24.6595  23.3123  23.0484  23  23.0224  22.9358  25.0361  23.4654  23.0484  23  23.0224  22.9358  0 25.1475  23.4707  23.0418  23.022  23.0413  22.8612  0.252753  0.021715  0.0126944  0.0209983  0.0384985  0.108757  
45  24.6595  23.3123  23.0484  23  23.0224  22.9358  24.956  23.4434  23.0484  23  23.0223  22.9358  0 25.4744  23.4432  23.0551  23.0248  23.0188  22.8704  0.235308  0.0213667  0.0126943  0.0209983  0.0384982  0.108755  
46  24.6595  23.3123  23.0484  23  23.0224  22.9358  24.8343  23.4626  23.0484  23  23.0224  22.9358  0 24.7238  23.4321  23.0256  22.9592  22.9872  22.8144  0.211163  0.0216705  0.0126944  0.0209983  0.0384986  0.108752  
47  24.6595  23.3123  23.0484  23  23.0224  22.9358  24.9718  23.467  23.0484  23  23.0224  22.9358  0 25.7232  23.4769  23.0413  23.0065  22.9583  22.9237  0.238634  0.0217405  0.0126944  0.0209983  0.0384987  0.108753  
48  24.6595  23.3123  23.0484  23  23.0224  22.9358  24.9892  23.4355  23.0484  23  23.0223  22.9358  0 25.028  23.4308  23.0607  22.9974  22.9951  23.1664  0.242373  0.0212418  0.0126944  0.0209983  0.0384984  0.108753  
49  24.6595  23.3123  23.0484  23  23.0224  22.9358  25.062  23.4391  23.0484  23  23.0224  22.9358  0 25.0996  23.4223  23.0631  22.9938  23.0572  22.8801  0.258666  0.0212978  0.0126944  0.0209983  0.0384985  0.108752  
50  24.6595  23.3123  23.0484  23  23.0224  22.9358  24.9263  23.4498  23.0484  23  23.0224  22.9358  0 24.8619  23.4362  23.0236  22.9519  23.0186  22.9407  0.229153  0.0214675  0.0126944  0.0209983  0.0384985  0.108754  
51  24.6595  23.3123  23.0484  23  23.0224  22.9358  25.0138  23.5185  23.0484  23  23.0224  22.9358  0 24.9709  23.523  23.0384  22.986  23.0367  23.0041  0.247754  0.0225858  0.0126944  0.0209983  0.0384986  0.108755  
52  24.6595  23.3123  23.0484  23  23.0224  22.9358  25.1119  23.4769  23.0484  23  23.0224  22.9358  0 25.1753  23.4651  23.0516  22.9919  22.9651  22.8614  0.270476  0.0219  0.0126944  0.0209983  0.0384985  0.108753  
53  24.6595  23.3123  23.0484  23  23.0224  22.9358  24.9047  23.4704  23.0484  23  23.0224  22.9358  0 24.5377  23.4742  23.0692  22.9849  23.0498  22.8368  0.224804  0.021796  0.0126944  0.0209983  0.0384986  0.108752  
54  24.6595  23.3123  23.0484  23  23.0224  22.9358  25.3016  23.4485  23.0484  23  23.0224  22.9358  0 24.8639  23.414  23.0495  23.017  23.1245  23.0149  0.320646  0.0214461  0.0126944  0.0209983  0.0384985  0.108752  
55  24.6595  23.3123  23.0484  23  23.0224  22.9358  25.1243  23.4773  23.0484  23  23.0224  22.9358  0 25.3289  23.4559  23.05  22.9874  23.0142  22.8602  0.273498  0.0219071  0.0126944  0.0209983  0.0384986  0.108752  
56  24.6595  23.3123  23.0484  23  23.0224  22.9358  25.074  23.4413  23.0484  23  23.0224  22.9358  0 24.9902  23.4745  23.0479  22.9953  23.0447  22.7882  0.26144  0.0213333  0.0126944  0.0209983  0.0384985  0.108751  
57  24.6595  23.3123  23.0484  23  23.0224  22.9358  24.95  23.4448  23.0484  23  23.0224  22.9358  0 24.8969  23.4494  23.0673  23.0119  23.0331  22.8766  0.234048  0.0213882  0.0126944  0.0209983  0.0384985  0.108754  
58  24.6595  23.3123  23.0484  23  23.0224  22.9358  24.9955  23.4208  23.0484  23  23.0223  22.9358  0 24.7035  23.4729  23.0503  23.0014  23.0093  22.9392  0.243751  0.0210137  0.0126943  0.0209983  0.0384983  0.108755  
59  24.6595  23.3123  23.0484  23  23.0224  22.9358  25.1229  23.481  23.0484  23  23.0224  22.9358  0 24.7467  23.4614  23.0636  22.9756  23.0465  22.9616  0.273148  0.0219674  0.0126944  0.0209983  0.0384985  0.108754  
60  24.6595  23.3123  23.0484  23  23.0224  22.9358  25.0425  23.4969  23.0484  23  23.0224  22.9358  0 24.4651  23.5223  23.0537  23.0115  22.9947  22.9531  0.254187  0.0222276  0.0126943  0.0209983  0.0384985  0.108753  
61  24.6595  23.3123  23.0484  23  23.0224  22.9358  24.8776  23.4726  23.0484  23  23.0224  22.9358  0 24.804  23.4402  23.0405  23.0319  22.9892  22.8827  0.219443  0.0218307  0.0126944  0.0209983  0.0384988  0.108756  
62  24.6595  23.3123  23.0484  23  23.0224  22.9358  24.955  23.438  23.0484  23  23.0223  22.9358  0 24.9882  23.4355  23.0643  22.9921  22.9485  23.0854  0.235101  0.0212817  0.0126943  0.0209983  0.0384984  0.108752  
63  24.6595  23.3123  23.0484  23  23.0224  22.9358  25.0719  23.4755  23.0484  23  23.0223  22.9358  0 24.7979  23.4363  23.0408  22.985  22.9826  22.8328  0.26095  0.0218779  0.0126942  0.0209983  0.0384979  0.108755  
64  24.6595  23.3123  23.0484  23  23.0224  22.9358  24.8823  23.4373  23.0484  23  23.0224  22.9358  0 25.0957  23.4318  23.0671  23.0155  23.1282  22.9132  0.220357  0.0212705  0.0126944  0.0209983  0.0384986  0.108752  
65  24.6595  23.3123  23.0484  23  23.0224  22.9358  25.0181  23.4607  23.0484  23  23.0223  22.9358  0 25.1681  23.4762  23.051  22.9878  22.9962  22.9188  0.248714  0.0216398  0.0126943  0.0209983  0.0384983  0.108752  
66  24.6595  23.3123  23.0484  23  23.0224  22.9358  24.9145  23.4724  23.0484  23  23.0224  22.9358  0 24.9095  23.5121  23.0603  23.0354  23.0181  22.8346  0.226758  0.021827  0.0126944  0.0209983  0.0384986  0.108755  
67  24.6595  23.3123  23.0484  23  23.0224  22.9358  25.0197  23.4639  23.0484  23  23.0223  22.9358  0 24.9903  23.4507  23.0369  23.0401  23.042  22.9971  0.249059  0.0216913  0.0126943  0.0209983  0.0384982  0.108754  
68  24.6595  23.3123  23.0484  23  23.0224  22.9358  25.1814  23.4598  23.0484  23  23.0223  22.9358  0 25.445  23.4407  23.0499  23.0029  23.0494  22.9585  0.287856  0.0216253  0.0126943  0.0209983  0.0384982  0.108753  
69  24.6595  23.3123  23.0484  23  23.0224  22.9358  25.0921  23.4259  23.0484  23  23.0223  22.9358  0 25.7486  23.4266  23.0506  23.0185  23.0459  22.9008  0.265713  0.0210934  0.0126943  0.0209983  0.0384981  0.108754  
70  24.6595  23.3123  23.0484  23  23.0224  22.9358  24.9665  23.4702  23.0484  23  23.0224  22.9358  0 24.8544  23.5142  23.0238  23.0114  22.9727  23.1155  0.237525  0.0217915  0.0126944  0.0209983  0.0384986  0.108752  
71  24.6595  23.3123  23.0484  23  23.0224  22.9358  24.9484  23.4611  23.0484  23  23.0224  22.9358  0 24.7626  23.4486  23.036  23.0206  22.9725  22.9727  0.23371  0.0216461  0.0126944  0.0209983  0.0384986  0.108753  
72  24.6595  23.3123  23.0484  23  23.0224  22.9358  24.9843  23.5256  23.0484  23  23.0224  22.9358  0 25.2539  23.5286  23.0472  22.9797  23.065  23.1182  0.24131  0.0227071  0.0126944  0.0209983  0.0384986  0.108754  
73  24.6595  23.3123  23.0484  23  23.0224  22.9358  24.9884  23.429  23.0484  23  23.0224  22.9358  0 24.9367  23.4208  23.0296  23.0085  23.0123  23.0095  0.242208  0.0211414  0.0126944  0.0209983  0.0384986  0.108754  
74  24.6595  23.3123  23.0484  23  23.0224  22.9358  24.9648  23.4287  23.0484  23  23.0223  22.9358  0 24.8134  23.3748  23.0434  23.0229  22.9885  22.9147  0.237159  0.0211363  0.0126944  0.0209983  0.0384984  0.108752  
75  24.6595  23.3123  23.0484  23  23.0224  22.9358  24.8319  23.4775  23.0484  23  23.0223  22.9358  0 24.6941  23.4524  23.0699  22.9977  23.0389  23.023  0.210699  0.0219095  0.0126943  0.0209983  0.0384983  0.108755  
76  24.6595  23.3123  23.0484  23  23.0224  22.9358  25.025  23.485  23.0484  23  23.0223  22.9358  0 25.0695  23.4408  23.0625  23.0016  23.0667  22.8266  0.25024  0.0220327  0.0126944  0.0209983  0.0384982  0.108753  
77  24.6595  23.3123  23.0484  23  23.0224  22.9358  24.9229  23.4536  23.0484  23  23.0224  22.9358  0 25.0463  23.4654  23.0504  22.9899  23.0134  22.8308  0.228464  0.0215277  0.0126944  0.0209983  0.0384986  0.108752  
78  24.6595  23.3123  23.0484  23  23.0224  22.9358  25.1044  23.5078  23.0484  23  23.0223  22.9358  0 25.177  23.4942  23.0305  23.0017  23.0289  22.791  0.26866  0.0224072  0.0126943  0.0209983  0.0384981  0.108753  
79  24.6595  23.3123  23.0484  23  23.0224  22.9358  25.097  23.4643  23.0484  23  23.0224  22.9358  0 25.0311  23.4368  23.0399  22.9688  23.0713  22.7832  0.266883  0.0216972  0.0126944  0.0209983  0.0384985  0.108753  
80  24.6595  23.3123  23.0484  23  23.0224  22.9358  25.0765  23.4509  23.0484  23  23.0223  22.9358  0 25.1267  23.4385  23.0285  23.0022  22.9919  22.8674  0.262041  0.0214837  0.0126943  0.0209983  0.0384981  0.108754  
81  24.6595  23.3123  23.0484  23  23.0224  22.9358  25.0549  23.4561  23.0484  23  23.0224  22.9358  0 25.3933  23.4576  23.0431  22.9788  23.0319  22.9381  0.25703  0.0215659  0.0126944  0.0209983  0.0384986  0.108753  
82  24.6595  23.3123  23.0484  23  23.0224  22.9358  24.9362  23.4832  23.0484  23  23.0224  22.9358  0 24.7644  23.473  23.0362  22.9574  23.0219  23.0846  0.2312  0.0220034  0.0126944  0.0209983  0.0384986  0.108756  
83  24.6595  23.3123  23.0484  23  23.0224  22.9358  24.9656  23.4645  23.0484  23  23.0223  22.9358  0 25.2819  23.4754  23.0392  22.9962  23.068  22.8523  0.237319  0.0217014  0.0126943  0.0209983  0.0384982  0.108756  
84  24.6595  23.3123  23.0484  23  23.0224  22.9358  25.2096  23.5128  23.0484  23  23.0224  22.9358  0 25.1999  23.5497  23.055  22.9716  22.9925  22.9475  0.295209  0.0224913  0.0126944  0.0209983  0.0384986  0.108756  
85  24.6595  23.3123  23.0484  23  23.0224  22.9358  25.0734  23.4148  23.0484  23  23.0223  22.9358  0 24.7144  23.4305  23.0408  22.9921  22.9917  22.9887  0.261307  0.0209227  0.0126944  0.0209983  0.0384984  0.108753  
86  24.6595  23.3123  23.0484  23  23.0224  22.9358  25.1349  23.4508  23.0484  23  23.0223  22.9358  0 25.0762  23.4598  23.0542  23.0092  23.0774  22.9824  0.276096  0.0214823  0.0126943  0.0209983  0.0384981  0.108754  
87  24.6595  23.3123  23.0484  23  23.0224  22.9358  25.1143  23.4303  23.0484  23  23.0223  22.9358  0 24.9003  23.4506  23.0549  22.9793  22.9617  23.0679  0.271057  0.0211618  0.0126942  0.0209983  0.0384981  0.108752  
88  24.6595  23.3123  23.0484  23  23.0224  22.9358  25.1017  23.4801  23.0484  23  23.0224  22.9358  0 25.3926  23.452  23.0309  23.0247  23.075  23.031  0.268017  0.0219519  0.0126944  0.0209983  0.0384986  0.108753  
89  24.6595  23.3123  23.0484  23  23.0224  22.9358  25.2007  23.4647  23.0484  23  23.0223  22.9358  0 25.5335  23.4783  23.0268  23.0449  23.0378  22.8403  0.292883  0.0217038  0.0126943  0.0209983  0.0384981  0.108755  
90  24.6595  23.3123  23.0484  23  23.0224  22.9358  25.0539  23.4355  23.0484  23  23.0223  22.9358  0 24.9602  23.4649  23.0699  23.0243  23.0085  22.8861  0.256785  0.0212424  0.0126943  0.0209983  0.0384984  0.108753  
91  24.6595  23.3123  23.0484  23  23.0224  22.9358  24.8343  23.4106  23.0484  23  23.0224  22.9358  0 24.9441  23.4385  23.0617  23.0048  23.0483  22.9057  0.21115  0.0208581  0.0126944  0.0209983  0.0384986  0.108755  
92  24.6595  23.3123  23.0484  23  23.0224  22.9358  25.1269  23.4629  23.0484  23  23.0223  22.9358  0 24.7634  23.4274  23.0544  23.0305  23.0221  22.932  0.274135  0.0216753  0.0126943  0.0209983  0.038498  0.108756  
93  24.6595  23.3123  23.0484  23  23.0224  22.9358  24.9859  23.4413  23.0484  23  23.0224  22.9358  0 25.1769  23.4217  23.0561  22.9616  23.0105  22.8413  0.241659  0.0213331  0.0126944  0.0209983  0.0384987  0.108753  
94  24.6595  23.3123  23.0484  23  23.0224  22.9358  24.9005  23.4856  23.0484  23  23.0224  22.9358  0 24.7241  23.5195  23.0451  22.943  23.0215  22.7999  0.223956  0.0220425  0.0126944  0.0209983  0.0384987  0.108756  
95  24.6595  23.3123  23.0484  23  23.0224  22.9358  25.089  23.4728  23.0484  23  23.0223  22.9358  0 25.2086  23.4707  23.0684  22.9988  23.1074  22.7721  0.264985  0.0218339  0.0126943  0.0209983  0.0384981  0.108758  
96  24.6595  23.3123  23.0484  23  23.0224  22.9358  24.953  23.4881  23.0484  23  23.0224  22.9358  0 24.7733  23.5246  23.0301  23.0296  23.0139  22.8742  0.234673  0.0220828  0.0126944  0.0209983  0.0384987  0.108754  
97  24.6595  23.3123  23.0484  23  23.0224  22.9358  25.0802  23.4685  23.0484  23  23.0224  22.9358  0 24.784  23.4341  23.0504  22.9773  23.0645  22.9886  0.262893  0.0217641  0.0126944  0.0209983  0.0384985  0.108754  
98  24.6595  23.3123  23.0484  23  23.0224  22.9358  25.0676  23.476  23.0484  23  23.0223  22.9358  0 25.0605  23.4621  23.0283  22.9791  23.0272  22.8674  0.259951  0.0218862  0.0126944  0.0209983  0.0384984  0.108753  
99  24.6595  23.3123  23.0484  23  23.0224  22.9358  25.1082  23.4749  23.0484  23  23.0224  22.9358  0 25.2409  23.4813  23.034  22.9924  22.9982  23.0281  0.269569  0.0218683  0.0126944  0.0209983  0.0384987  0.108753  
100  24.6595  23.3123  23.0484  23  23.0224  22.9358  24.8686  23.4411  23.0484  23  23.0224  22.9358  0 24.6309  23.4512  23.0466  22.9799  23.0021  23.1053  0.217696  0.0213293  0.0126944  0.0209983  0.0384986  0.108753  
101  24.6595  23.3123  23.0484  23  23.0224  22.9358  24.8836  23.4564  23.0484  23  23.0224  22.9358  0 25.1885  23.4851  23.0468  23.0086  23.0628  22.9901  0.220619  0.0215708  0.0126944  0.0209983  0.0384985  0.108753  
102  24.6595  23.3123  23.0484  23  23.0224  22.9358  25.0079  23.3988  23.0484  23  23.0224  22.9358  0 24.9707  23.4039  23.0288  23.005  23.014  22.9928  0.246462  0.0206785  0.0126944  0.0209983  0.0384986  0.108752  
103  24.6595  23.3123  23.0484  23  23.0224  22.9358  25.1292  23.4531  23.0484  23  23.0223  22.9358  0 25.1418  23.4359  23.0776  22.9926  23.0371  22.9631  0.274682  0.0215186  0.0126943  0.0209983  0.0384982  0.108753  
104  24.6595  23.3123  23.0484  23  23.0224  22.9358  25.006  23.4584  23.0484  23  23.0224  22.9358  0 24.892  23.4483  23.0339  23.0191  23.0698  23.181  0.246043  0.0216036  0.0126944  0.0209983  0.0384986  0.108753  
105  24.6595  23.3123  23.0484  23  23.0224  22.9358  24.9697  23.4265  23.0484  23  23.0224  22.9358  0 24.8248  23.3953  23.0396  22.9613  23.0465  22.9189  0.238191  0.0211018  0.0126944  0.0209983  0.0384987  0.108753  
106  24.6595  23.3123  23.0484  23  23.0224  22.9358  25.0178  23.4173  23.0484  23  23.0224  22.9358  0 24.6815  23.4384  23.0585  23.0245  23.0604  22.834  0.248654  0.0209604  0.0126944  0.0209983  0.0384985  0.108752  
107  24.6595  23.3123  23.0484  23  23.0224  22.9358  24.9598  23.4365  23.0484  23  23.0224  22.9358  0 24.5913  23.4407  23.0622  23.0137  22.9805  22.7759  0.236099  0.0212571  0.0126944  0.0209983  0.0384984  0.108753  
108  24.6595  23.3123  23.0484  23  23.0224  22.9358  24.9748  23.4912  23.0484  23  23.0224  22.9358  0 25.1766  23.4598  23.0163  23.0225  23.0439  22.8962  0.239288  0.0221341  0.0126944  0.0209983  0.0384986  0.108755  
109  24.6595  23.3123  23.0484  23  23.0224  22.9358  24.9982  23.447  23.0484  23  23.0223  22.9358  0 24.8732  23.4294  23.0535  23.0258  22.9499  22.8291  0.244328  0.021422  0.0126943  0.0209983  0.0384982  0.108752  
110  24.6595  23.3123  23.0484  23  23.0224  22.9358  24.9407  23.4936  23.0484  23  23.0224  22.9358  0 24.6798  23.5042  23.0638  23.0187  23.1259  23.0632  0.232111  0.0221723  0.0126944  0.0209983  0.0384986  0.108757  
111  24.6595  23.3123  23.0484  23  23.0224  22.9358  25.0165  23.4888  23.0484  23  23.0224  22.9358  0 25.2829  23.4559  23.0297  22.9689  23.0544  22.9743  0.248347  0.0220944  0.0126944  0.0209983  0.0384985  0.108753  
112  24.6595  23.3123  23.0484  23  23.0224  22.9358  25.0719  23.4226  23.0484  23  23.0223  22.9358  0 25.0072  23.4008  23.0372  23.0223  23.08  23.0999  0.260959  0.0210427  0.0126943  0.0209983  0.0384983  0.108753  
113  24.6595  23.3123  23.0484  23  23.0224  22.9358  24.9742  23.4509  23.0484  23  23.0224  22.9358  0 24.6365  23.4428  23.0436  23.0066  22.9786  23.2832  0.239148  0.0214837  0.0126944  0.0209983  0.0384986  0.108753  
114  24.6595  23.3123  23.0484  23  23.0224  22.9358  24.9151  23.4097  23.0484  23  23.0224  22.9358  0 25.2874  23.4241  23.0429  22.9976  22.9982  23.0988  0.226883  0.0208435  0.0126945  0.0209983  0.0384987  0.108756  
115  24.6595  23.3123  23.0484  23  23.0224  22.9358  24.9041  23.508  23.0484  23  23.0223  22.9358  0 25.187  23.5273  23.0272  23.0103  23.0296  23.1729  0.224683  0.0224107  0.0126943  0.0209983  0.0384984  0.108757  
116  24.6595  23.3123  23.0484  23  23.0224  22.9358  24.889  23.4184  23.0484  23  23.0224  22.9358  0 25.4163  23.4543  23.0443  23.0198  23.0658  23.0095  0.221676  0.0209766  0.0126944  0.0209983  0.0384985  0.108751  
117  24.6595  23.3123  23.0484  23  23.0224  22.9358  24.9845  23.4706  23.0484  23  23.0223  22.9358  0 24.8128  23.506  23.0475  23.0196  23.0044  22.9774  0.241369  0.0217985  0.0126943  0.0209983  0.0384983  0.108754  
118  24.6595  23.3123  23.0484  23  23.0224  22.9358  25.0516  23.4551  23.0484  23  23.0224  22.9358  0 24.9773  23.4328  23.0417  23.0036  23.0364  22.9111  0.256277  0.0215507  0.0126944  0.0209983  0.0384986  0.108753  
119  24.6595  23.3123  23.0484  23  23.0224  22.9358  24.9309  23.4487  23.0484  23  23.0224  22.9358  0 25.004  23.4352  23.0671  22.9451  23.0455  22.8394  0.23011  0.0214488  0.0126944  0.0209983  0.0384985  0.108752  
120  24.6595  23.3123  23.0484  23  23.0224  22.9358  24.919  23.4469  23.0484  23  23.0223  22.9358  0 24.9087  23.4357  23.053  22.9934  23.0808  22.7883  0.227675  0.0214203  0.0126943  0.0209983  0.0384982  0.108754  
121  24.6595  23.3123  23.0484  23  23.0224  22.9358  25.0231  23.4578  23.0484  23  23.0224  22.9358  0 24.8227  23.4747  23.073  23.0198  23.0022  22.9915  0.249817  0.0215933  0.0126944  0.0209983  0.0384985  0.108755  
122  24.6595  23.3123  23.0484  23  23.0224  22.9358  25.0255  23.4862  23.0484  23  23.0224  22.9358  0 25.1397  23.4389  23.0241  23.0306  22.9901  23.0449  0.250354  0.0220519  0.0126944  0.0209983  0.0384987  0.108754  
123  24.6595  23.3123  23.0484  23  23.0224  22.9358  24.9473  23.427  23.0484  23  23.0224  22.9358  0 25.0016  23.4638  23.0593  23.0071  23.0412  23.0137  0.233489  0.02111  0.0126944  0.0209983  0.0384986  0.108751  
124  24.6595  23.3123  23.0484  23  23.0224  22.9358  25.044  23.4971  23.0484  23  23.0224  22.9358  0 25.0836  23.4756  23.0665  23.0176  23.0583  23.0182  0.254524  0.022231  0.0126944  0.0209983  0.0384987  0.108753  
125  24.6595  23.3123  23.0484  23  23.0224  22.9358  25.1892  23.4734  23.0484  23  23.0224  22.9358  0 24.9857  23.481  23.0657  23.0227  23.0607  22.771  0.289863  0.0218432  0.0126944  0.0209983  0.0384987  0.108755  
126  24.6595  23.3123  23.0484  23  23.0224  22.9358  24.9106  23.4832  23.0484  23  23.0223  22.9358  0 24.8414  23.4893  23.0292  23.019  23.0686  22.8971  0.225983  0.0220024  0.0126943  0.0209983  0.0384982  0.108754  
127  24.6595  23.3123  23.0484  23  23.0224  22.9358  24.9653  23.4571  23.0484  23  23.0223  22.9358  0 25.287  23.4559  23.0527  23.0088  23.017  22.9384  0.237273  0.021582  0.0126943  0.0209983  0.0384984  0.108754  
128  24.6595  23.3123  23.0484  23  23.0224  22.9358  25.0848  23.4957  23.0484  23  23.0223  22.9358  0 24.7325  23.5074  23.0556  23.0004  23.0202  23.3066  0.263983  0.0222079  0.0126943  0.0209983  0.0384982  0.108754  
129  24.6595  23.3123  23.0484  23  23.0224  22.9358  25.0888  23.4902  23.0484  23  23.0224  22.9358  0 25.0121  23.4796  23.0415  23.0023  23.1079  22.9145  0.26493  0.0221165  0.0126944  0.0209983  0.0384987  0.108755  
130  24.6595  23.3123  23.0484  23  23.0224  22.9358  24.9864  23.4505  23.0484  23  23.0224  22.9358  0 25.0905  23.4627  23.0218  22.9876  23.0191  22.9292  0.241766  0.0214779  0.0126944  0.0209983  0.0384985  0.108752  
131  24.6595  23.3123  23.0484  23  23.0224  22.9358  24.9646  23.4484  23.0484  23  23.0223  22.9358  0 24.8516  23.4463  23.0377  22.9985  22.9873  23.0179  0.237126  0.0214449  0.0126943  0.0209983  0.0384981  0.108754  
132  24.6595  23.3123  23.0484  23  23.0224  22.9358  25  23.458  23.0484  23  23.0224  22.9358  0 25.219  23.4683  23.0312  22.995  23.0047  23.1343  0.244733  0.0215966  0.0126944  0.0209983  0.0384986  0.108752  
133  24.6595  23.3123  23.0484  23  23.0224  22.9358  24.9726  23.4428  23.0484  23  23.0223  22.9358  0 25.0167  23.4613  23.0325  23.0404  23.0046  22.9998  0.23882  0.0213563  0.0126943  0.0209983  0.0384982  0.108753  
134  24.6595  23.3123  23.0484  23  23.0224  22.9358  24.9482  23.4587  23.0484  23  23.0224  22.9358  0 25.0522  23.4161  23.0679  23.0286  23.029  22.9559  0.233667  0.0216073  0.0126944  0.0209983  0.0384985  0.108753  
135  24.6595  23.3123  23.0484  23  23.0224  22.9358  24.9667  23.4313  23.0484  23  23.0223  22.9358  0 25.1456  23.4727  23.0666  23.0148  23.0574  23.1697  0.237559  0.0211774  0.0126943  0.0209983  0.0384981  0.108753  
136  24.6595  23.3123  23.0484  23  23.0224  22.9358  25.1632  23.5158  23.0484  23  23.0224  22.9358  0 25.3989  23.5506  23.054  23.0024  23.0163  22.7599  0.283174  0.0225406  0.0126944  0.0209983  0.0384985  0.108757  
137  24.6595  23.3123  23.0484  23  23.0224  22.9358  25.1412  23.5212  23.0484  23  23.0223  22.9358  0 25.2736  23.5591  23.0314  22.9961  23.0639  23.0033  0.277667  0.0226315  0.0126942  0.0209983  0.0384981  0.108752  
138  24.6595  23.3123  23.0484  23  23.0224  22.9358  24.9832  23.4532  23.0484  23  23.0223  22.9358  0 25.1347  23.4487  23.0513  23.0124  23.0305  22.916  0.24108  0.0215199  0.0126943  0.0209983  0.0384982  0.108751  
139  24.6595  23.3123  23.0484  23  23.0224  22.9358  25.1099  23.4999  23.0484  23  23.0223  22.9358  0 25.5538  23.4848  23.0576  23.0259  23.0774  22.9159  0.269988  0.0222768  0.0126943  0.0209983  0.0384982  0.108756  
140  24.6595  23.3123  23.0484  23  23.0224  22.9358  25.0889  23.4109  23.0484  23  23.0224  22.9358  0 25.1057  23.3885  23.0388  22.9584  22.9871  22.8427  0.26495  0.0208627  0.0126944  0.0209983  0.0384984  0.108752  
141  24.6595  23.3123  23.0484  23  23.0224  22.9358  24.885  23.4409  23.0484  23  23.0223  22.9358  0 24.8861  23.4556  23.0355  23.0355  23.0548  22.8113  0.220894  0.0213264  0.0126944  0.0209983  0.0384984  0.108756  
142  24.6595  23.3123  23.0484  23  23.0224  22.9358  25.1131  23.4713  23.0484  23  23.0223  22.9358  0 24.7562  23.4881  23.0498  23.0216  23.0152  22.6992  0.27076  0.0218097  0.0126943  0.0209983  0.0384983  0.108755  
143  24.6595  23.3123  23.0484  23  23.0224  22.9358  25.0581  23.4462  23.0484  23  23.0223  22.9358  0 24.8264  23.4127  23.0432  22.9979  23.0001  23.0615  0.257764  0.0214101  0.0126944  0.0209983  0.0384984  0.108754  
144  24.6595  23.3123  23.0484  23  23.0224  22.9358  25.0608  23.4647  23.0484  23  23.0223  22.9358  0 25.0615  23.4545  23.0543  22.9888  23.0342  22.9045  0.25838  0.0217046  0.0126943  0.0209983  0.0384983  0.108752  
145  24.6595  23.3123  23.0484  23  23.0224  22.9358  24.9351  23.4234  23.0484  23  23.0224  22.9358  0 25.0908  23.453  23.039  22.9996  23.0726  22.9012  0.230954  0.0210538  0.0126944  0.0209983  0.0384986  0.108751  
146  24.6595  23.3123  23.0484  23  23.0224  22.9358  24.901  23.4254  23.0484  23  23.0223  22.9358  0 24.8258  23.4142  23.0557  23.035  23.0595  22.9921  0.224047  0.0210853  0.0126943  0.0209983  0.038498  0.108752  
147  24.6595  23.3123  23.0484  23  23.0224  22.9358  25.1618  23.4748  23.0484  23  23.0224  22.9358  0 24.9397  23.4682  23.0538  22.9968  23.0012  23.0321  0.282831  0.0218669  0.0126943  0.0209983  0.0384984  0.108753  
148  24.6595  23.3123  23.0484  23  23.0224  22.9358  24.8765  23.4845  23.0484  23  23.0224  22.9358  0 24.7805  23.495  23.0406  23.0057  22.9934  22.839  0.219231  0.0220242  0.0126944  0.0209983  0.0384986  0.108753  
149  24.6595  23.3123  23.0484  23  23.0224  22.9358  24.9318  23.4651  23.0484  23  23.0224  22.9358  0 25.0099  23.4859  23.0552  23.009  23.0488  22.7863  0.230291  0.0217098  0.0126944  0.0209983  0.0384984  0.108755  
150  24.6595  23.3123  23.0484  23  23.0224  22.9358  24.9841  23.4417  23.0484  23  23.0223  22.9358  0 25.6161  23.4661  23.0586  22.9748  23.083  22.9517  0.241286  0.0213399  0.0126943  0.0209983  0.0384983  0.108753  
151  24.6595  23.3123  23.0484  23  23.0224  22.9358  24.9368  23.4872  23.0484  23  23.0224  22.9358  0 24.6583  23.48  23.037  22.9969  22.9852  23.0127  0.231324  0.0220676  0.0126944  0.0209983  0.0384986  0.108754  
152  24.6595  23.3123  23.0484  23  23.0224  22.9358  25.0733  23.4372  23.0484  23  23.0224  22.9358  0 25.1299  23.4343  23.0615  23.0139  23.0384  23.0542  0.261289  0.021268  0.0126944  0.0209983  0.0384987  0.108752  
153  24.6595  23.3123  23.0484  23  23.0224  22.9358  24.9289  23.48  23.0484  23  23.0224  22.9358  0 24.5757  23.4581  23.0479  22.984  23.0529  23.0726  0.229695  0.0219499  0.0126944  0.0209983  0.0384986  0.108753  
154  24.6595  23.3123  23.0484  23  23.0224  22.9358  24.9631  23.4457  23.0484  23  23.0224  22.9358  0 24.9539  23.4182  23.0397  23.0155  23.0735  23.0799  0.236798  0.0214023  0.0126944  0.0209983  0.0384986  0.108751  
155  24.6595  23.3123  23.0484  23  23.0224  22.9358  25.035  23.472  23.0484  23  23.0224  22.9358  0 24.9352  23.4691  23.0371  23.0159  23.0957  23.1057  0.252489  0.0218207  0.0126944  0.0209983  0.0384986  0.108753  
156  24.6595  23.3123  23.0484  23  23.0224  22.9358  25.0405  23.4657  23.0484  23  23.0223  22.9358  0 25.0583  23.4644  23.042  23.0035  23.0158  22.9025  0.253731  0.0217195  0.0126943  0.0209983  0.0384981  0.108758  
157  24.6595  23.3123  23.0484  23  23.0224  22.9358  24.996  23.4824  23.0484  23  23.0223  22.9358  0 24.648  23.4808  23.0339  23.0495  23.0181  22.925  0.243853  0.0219903  0.0126943  0.0209983  0.0384982  0.108755  
158  24.6595  23.3123  23.0484  23  23.0224  22.9358  24.9622  23.4493  23.0484  23  23.0224  22.9358  0 25.0752  23.4333  23.0441  22.9601  23.0275  23.0535  0.236603  0.0214593  0.0126944  0.0209983  0.0384985  0.108752  
159  24.6595  23.3123  23.0484  23  23.0224  22.9358  24.892  23.4017  23.0484  23  23.0224  22.9358  0 25.5659  23.4067  23.0433  23.0002  23.0742  22.9631  0.222268  0.0207221  0.0126944  0.0209983  0.0384985  0.108753  
160  24.6595  23.3123  23.0484  23  23.0224  22.9358  25.1612  23.4606  23.0484  23  23.0223  22.9358  0 24.5764  23.4868  23.0499  23.0021  23.014  23.0033  0.282684  0.0216387  0.0126942  0.0209983  0.0384981  0.108754  
161  24.6595  23.3123  23.0484  23  23.0224  22.9358  25.0569  23.4504  23.0484  23  23.0224  22.9358  0 25.4862  23.4489  23.0631  23.0379  22.9873  22.776  0.257479  0.0214763  0.0126944  0.0209983  0.0384987  0.108753  
162  24.6595  23.3123  23.0484  23  23.0224  22.9358  25.159  23.4409  23.0484  23  23.0223  22.9358  0 25.4036  23.4028  23.0484  22.9832  23.0523  22.9568  0.282114  0.0213266  0.0126943  0.0209983  0.0384981  0.108752  
163  24.6595  23.3123  23.0484  23  23.0224  22.9358  25.2214  23.458  23.0484  23  23.0223  22.9358  0 25.0747  23.4389  23.0562  23.022  23.006  22.9311  0.298361  0.0215966  0.0126943  0.0209983  0.0384984  0.108753  
164  24.6595  23.3123  23.0484  23  23.0224  22.9358  24.9965  23.4672  23.0484  23  23.0223  22.9358  0 25.0761  23.4316  23.0542  22.9793  23.0512  22.9081  0.243971  0.021744  0.0126943  0.0209983  0.0384983  0.108757  
165  24.6595  23.3123  23.0484  23  23.0224  22.9358  24.9234  23.4573  23.0484  23  23.0223  22.9358  0 24.8851  23.4267  23.0663  23.0079  22.9818  22.8401  0.228579  0.021585  0.0126943  0.0209983  0.0384981  0.108753  
166  24.6595  23.3123  23.0484  23  23.0224  22.9358  25.009  23.487  23.0484  23  23.0224  22.9358  0 25.3112  23.5044  23.0698  22.989  23.0447  22.8608  0.246694  0.0220645  0.0126943  0.0209983  0.0384985  0.108753  
167  24.6595  23.3123  23.0484  23  23.0224  22.9358  25.057  23.4333  23.0484  23  23.0224  22.9358  0 25.0443  23.4408  23.058  22.988  23.0167  23.1657  0.257496  0.0212078  0.0126944  0.0209983  0.0384985  0.108753  
168  24.6595  23.3123  23.0484  23  23.0224  22.9358  24.9618  23.5332  23.0484  23  23.0224  22.9358  0 25.0234  23.5571  23.046  23.0168  23.0538  23.1627  0.236529  0.0228354  0.0126944  0.0209983  0.0384987  0.108755  
169  24.6595  23.3123  23.0484  23  23.0224  22.9358  24.9037  23.4521  23.0484  23  23.0224  22.9358  0 25.1507  23.4889  23.0539  23.0057  23.0529  22.9082  0.224595  0.0215031  0.0126944  0.0209983  0.0384986  0.108752  
170  24.6595  23.3123  23.0484  23  23.0224  22.9358  25.0592  23.479  23.0484  23  23.0224  22.9358  0 24.7909  23.5002  23.0255  22.965  23.0574  22.9427  0.258007  0.0219344  0.0126944  0.0209983  0.0384986  0.108753  
171  24.6595  23.3123  23.0484  23  23.0224  22.9358  25.134  23.4919  23.0484  23  23.0223  22.9358  0 25.0455  23.4636  23.055  23.0158  23.1146  23.0695  0.275862  0.0221452  0.0126943  0.0209983  0.0384983  0.108756  
172  24.6595  23.3123  23.0484  23  23.0224  22.9358  24.8489  23.4689  23.0484  23  23.0224  22.9358  0 24.8497  23.4653  23.0367  23.0229  23.0315  22.9123  0.213907  0.0217712  0.0126944  0.0209983  0.0384984  0.108753  
173  24.6595  23.3123  23.0484  23  23.0224  22.9358  25.0207  23.472  23.0484  23  23.0223  22.9358  0 24.899  23.4701  23.0334  22.9981  23.026  23.0167  0.249291  0.0218211  0.0126943  0.0209983  0.0384981  0.108753  
174  24.6595  23.3123  23.0484  23  23.0224  22.9358  24.9058  23.4039  23.0484  23  23.0224  22.9358  0 24.7764  23.383  23.0642  23.0077  22.9896  23.0679  0.225012  0.0207564  0.0126944  0.0209983  0.0384986  0.108751  
175  24.6595  23.3123  23.0484  23  23.0224  22.9358  24.907  23.4507  23.0484  23  23.0223  22.9358  0 24.4136  23.477  23.0547  22.9783  23.0278  22.9148  0.225255  0.0214818  0.0126943  0.0209983  0.0384984  0.108753  
176  24.6595  23.3123  23.0484  23  23.0224  22.9358  25.1445  23.4659  23.0484  23  23.0223  22.9358  0 25.1065  23.4989  23.0235  22.9726  22.9698  23.0004  0.278471  0.0217232  0.0126943  0.0209983  0.0384984  0.108752  
177  24.6595  23.3123  23.0484  23  23.0224  22.9358  24.9695  23.525  23.0484  23  23.0223  22.9358  0 25.4021  23.5085  23.0765  22.9753  22.9568  22.9134  0.238157  0.0226965  0.0126943  0.0209983  0.038498  0.108754  
178  24.6595  23.3123  23.0484  23  23.0224  22.9358  24.8915  23.4931  23.0484  23  23.0223  22.9358  0 24.6503  23.4861  23.0443  23.0104  23.0513  23.0003  0.222169  0.0221653  0.0126943  0.0209983  0.0384982  0.108756  
179  24.6595  23.3123  23.0484  23  23.0224  22.9358  25.048  23.4652  23.0484  23  23.0224  22.9358  0 25.2195  23.4569  23.0668  23.0422  22.9871  22.9814  0.255439  0.021712  0.0126944  0.0209983  0.0384986  0.108753  
180  24.6595  23.3123  23.0484  23  23.0224  22.9358  24.8484  23.4458  23.0484  23  23.0224  22.9358  0 24.5828  23.4701  23.0361  22.9852  22.9864  23.1502  0.213815  0.0214035  0.0126944  0.0209983  0.0384987  0.108754  
181  24.6595  23.3123  23.0484  23  23.0224  22.9358  24.9253  23.4455  23.0484  23  23.0223  22.9358  0 25.0118  23.4453  23.0595  22.9953  22.9791  22.8039  0.228967  0.0213986  0.0126944  0.0209983  0.0384984  0.108754  
182  24.6595  23.3123  23.0484  23  23.0224  22.9358  24.9388  23.4299  23.0484  23  23.0224  22.9358  0 24.6048  23.4007  23.0557  22.9734  23.0634  22.98  0.231735  0.0211552  0.0126944  0.0209983  0.0384986  0.108751  
183  24.6595  23.3123  23.0484  23  23.0224  22.9358  25.0261  23.4618  23.0484  23  23.0224  22.9358  0 25.0957  23.4672  23.0336  23.0098  23.0229  22.8866  0.2505  0.021658  0.0126944  0.0209983  0.0384985  0.108752  
184  24.6595  23.3123  23.0484  23  23.0224  22.9358  24.9647  23.5259  23.0484  23  23.0224  22.9358  0 25.0832  23.568  23.0695  22.9963  23.067  22.843  0.237137  0.0227113  0.0126944  0.0209983  0.0384986  0.108756  
185  24.6595  23.3123  23.0484  23  23.0224  22.9358  24.9326  23.4632  23.0484  23  23.0223  22.9358  0 25.6173  23.5007  23.0584  23.0023  23.0818  22.9589  0.230447  0.0216792  0.0126944  0.0209983  0.0384984  0.108758  
186  24.6595  23.3123  23.0484  23  23.0224  22.9358  25.123  23.4612  23.0484  23  23.0223  22.9358  0 25.2731  23.5148  23.0422  23.006  23.0633  22.9167  0.273162  0.0216474  0.0126943  0.0209983  0.0384983  0.108754  
187  24.6595  23.3123  23.0484  23  23.0224  22.9358  24.9852  23.4627  23.0484  23  23.0223  22.9358  0 24.7661  23.4938  23.0554  23.0421  23.0081  22.8562  0.24152  0.0216713  0.0126943  0.0209983  0.0384984  0.108753  
188  24.6595  23.3123  23.0484  23  23.0224  22.9358  24.9498  23.4522  23.0484  23  23.0224  22.9358  0 25.0252  23.4518  23.0596  22.9857  22.9765  22.8936  0.234005  0.0215048  0.0126944  0.0209983  0.0384988  0.108754  
189  24.6595  23.3123  23.0484  23  23.0224  22.9358  25.0142  23.4485  23.0484  23  23.0224  22.9358  0 24.7915  23.4513  23.0478  23.0393  23.0009  22.9195  0.247843  0.0214463  0.0126944  0.0209983  0.0384985  0.108751  
190  24.6595  23.3123  23.0484  23  23.0224  22.9358  25.1775  23.4471  23.0484  23  23.0223  22.9358  0 24.9409  23.4442  23.0388  22.9749  23.0544  22.9762  0.286843  0.0214245  0.0126943  0.0209983  0.0384981  0.108754  
191  24.6595  23.3123  23.0484  23  23.0224  22.9358  24.9772  23.4321  23.0484  23  23.0224  22.9358  0 25.0557  23.4373  23.0447  23.0238  23.0245  22.9281  0.239806  0.021189  0.0126944  0.0209983  0.0384988  0.108752  
192  24.6595  23.3123  23.0484  23  23.0224  22.9358  25.3691  23.521  23.0484  23  23.0223  22.9358  0 26.1556  23.5352  23.0438  22.9621  23.0364  23.0859  0.340726  0.0226291  0.0126943  0.0209983  0.038498  0.108759  
193  24.6595  23.3123  23.0484  23  23.0224  22.9358  24.9269  23.4205  23.0484  23  23.0224  22.9358  0 25.0921  23.5012  23.0837  23.0132  23.0703  22.9027  0.22929  0.0210103  0.0126945  0.0209983  0.0384987  0.108753  
194  24.6595  23.3123  23.0484  23  23.0224  22.9358  25.0787  23.4648  23.0484  23  23.0223  22.9358  0 25.1172  23.479  23.024  22.9723  22.9516  22.9026  0.262561  0.0217059  0.0126943  0.0209983  0.0384983  0.108756  
195  24.6595  23.3123  23.0484  23  23.0224  22.9358  24.9257  23.4811  23.0484  23  23.0224  22.9358  0 24.9329  23.4882  23.0307  22.9856  23.0125  22.981  0.229036  0.021969  0.0126943  0.0209983  0.0384985  0.108754  
196  24.6595  23.3123  23.0484  23  23.0224  22.9358  25.2048  23.4355  23.0484  23  23.0223  22.9358  0 25.1514  23.4231  23.0544  22.9909  23.0261  22.7411  0.293946  0.0212421  0.0126944  0.0209983  0.0384983  0.108753  
197  24.6595  23.3123  23.0484  23  23.0224  22.9358  24.8039  23.5224  23.0484  23  23.0224  22.9358  0 24.6606  23.5109  23.0443  22.9887  23.0697  22.9866  0.20554  0.0226523  0.0126944  0.0209983  0.0384987  0.108756  
198  24.6595  23.3123  23.0484  23  23.0224  22.9358  25.0516  23.4047  23.0484  23  23.0223  22.9358  0 25.2638  23.4075  23.0738  23.0304  23.0388  23.0078  0.256268  0.0207681  0.0126943  0.0209983  0.0384982  0.108753  
199  24.6595  23.3123  23.0484  23  23.0224  22.9358  24.996  23.5023  23.0484  23  23.0223  22.9358  0 25.0872  23.5025  23.0288  23.0226  22.9511  23.0053  0.243844  0.0223158  0.0126944  0.0209983  0.0384983  0.108755  
200  24.6595  23.3123  23.0484  23  23.0224  22.9358  24.9783  23.4805  23.0484  23  23.0224  22.9358  0 25.4018  23.5002  23.0821  22.9922  22.963  22.945  0.240038  0.0219595  0.0126944  0.0209983  0.0384987  0.108754  
