1  23.4138  23.1138  23.0742  23  22.9551  22.9225  23.4672  23.1138  23.0742  23  22.9551  22.9225  0 23.3993  23.0992  23.0714  22.9817  22.9769  22.9494  0.0651525  0.0168735  0.0129386  0.0209983  0.0361948  0.107436  
2  23.4138  23.1138  23.0742  23  22.9551  22.9225  23.5011  23.1138  23.0742  23  22.9551  22.9225  0 23.5179  23.1109  23.0643  22.9992  22.9432  22.8734  0.0669927  0.0168735  0.0129386  0.0209983  0.036195  0.107436  
3  23.4138  23.1138  23.0742  23  22.9551  22.9225  23.5066  23.1138  23.0742  23  22.9551  22.9225  0 23.46  23.0901  23.0812  23.0205  22.9503  22.8216  0.0672982  0.0168735  0.0129386  0.0209983  0.0361948  0.107436  
4  23.4138  23.1138  23.0742  23  22.9551  22.9225  23.473  23.1138  23.0742  23  22.9551  22.9225  0 23.4763  23.1036  23.0755  23.0015  22.9727  22.8866  0.0654604  0.0168735  0.0129387  0.0209983  0.0361948  0.107436  
5  23.4138  23.1138  23.0742  23  22.9551  22.9225  23.5205  23.1138  23.0742  23  22.9551  22.9225  0 23.5306  23.1069  23.0825  23.0027  22.982  23.013  0.0680731  0.0168735  0.0129386  0.0209983  0.0361949  0.107436  
6  23.4138  23.1138  23.0742  23  22.9551  22.9225  23.4699  23.1138  23.0742  23  22.9551  22.9225  0 23.4797  23.112  23.0709  23.0223  22.9236  23.1011  0.0652938  0.0168735  0.0129386  0.0209983  0.0361949  0.107436  
7  23.4138  23.1138  23.0742  23  22.9551  22.9225  23.4727  23.1138  23.0742  23  22.9551  22.9225  0 23.3385  23.1384  23.0695  23.0105  22.9774  22.9222  0.0654481  0.0168735  0.0129386  0.0209983  0.0361948  0.107436  
8  23.4138  23.1138  23.0742  23  22.9551  22.9225  23.5217  23.1138  23.0742  23  22.9551  22.9225  0 23.6425  23.1149  23.0674  22.9938  22.9998  22.9882  0.0681398  0.0168735  0.0129386  0.0209983  0.0361949  0.107436  
9  23.4138  23.1138  23.0742  23  22.9551  22.9225  23.6325  23.1138  23.0742  23  22.9551  22.9225  0 23.5488  23.1267  23.0806  23.0203  22.9289  23.0327  0.0747016  0.0168735  0.0129386  0.0209983  0.0361959  0.107435  
10  23.4138  23.1138  23.0742  23  22.9551  22.9225  23.4515  23.1138  23.0742  23  22.9551  22.9225  0 23.3986  23.1195  23.0632  22.9843  22.9639  22.9519  0.0643154  0.0168736  0.0129387  0.0209983  0.0361948  0.107436  
11  23.4138  23.1138  23.0742  23  22.9551  22.9225  23.4629  23.1138  23.0742  23  22.9551  22.9225  0 23.5516  23.1215  23.0831  22.9729  22.9853  23.1048  0.064921  0.0168735  0.0129387  0.0209983  0.0361951  0.107436  
12  23.4138  23.1138  23.0742  23  22.9551  22.9225  23.5058  23.1138  23.0742  23  22.9551  22.9225  0 23.6512  23.1195  23.0708  23.0032  22.982  22.7985  0.0672556  0.0168735  0.0129386  0.0209983  0.0361953  0.107436  
13  23.4138  23.1138  23.0742  23  22.9551  22.9225  23.4879  23.1138  23.0742  23  22.9551  22.9225  0 23.5093  23.0779  23.0864  22.9928  22.9888  23.0401  0.0662703  0.0168735  0.0129386  0.0209983  0.036195  0.107436  
14  23.4138  23.1138  23.0742  23  22.9551  22.9225  23.4985  23.1138  23.0742  23  22.9551  22.9225  0 23.5806  23.0985  23.0725  22.9896  22.9406  22.9793  0.0668478  0.0168735  0.0129387  0.0209983  0.0361948  0.107436  
15  23.4138  23.1138  23.0742  23  22.9551  22.9225  23.4989  23.1138  23.0742  23  22.9551  22.9225  0 23.6176  23.0922  23.0853  23.0255  22.9579  23.0987  0.0668742  0.0168735  0.0129386  0.0209983  0.0361949  0.107436  
16  23.4138  23.1138  23.0742  23  22.9551  22.9225  23.4431  23.1138  23.0742  23  22.9551  22.9225  0 23.586  23.1097  23.0909  23.0113  22.8612  22.9155  0.0638732  0.0168736  0.0129386  0.0209983  0.0361948  0.107436  
17  23.4138  23.1138  23.0742  23  22.9551  22.9225  23.5461  23.1138  23.0742  23  22.9551  22.9225  0 23.5162  23.136  23.0575  22.9702  22.9872  22.971  0.069533  0.0168735  0.0129386  0.0209983  0.0361951  0.107436  
18  23.4138  23.1138  23.0742  23  22.9551  22.9225  23.5935  23.1138  23.0742  23  22.9551  22.9225  0 23.6923  23.111  23.0541  23.0013  22.9244  22.9611  0.0723193  0.0168735  0.0129386  0.0209983  0.0361956  0.107435  
19  23.4138  23.1138  23.0742  23  22.9551  22.9225  23.5556  23.1138  23.0742  23  22.9551  22.9225  0 23.6839  23.1122  23.0885  23.0111  22.9417  22.8402  0.0700806  0.0168735  0.0129386  0.0209983  0.0361956  0.107436  
20  23.4138  23.1138  23.0742  23  22.9551  22.9225  23.5355  23.1138  23.0742  23  22.9551  22.9225  0 23.5653  23.1204  23.0641  22.9971  22.8553  22.7734  0.0689213  0.0168735  0.0129387  0.0209983  0.0361955  0.107436  
21  23.4138  23.1138  23.0742  23  22.9551  22.9225  23.4941  23.1138  23.0742  23  22.9551  22.9225  0 23.4562  23.132  23.0943  23.0133  22.9509  23.0692  0.066608  0.0168735  0.0129386  0.0209983  0.0361948  0.107436  
22  23.4138  23.1138  23.0742  23  22.9551  22.9225  23.5421  23.1138  23.0742  23  22.9551  22.9225  0 23.5528  23.1222  23.0813  23.009  23.0108  22.8618  0.0693004  0.0168735  0.0129387  0.0209983  0.0361951  0.107436  
23  23.4138  23.1138  23.0742  23  22.9551  22.9225  23.5779  23.1138  23.0742  23  22.9551  22.9225  0 23.542  23.1068  23.0845  22.9838  22.9494  23.1389  0.0713864  0.0168735  0.0129387  0.0209983  0.0361948  0.107436  
24  23.4138  23.1138  23.0742  23  22.9551  22.9225  23.5718  23.1138  23.0742  23  22.9551  22.9225  0 23.5673  23.1018  23.0711  22.9812  22.9707  22.8518  0.0710287  0.0168735  0.0129386  0.0209983  0.0361951  0.107436  
25  23.4138  23.1138  23.0742  23  22.9551  22.9225  23.5576  23.1138  23.0742  23  22.9551  22.9225  0 23.5723  23.1018  23.1038  22.9948  22.891  22.8909  0.0701975  0.0168735  0.0129386  0.0209983  0.0361952  0.107436  
26  23.4138  23.1138  23.0742  23  22.9551  22.9225  23.4894  23.1138  23.0742  23  22.9551  22.9225  0 23.4761  23.1113  23.0749  23.0302  22.9387  22.9102  0.0663504  0.0168735  0.0129386  0.0209983  0.0361951  0.107436  
27  23.4138  23.1138  23.0742  23  22.9551  22.9225  23.5219  23.1138  23.0742  23  22.9551  22.9225  0 23.5477  23.1514  23.074  23.0267  22.9717  22.7461  0.0681536  0.0168735  0.0129386  0.0209983  0.0361956  0.107436  
28  23.4138  23.1138  23.0742  23  22.9551  22.9225  23.4727  23.1138  23.0742  23  22.9551  22.9225  0 23.4597  23.1241  23.0739  22.9583  22.936  22.8712  0.0654432  0.0168735  0.0129386  0.0209983  0.0361948  0.107436  
29  23.4138  23.1138  23.0742  23  22.9551  22.9225  23.5016  23.1138  23.0742  23  22.9551  22.9225  0 23.4925  23.1161  23.0752  23.0108  22.8817  22.98  0.0670203  0.0168735  0.0129386  0.0209983  0.0361951  0.107436  
30  23.4138  23.1138  23.0742  23  22.9551  22.9225  23.4737  23.1138  23.0742  23  22.9551  22.9225  0 23.5341  23.1105  23.069  22.9738  22.9533  23.0273  0.0655008  0.0168735  0.0129386  0.0209983  0.0361948  0.107436  
31  23.4138  23.1138  23.0742  23  22.9551  22.9225  23.4878  23.1138  23.0742  23  22.9551  22.9225  0 23.4356  23.1053  23.0931  22.9874  23.0294  22.6887  0.0662623  0.0168735  0.0129386  0.0209983  0.036195  0.107436  
32  23.4138  23.1138  23.0742  23  22.9551  22.9225  23.5618  23.1138  23.0742  23  22.9551  22.9225  0 23.5734  23.0845  23.0829  22.9826  22.9037  22.9113  0.0704378  0.0168735  0.0129386  0.0209983  0.0361949  0.107435  
33  23.4138  23.1138  23.0742  23  22.9551  22.9225  23.4984  23.1138  23.0742  23  22.9551  22.9225  0 23.4934  23.1292  23.0743  23.0667  23.0142  23.0613  0.0668436  0.0168735  0.0129386  0.0209983  0.0361952  0.107436  
34  23.4138  23.1138  23.0742  23  22.9551  22.9225  23.4814  23.1138  23.0742  23  22.9551  22.9225  0 23.4006  23.1092  23.0634  22.9884  22.9629  23.0963  0.0659171  0.0168735  0.0129386  0.0209983  0.0361949  0.107436  
35  23.4138  23.1138  23.0742  23  22.9551  22.9225  23.5651  23.1138  23.0742  23  22.9551  22.9225  0 23.6242  23.103  23.0624  22.9848  22.9367  22.7224  0.0706348  0.0168735  0.0129386  0.0209983  0.0361953  0.107436  
36  23.4138  23.1138  23.0742  23  22.9551  22.9225  23.5148  23.1138  23.0742  23  22.9551  22.9225  0 23.5422  23.0961  23.0571  22.9771  22.9953  23.0981  0.0677535  0.0168735  0.0129386  0.0209983  0.0361953  0.107436  
37  23.4138  23.1138  23.0742  23  22.9551  22.9225  23.5707  23.1138  23.0742  23  22.9551  22.9225  0 23.6502  23.1154  23.0782  22.9651  22.953  22.8387  0.0709636  0.0168735  0.0129387  0.0209983  0.036195  0.107436  
38  23.4138  23.1138  23.0742  23  22.9551  22.9225  23.493  23.1138  23.0742  23  22.9551  22.9225  0 23.5677  23.1165  23.0789  23.0127  22.9704  22.8351  0.0665494  0.0168735  0.0129386  0.0209983  0.0361952  0.107436  
39  23.4138  23.1138  23.0742  23  22.9551  22.9225  23.5518  23.1138  23.0742  23  22.9551  22.9225  0 23.4495  23.1164  23.0664  23.0527  22.8799  23.0955  0.0698566  0.0168735  0.0129386  0.0209983  0.036195  0.107436  
40  23.4138  23.1138  23.0742  23  22.9551  22.9225  23.4844  23.1138  23.0742  23  22.9551  22.9225  0 23.5751  23.1204  23.0652  23.0141  22.9945  22.9309  0.0660797  0.0168735  0.0129387  0.0209983  0.0361952  0.107436  
41  23.4138  23.1138  23.0742  23  22.9551  22.9225  23.5529  23.1138  23.0742  23  22.9551  22.9225  0 23.4776  23.1094  23.0495  23.0304  22.8734  22.996  0.0699212  0.0168735  0.0129387  0.0209983  0.0361952  0.107436  
42  23.4138  23.1138  23.0742  23  22.9551  22.9225  23.5301  23.1138  23.0742  23  22.9551  22.9225  0 23.5499  23.1063  23.0715  22.989  22.9999  22.9128  0.0686192  0.0168735  0.0129386  0.0209983  0.0361949  0.107436  
43  23.4138  23.1138  23.0742  23  22.9551  22.9225  23.5183  23.1138  23.0742  23  22.9551  22.9225  0 23.3989  23.0961  23.0963  23.0171  22.9791  22.8454  0.067953  0.0168735  0.0129386  0.0209983  0.036195  0.107436  
44  23.4138  23.1138  23.0742  23  22.9551  22.9225  23.478  23.1138  23.0742  23  22.9551  22.9225  0 23.5059  23.118  23.0674  23.022  22.9729  22.8488  0.0657319  0.0168735  0.0129386  0.0209983  0.0361955  0.107436  
45  23.4138  23.1138  23.0742  23  22.9551  22.9225  23.4851  23.1138  23.0742  23  22.9551  22.9225  0 23.6076  23.1136  23.081  23.0248  22.9517  22.8579  0.0661162  0.0168736  0.0129387  0.0209983  0.0361948  0.107436  
46  23.4138  23.1138  23.0742  23  22.9551  22.9225  23.5382  23.1138  23.0742  23  22.9551  22.9225  0 23.5008  23.09  23.051  22.9592  22.9219  22.8026  0.0690784  0.0168735  0.0129386  0.0209983  0.036195  0.107436  
47  23.4138  23.1138  23.0742  23  22.9551  22.9225  23.4825  23.1138  23.0742  23  22.9551  22.9225  0 23.6438  23.1215  23.0669  23.0065  22.8947  22.9106  0.0659747  0.0168735  0.0129386  0.0209983  0.036195  0.107436  
48  23.4138  23.1138  23.0742  23  22.9551  22.9225  23.4876  23.1138  23.0742  23  22.9551  22.9225  0 23.4981  23.1101  23.0867  22.9974  22.9294  23.15  0.0662528  0.0168735  0.0129386  0.0209983  0.0361953  0.107436  
49  23.4138  23.1138  23.0742  23  22.9551  22.9225  23.4904  23.1138  23.0742  23  22.9551  22.9225  0 23.4999  23.1005  23.0891  22.9938  22.9878  22.8675  0.0664061  0.0168735  0.0129387  0.0209983  0.0361949  0.107436  
50  23.4138  23.1138  23.0742  23  22.9551  22.9225  23.4838  23.1138  23.0742  23  22.9551  22.9225  0 23.4649  23.1031  23.0489  22.9519  22.9515  22.9274  0.0660454  0.0168735  0.0129387  0.0209983  0.0361948  0.107436  
51  23.4138  23.1138  23.0742  23  22.9551  22.9225  23.5028  23.1138  23.0742  23  22.9551  22.9225  0 23.491  23.1172  23.064  22.986  22.9685  22.99  0.067087  0.0168735  0.0129387  0.0209983  0.0361949  0.107436  
52  23.4138  23.1138  23.0742  23  22.9551  22.9225  23.5453  23.1138  23.0742  23  22.9551  22.9225  0 23.5612  23.1048  23.0774  22.9919  22.9012  22.8491  0.0694831  0.0168735  0.0129386  0.0209983  0.0361949  0.107436  
53  23.4138  23.1138  23.0742  23  22.9551  22.9225  23.4712  23.1138  23.0742  23  22.9551  22.9225  0 23.3511  23.1167  23.0953  22.9849  22.9808  22.8247  0.0653638  0.0168736  0.0129386  0.0209983  0.0361949  0.107436  
54  23.4138  23.1138  23.0742  23  22.9551  22.9225  23.5198  23.1138  23.0742  23  22.9551  22.9225  0 23.411  23.0866  23.0753  23.017  23.0508  23.0007  0.0680331  0.0168735  0.0129387  0.0209983  0.036195  0.107436  
55  23.4138  23.1138  23.0742  23  22.9551  22.9225  23.611  23.1138  23.0742  23  22.9551  22.9225  0 23.6622  23.0973  23.0758  22.9874  22.9474  22.8479  0.0733786  0.0168735  0.0129387  0.0209983  0.0361957  0.107435  
56  23.4138  23.1138  23.0742  23  22.9551  22.9225  23.4737  23.1138  23.0742  23  22.9551  22.9225  0 23.4521  23.1399  23.0736  22.9953  22.9761  22.7767  0.0654975  0.0168735  0.0129386  0.0209983  0.0361948  0.107436  
57  23.4138  23.1138  23.0742  23  22.9551  22.9225  23.4632  23.1138  23.0742  23  22.9551  22.9225  0 23.4482  23.1175  23.0935  23.0119  22.9652  22.864  0.0649337  0.0168735  0.0129387  0.0209983  0.0361948  0.107436  
58  23.4138  23.1138  23.0742  23  22.9551  22.9225  23.5061  23.1138  23.0742  23  22.9551  22.9225  0 23.4174  23.1555  23.0761  23.0014  22.9428  22.9259  0.0672718  0.0168735  0.0129386  0.0209983  0.0361957  0.107436  
59  23.4138  23.1138  23.0742  23  22.9551  22.9225  23.6039  23.1138  23.0742  23  22.9551  22.9225  0 23.4901  23.0987  23.0897  22.9756  22.9777  22.948  0.0729487  0.0168735  0.0129387  0.0209983  0.0361952  0.107435  
60  23.4138  23.1138  23.0742  23  22.9551  22.9225  23.5128  23.1138  23.0742  23  22.9551  22.9225  0 23.3269  23.133  23.0796  23.0115  22.929  22.9397  0.0676431  0.0168735  0.0129387  0.0209983  0.0361949  0.107436  
61  23.4138  23.1138  23.0742  23  22.9551  22.9225  23.5579  23.1138  23.0742  23  22.9551  22.9225  0 23.5338  23.0887  23.0661  23.0319  22.9239  22.87  0.0702148  0.0168735  0.0129386  0.0209983  0.0361954  0.107436  
62  23.4138  23.1138  23.0742  23  22.9551  22.9225  23.5024  23.1138  23.0742  23  22.9551  22.9225  0 23.5117  23.1118  23.0903  22.9921  22.8855  23.0702  0.0670639  0.0168735  0.0129386  0.0209983  0.0361955  0.107436  
63  23.4138  23.1138  23.0742  23  22.9551  22.9225  23.5138  23.1138  23.0742  23  22.9551  22.9225  0 23.4358  23.0835  23.0665  22.985  22.9177  22.8207  0.0676979  0.0168735  0.0129386  0.0209983  0.0361949  0.107436  
64  23.4138  23.1138  23.0742  23  22.9551  22.9225  23.5011  23.1138  23.0742  23  22.9551  22.9225  0 23.5616  23.1095  23.0932  23.0155  23.0543  22.9002  0.0669928  0.0168735  0.0129387  0.0209983  0.0361948  0.107436  
65  23.4138  23.1138  23.0742  23  22.9551  22.9225  23.5973  23.1138  23.0742  23  22.9551  22.9225  0 23.6389  23.1259  23.0768  22.9878  22.9304  22.9058  0.0725452  0.0168735  0.0129387  0.0209983  0.0361952  0.107435  
66  23.4138  23.1138  23.0742  23  22.9551  22.9225  23.4826  23.1138  23.0742  23  22.9551  22.9225  0 23.4812  23.1444  23.0862  23.0354  22.951  22.8225  0.0659823  0.0168736  0.0129386  0.0209983  0.036195  0.107436  
67  23.4138  23.1138  23.0742  23  22.9551  22.9225  23.469  23.1138  23.0742  23  22.9551  22.9225  0 23.4612  23.1035  23.0624  23.0401  22.9735  22.9831  0.0652447  0.0168735  0.0129387  0.0209983  0.0361948  0.107436  
68  23.4138  23.1138  23.0742  23  22.9551  22.9225  23.6648  23.1138  23.0742  23  22.9551  22.9225  0 23.7291  23.0989  23.0757  23.0029  22.9805  22.945  0.0767461  0.0168735  0.0129387  0.0209983  0.0361958  0.107435  
69  23.4138  23.1138  23.0742  23  22.9551  22.9225  23.5345  23.1138  23.0742  23  22.9551  22.9225  0 23.6704  23.1143  23.0764  23.0185  22.9772  22.888  0.0688683  0.0168735  0.0129387  0.0209983  0.0361952  0.107436  
70  23.4138  23.1138  23.0742  23  22.9551  22.9225  23.5855  23.1138  23.0742  23  22.9551  22.9225  0 23.5503  23.1478  23.0491  23.0114  22.9084  23.0999  0.0718375  0.0168735  0.0129386  0.0209983  0.0361958  0.107435  
71  23.4138  23.1138  23.0742  23  22.9551  22.9225  23.4502  23.1138  23.0742  23  22.9551  22.9225  0 23.3959  23.1041  23.0615  23.0206  22.9082  22.959  0.0642456  0.0168736  0.0129386  0.0209983  0.0361948  0.107436  
72  23.4138  23.1138  23.0742  23  22.9551  22.9225  23.5151  23.1138  23.0742  23  22.9551  22.9225  0 23.5844  23.116  23.0729  22.9797  22.9951  23.1025  0.0677737  0.0168735  0.0129387  0.0209983  0.0361952  0.107436  
73  23.4138  23.1138  23.0742  23  22.9551  22.9225  23.5181  23.1138  23.0742  23  22.9551  22.9225  0 23.5033  23.1073  23.055  23.0085  22.9456  22.9953  0.0679375  0.0168735  0.0129387  0.0209983  0.0361958  0.107436  
74  23.4138  23.1138  23.0742  23  22.9551  22.9225  23.5181  23.1138  23.0742  23  22.9551  22.9225  0 23.4725  23.0706  23.0691  23.0229  22.9232  22.9017  0.0679385  0.0168735  0.0129387  0.0209983  0.036195  0.107436  
75  23.4138  23.1138  23.0742  23  22.9551  22.9225  23.4696  23.1138  23.0742  23  22.9551  22.9225  0 23.425  23.0945  23.0961  22.9977  22.9706  23.0086  0.0652792  0.0168736  0.0129386  0.0209983  0.0361949  0.107436  
76  23.4138  23.1138  23.0742  23  22.9551  22.9225  23.4595  23.1138  23.0742  23  22.9551  22.9225  0 23.4708  23.0798  23.0885  23.0016  22.9967  22.8147  0.0647391  0.0168736  0.0129386  0.0209983  0.0361955  0.107436  
77  23.4138  23.1138  23.0742  23  22.9551  22.9225  23.5083  23.1138  23.0742  23  22.9551  22.9225  0 23.5432  23.123  23.0762  22.9899  22.9467  22.8188  0.067392  0.0168735  0.0129387  0.0209983  0.0361951  0.107436  
78  23.4138  23.1138  23.0742  23  22.9551  22.9225  23.4913  23.1138  23.0742  23  22.9551  22.9225  0 23.5088  23.1036  23.0559  23.0017  22.9613  22.7794  0.0664553  0.0168735  0.0129386  0.0209983  0.0361952  0.107436  
79  23.4138  23.1138  23.0742  23  22.9551  22.9225  23.5279  23.1138  23.0742  23  22.9551  22.9225  0 23.5106  23.0924  23.0655  22.9688  23.001  22.7717  0.0684918  0.0168735  0.0129386  0.0209983  0.0361949  0.107436  
80  23.4138  23.1138  23.0742  23  22.9551  22.9225  23.508  23.1138  23.0742  23  22.9551  22.9225  0 23.5207  23.1041  23.0539  23.0022  22.9265  22.8549  0.0673752  0.0168735  0.0129386  0.0209983  0.0361953  0.107436  
81  23.4138  23.1138  23.0742  23  22.9551  22.9225  23.5109  23.1138  23.0742  23  22.9551  22.9225  0 23.5901  23.1151  23.0688  22.9788  22.964  22.9248  0.0675366  0.0168735  0.0129387  0.0209983  0.0361955  0.107436  
82  23.4138  23.1138  23.0742  23  22.9551  22.9225  23.5373  23.1138  23.0742  23  22.9551  22.9225  0 23.4831  23.106  23.0618  22.9574  22.9546  23.0694  0.0690259  0.0168735  0.0129387  0.0209983  0.0361948  0.107436  
83  23.4138  23.1138  23.0742  23  22.9551  22.9225  23.5038  23.1138  23.0742  23  22.9551  22.9225  0 23.5843  23.1222  23.0648  22.9962  22.9979  22.84  0.0671413  0.0168735  0.0129386  0.0209983  0.0361951  0.107436  
84  23.4138  23.1138  23.0742  23  22.9551  22.9225  23.4801  23.1138  23.0742  23  22.9551  22.9225  0 23.478  23.1414  23.0809  22.9716  22.9269  22.9341  0.0658457  0.0168735  0.0129386  0.0209983  0.0361948  0.107436  
85  23.4138  23.1138  23.0742  23  22.9551  22.9225  23.5075  23.1138  23.0742  23  22.9551  22.9225  0 23.4031  23.1264  23.0665  22.9921  22.9262  22.9749  0.0673496  0.0168735  0.0129386  0.0209983  0.0361949  0.107436  
86  23.4138  23.1138  23.0742  23  22.9551  22.9225  23.5178  23.1138  23.0742  23  22.9551  22.9225  0 23.5031  23.1209  23.0801  23.0092  23.0067  22.9686  0.0679258  0.0168735  0.0129386  0.0209983  0.0361956  0.107436  
87  23.4138  23.1138  23.0742  23  22.9551  22.9225  23.4839  23.1138  23.0742  23  22.9551  22.9225  0 23.4277  23.13  23.0808  22.9793  22.898  23.053  0.0660501  0.0168735  0.0129387  0.0209983  0.0361949  0.107436  
88  23.4138  23.1138  23.0742  23  22.9551  22.9225  23.4996  23.1138  23.0742  23  22.9551  22.9225  0 23.5653  23.0921  23.0563  23.0247  23.0045  23.0165  0.0669137  0.0168735  0.0129386  0.0209983  0.0361955  0.107436  
89  23.4138  23.1138  23.0742  23  22.9551  22.9225  23.495  23.1138  23.0742  23  22.9551  22.9225  0 23.5622  23.1244  23.0522  23.0449  22.9696  22.8281  0.0666555  0.0168735  0.0129386  0.0209983  0.0361952  0.107436  
90  23.4138  23.1138  23.0742  23  22.9551  22.9225  23.5627  23.1138  23.0742  23  22.9551  22.9225  0 23.5362  23.1371  23.0961  23.0243  22.9421  22.8735  0.0704926  0.0168735  0.0129386  0.0209983  0.0361956  0.107436  
91  23.4138  23.1138  23.0742  23  22.9551  22.9225  23.5127  23.1138  23.0742  23  22.9551  22.9225  0 23.5467  23.1363  23.0877  23.0048  22.9794  22.8928  0.067637  0.0168735  0.0129386  0.0209983  0.0361948  0.107436  
92  23.4138  23.1138  23.0742  23  22.9551  22.9225  23.4589  23.1138  23.0742  23  22.9551  22.9225  0 23.3615  23.0861  23.0803  23.0305  22.9548  22.9188  0.0647093  0.0168735  0.0129386  0.0209983  0.0361948  0.107436  
93  23.4138  23.1138  23.0742  23  22.9551  22.9225  23.4448  23.1138  23.0742  23  22.9551  22.9225  0 23.4922  23.0983  23.082  22.9616  22.9439  22.8292  0.0639629  0.0168736  0.0129386  0.0209983  0.0361948  0.107436  
94  23.4138  23.1138  23.0742  23  22.9551  22.9225  23.5223  23.1138  23.0742  23  22.9551  22.9225  0 23.4655  23.1396  23.0708  22.943  22.9543  22.7881  0.0681735  0.0168735  0.0129386  0.0209983  0.0361953  0.107436  
95  23.4138  23.1138  23.0742  23  22.9551  22.9225  23.5509  23.1138  23.0742  23  22.9551  22.9225  0 23.5811  23.1122  23.0945  22.9988  23.0349  22.7607  0.0698068  0.0168735  0.0129386  0.0209983  0.0361953  0.107436  
96  23.4138  23.1138  23.0742  23  22.9551  22.9225  23.5278  23.1138  23.0742  23  22.9551  22.9225  0 23.4722  23.1416  23.0555  23.0296  22.9471  22.8617  0.0684865  0.0168735  0.0129386  0.0209983  0.0361948  0.107436  
97  23.4138  23.1138  23.0742  23  22.9551  22.9225  23.4826  23.1138  23.0742  23  22.9551  22.9225  0 23.4003  23.0871  23.0762  22.9773  22.9946  22.9747  0.0659789  0.0168735  0.0129387  0.0209983  0.0361948  0.107436  
98  23.4138  23.1138  23.0742  23  22.9551  22.9225  23.5466  23.1138  23.0742  23  22.9551  22.9225  0 23.5447  23.1031  23.0537  22.9791  22.9596  22.855  0.0695593  0.0168735  0.0129386  0.0209983  0.0361955  0.107436  
99  23.4138  23.1138  23.0742  23  22.9551  22.9225  23.6161  23.1138  23.0742  23  22.9551  22.9225  0 23.6508  23.1188  23.0594  22.9924  22.9324  23.0137  0.0736896  0.0168735  0.0129387  0.0209983  0.0361948  0.107435  
100  23.4138  23.1138  23.0742  23  22.9551  22.9225  23.4877  23.1138  23.0742  23  22.9551  22.9225  0 23.4097  23.1218  23.0723  22.9799  22.936  23.0898  0.0662567  0.0168735  0.0129386  0.0209983  0.0361952  0.107436  
