1  23.3519  23.1101  23.1211  23  23.0026  22.7911  23.3894  23.1101  23.1211  23  23.0026  22.7911  0 23.3256  23.0955  23.1183  22.9817  23.0254  22.8149  0.0611306  0.0168299  0.0133987  0.0209983  0.0378061  0.0951948  
2  23.3519  23.1101  23.1211  23  23.0026  22.7911  23.3788  23.1101  23.1211  23  23.0026  22.7911  0 23.394  23.1072  23.1109  22.9992  22.9902  22.7474  0.0606035  0.0168299  0.0133987  0.0209983  0.0378061  0.0951949  
3  23.3519  23.1101  23.1211  23  23.0026  22.7911  23.3729  23.1101  23.1211  23  23.0026  22.7911  0 23.331  23.0865  23.1284  23.0205  22.9976  22.7012  0.0603093  0.0168299  0.0133987  0.0209983  0.0378061  0.0951949  
4  23.3519  23.1101  23.1211  23  23.0026  22.7911  23.3611  23.1101  23.1211  23  23.0026  22.7911  0 23.3641  23.0999  23.1225  23.0015  23.021  22.7592  0.0597348  0.0168299  0.0133987  0.0209983  0.0378061  0.0951949  
5  23.3519  23.1101  23.1211  23  23.0026  22.7911  23.3618  23.1101  23.1211  23  23.0026  22.7911  0 23.3707  23.1032  23.1297  23.0027  23.0307  22.8709  0.0597704  0.0168299  0.0133987  0.0209983  0.0378061  0.0951949  
6  23.3519  23.1101  23.1211  23  23.0026  22.7911  23.4579  23.1101  23.1211  23  23.0026  22.7911  0 23.4677  23.1083  23.1177  23.0223  22.9697  22.9478  0.0646566  0.0168299  0.0133987  0.0209983  0.0378061  0.0951946  
7  23.3519  23.1101  23.1211  23  23.0026  22.7911  23.3952  23.1101  23.1211  23  23.0026  22.7911  0 23.2687  23.1346  23.1162  23.0105  23.0259  22.7908  0.0614199  0.0168299  0.0133987  0.0209983  0.0378061  0.0951948  
8  23.3519  23.1101  23.1211  23  23.0026  22.7911  23.3901  23.1101  23.1211  23  23.0026  22.7911  0 23.498  23.1112  23.1141  22.9938  23.0493  22.8491  0.0611636  0.0168299  0.0133987  0.0209983  0.0378061  0.0951948  
9  23.3519  23.1101  23.1211  23  23.0026  22.7911  23.3751  23.1101  23.1211  23  23.0026  22.7911  0 23.307  23.123  23.1277  23.0203  22.9752  22.8881  0.0604202  0.0168299  0.0133987  0.0209983  0.0378061  0.0951948  
10  23.3519  23.1101  23.1211  23  23.0026  22.7911  23.3677  23.1101  23.1211  23  23.0026  22.7911  0 23.3182  23.1158  23.1097  22.9843  23.0118  22.8171  0.0600585  0.0168299  0.0133987  0.0209983  0.0378061  0.0951949  
11  23.3519  23.1101  23.1211  23  23.0026  22.7911  23.376  23.1101  23.1211  23  23.0026  22.7911  0 23.4583  23.1177  23.1304  22.9729  23.0341  22.951  0.0604628  0.0168299  0.0133987  0.0209983  0.0378061  0.0951948  
12  23.3519  23.1101  23.1211  23  23.0026  22.7911  23.4115  23.1101  23.1211  23  23.0026  22.7911  0 23.5453  23.1158  23.1176  23.0032  23.0307  22.6805  0.0622404  0.0168299  0.0133987  0.0209983  0.0378061  0.0951948  
13  23.3519  23.1101  23.1211  23  23.0026  22.7911  23.4201  23.1101  23.1211  23  23.0026  22.7911  0 23.4403  23.0742  23.1338  22.9928  23.0378  22.8946  0.0626819  0.0168299  0.0133987  0.0209983  0.0378061  0.0951947  
14  23.3519  23.1101  23.1211  23  23.0026  22.7911  23.3816  23.1101  23.1211  23  23.0026  22.7911  0 23.456  23.0948  23.1194  22.9896  22.9875  22.8412  0.060742  0.0168299  0.0133987  0.0209983  0.0378061  0.0951948  
15  23.3519  23.1101  23.1211  23  23.0026  22.7911  23.3856  23.1101  23.1211  23  23.0026  22.7911  0 23.4932  23.0885  23.1326  23.0255  23.0055  22.9457  0.0609397  0.0168299  0.0133987  0.0209983  0.0378061  0.0951948  
16  23.3519  23.1101  23.1211  23  23.0026  22.7911  23.3687  23.1101  23.1211  23  23.0026  22.7911  0 23.5027  23.106  23.1384  23.0113  22.9048  22.7848  0.0601065  0.0168299  0.0133987  0.0209983  0.0378061  0.0951949  
17  23.3519  23.1101  23.1211  23  23.0026  22.7911  23.4786  23.1101  23.1211  23  23.0026  22.7911  0 23.4503  23.1322  23.1038  22.9702  23.0361  22.8339  0.0657662  0.0168299  0.0133987  0.0209983  0.0378061  0.0951946  
18  23.3519  23.1101  23.1211  23  23.0026  22.7911  23.3673  23.1101  23.1211  23  23.0026  22.7911  0 23.4486  23.1073  23.1003  23.0013  22.9705  22.8252  0.0600358  0.0168299  0.0133987  0.0209983  0.0378061  0.0951949  
19  23.3519  23.1101  23.1211  23  23.0026  22.7911  23.4084  23.1101  23.1211  23  23.0026  22.7911  0 23.5213  23.1085  23.136  23.0111  22.9886  22.7179  0.0620837  0.0168299  0.0133987  0.0209983  0.0378061  0.0951948  
20  23.3519  23.1101  23.1211  23  23.0026  22.7911  23.371  23.1101  23.1211  23  23.0026  22.7911  0 23.397  23.1167  23.1107  22.9971  22.8986  22.658  0.0602172  0.0168299  0.0133987  0.0209983  0.0378061  0.0951949  
21  23.3519  23.1101  23.1211  23  23.0026  22.7911  23.3808  23.1101  23.1211  23  23.0026  22.7911  0 23.3462  23.1283  23.1419  23.0133  22.9982  22.9201  0.0606984  0.0168299  0.0133987  0.0209983  0.0378061  0.0951948  
22  23.3519  23.1101  23.1211  23  23.0026  22.7911  23.4262  23.1101  23.1211  23  23.0026  22.7911  0 23.4359  23.1185  23.1284  23.009  23.0608  22.7371  0.0629939  0.0168299  0.0133987  0.0209983  0.0378061  0.0951947  
23  23.3519  23.1101  23.1211  23  23.0026  22.7911  23.3683  23.1101  23.1211  23  23.0026  22.7911  0 23.338  23.1031  23.1317  22.9838  22.9967  22.9805  0.0600837  0.0168299  0.0133987  0.0209983  0.0378061  0.0951948  
24  23.3519  23.1101  23.1211  23  23.0026  22.7911  23.4364  23.1101  23.1211  23  23.0026  22.7911  0 23.4324  23.0981  23.1179  22.9812  23.0189  22.7282  0.0635253  0.0168299  0.0133987  0.0209983  0.0378061  0.0951947  
25  23.3519  23.1101  23.1211  23  23.0026  22.7911  23.432  23.1101  23.1211  23  23.0026  22.7911  0 23.4452  23.0981  23.1518  22.9948  22.9358  22.7631  0.0632929  0.0168299  0.0133987  0.0209983  0.0378061  0.0951947  
26  23.3519  23.1101  23.1211  23  23.0026  22.7911  23.403  23.1101  23.1211  23  23.0026  22.7911  0 23.3906  23.1076  23.1218  23.0302  22.9854  22.7802  0.0618114  0.0168299  0.0133987  0.0209983  0.0378061  0.0951947  
27  23.3519  23.1101  23.1211  23  23.0026  22.7911  23.3738  23.1101  23.1211  23  23.0026  22.7911  0 23.3966  23.1476  23.1209  23.0267  23.02  22.6334  0.0603533  0.0168299  0.0133987  0.0209983  0.0378061  0.0951949  
28  23.3519  23.1101  23.1211  23  23.0026  22.7911  23.4045  23.1101  23.1211  23  23.0026  22.7911  0 23.3922  23.1203  23.1208  22.9583  22.9826  22.7455  0.0618877  0.0168299  0.0133987  0.0209983  0.0378061  0.0951947  
29  23.3519  23.1101  23.1211  23  23.0026  22.7911  23.3744  23.1101  23.1211  23  23.0026  22.7911  0 23.3662  23.1124  23.1222  23.0108  22.9261  22.8419  0.0603832  0.0168299  0.0133987  0.0209983  0.0378061  0.0951948  
30  23.3519  23.1101  23.1211  23  23.0026  22.7911  23.3891  23.1101  23.1211  23  23.0026  22.7911  0 23.4453  23.1068  23.1157  22.9738  23.0007  22.8834  0.0611113  0.0168299  0.0133987  0.0209983  0.0378061  0.0951948  
31  23.3519  23.1101  23.1211  23  23.0026  22.7911  23.401  23.1101  23.1211  23  23.0026  22.7911  0 23.3524  23.1016  23.1407  22.9874  23.0803  22.5815  0.0617087  0.0168299  0.0133987  0.0209983  0.0378061  0.0951948  
32  23.3519  23.1101  23.1211  23  23.0026  22.7911  23.3903  23.1101  23.1211  23  23.0026  22.7911  0 23.4004  23.0809  23.1301  22.9826  22.9489  22.7811  0.0611724  0.0168299  0.0133987  0.0209983  0.0378061  0.0951948  
33  23.3519  23.1101  23.1211  23  23.0026  22.7911  23.3859  23.1101  23.1211  23  23.0026  22.7911  0 23.3813  23.1254  23.1212  23.0667  23.0644  22.9132  0.0609537  0.0168299  0.0133987  0.0209983  0.0378061  0.0951948  
34  23.3519  23.1101  23.1211  23  23.0026  22.7911  23.3908  23.1101  23.1211  23  23.0026  22.7911  0 23.3156  23.1055  23.1099  22.9884  23.0108  22.9437  0.0612002  0.0168299  0.0133987  0.0209983  0.0378061  0.0951948  
35  23.3519  23.1101  23.1211  23  23.0026  22.7911  23.3773  23.1101  23.1211  23  23.0026  22.7911  0 23.4277  23.0993  23.1089  22.9848  22.9833  22.612  0.0605276  0.0168299  0.0133987  0.0209983  0.0378061  0.0951949  
36  23.3519  23.1101  23.1211  23  23.0026  22.7911  23.3793  23.1101  23.1211  23  23.0026  22.7911  0 23.4038  23.0924  23.1034  22.9771  23.0446  22.9452  0.0606261  0.0168299  0.0133987  0.0209983  0.0378061  0.0951948  
37  23.3519  23.1101  23.1211  23  23.0026  22.7911  23.4394  23.1101  23.1211  23  23.0026  22.7911  0 23.5105  23.1117  23.1253  22.9651  23.0004  22.7165  0.0636816  0.0168299  0.0133987  0.0209983  0.0378061  0.0951947  
38  23.3519  23.1101  23.1211  23  23.0026  22.7911  23.4386  23.1101  23.1211  23  23.0026  22.7911  0 23.5099  23.1127  23.126  23.0127  23.0186  22.7133  0.0636406  0.0168299  0.0133987  0.0209983  0.0378061  0.0951946  
39  23.3519  23.1101  23.1211  23  23.0026  22.7911  23.4274  23.1101  23.1211  23  23.0026  22.7911  0 23.3347  23.1127  23.113  23.0527  22.9242  22.9429  0.0630564  0.0168299  0.0133987  0.0209983  0.0378061  0.0951947  
40  23.3519  23.1101  23.1211  23  23.0026  22.7911  23.4096  23.1101  23.1211  23  23.0026  22.7911  0 23.4947  23.1167  23.1118  23.0141  23.0438  22.7986  0.0621474  0.0168299  0.0133987  0.0209983  0.0378061  0.0951948  
41  23.3519  23.1101  23.1211  23  23.0026  22.7911  23.3928  23.1101  23.1211  23  23.0026  22.7911  0 23.3265  23.1057  23.0956  23.0304  22.9174  22.8559  0.0612956  0.0168299  0.0133987  0.0209983  0.0378061  0.0951949  
42  23.3519  23.1101  23.1211  23  23.0026  22.7911  23.4364  23.1101  23.1211  23  23.0026  22.7911  0 23.4547  23.1026  23.1183  22.989  23.0494  22.7825  0.0635234  0.0168299  0.0133987  0.0209983  0.0378061  0.0951948  
43  23.3519  23.1101  23.1211  23  23.0026  22.7911  23.3745  23.1101  23.1211  23  23.0026  22.7911  0 23.2677  23.0925  23.144  23.0171  23.0276  22.7225  0.0603888  0.0168299  0.0133987  0.0209983  0.0378061  0.0951948  
44  23.3519  23.1101  23.1211  23  23.0026  22.7911  23.3872  23.1101  23.1211  23  23.0026  22.7911  0 23.4131  23.1142  23.1141  23.022  23.0212  22.7256  0.0610205  0.0168299  0.0133987  0.0209983  0.0378061  0.0951948  
45  23.3519  23.1101  23.1211  23  23.0026  22.7911  23.3889  23.1101  23.1211  23  23.0026  22.7911  0 23.5016  23.1099  23.1282  23.0248  22.9991  22.7337  0.0611021  0.0168299  0.0133987  0.0209983  0.0378061  0.0951948  
46  23.3519  23.1101  23.1211  23  23.0026  22.7911  23.3755  23.1101  23.1211  23  23.0026  22.7911  0 23.3427  23.0864  23.0971  22.9592  22.968  22.6842  0.06044  0.0168299  0.0133987  0.0209983  0.0378061  0.0951948  
47  23.3519  23.1101  23.1211  23  23.0026  22.7911  23.375  23.1101  23.1211  23  23.0026  22.7911  0 23.5218  23.1178  23.1136  23.0065  22.9396  22.7806  0.060415  0.0168299  0.0133987  0.0209983  0.0378061  0.0951949  
48  23.3519  23.1101  23.1211  23  23.0026  22.7911  23.4003  23.1101  23.1211  23  23.0026  22.7911  0 23.4101  23.1064  23.1341  22.9974  22.9758  22.9902  0.061677  0.0168299  0.0133987  0.0209983  0.0378061  0.0951948  
49  23.3519  23.1101  23.1211  23  23.0026  22.7911  23.3613  23.1101  23.1211  23  23.0026  22.7911  0 23.3698  23.0968  23.1366  22.9938  23.0368  22.7422  0.059743  0.0168299  0.0133987  0.0209983  0.0378061  0.0951949  
50  23.3519  23.1101  23.1211  23  23.0026  22.7911  23.3699  23.1101  23.1211  23  23.0026  22.7911  0 23.3526  23.0994  23.0949  22.9519  22.9989  22.7954  0.060164  0.0168299  0.0133987  0.0209983  0.0378061  0.0951949  
51  23.3519  23.1101  23.1211  23  23.0026  22.7911  23.408  23.1101  23.1211  23  23.0026  22.7911  0 23.3971  23.1135  23.1106  22.986  23.0166  22.8507  0.062064  0.0168299  0.0133987  0.0209983  0.0378061  0.0951948  
52  23.3519  23.1101  23.1211  23  23.0026  22.7911  23.4212  23.1101  23.1211  23  23.0026  22.7911  0 23.4356  23.1011  23.1244  22.9919  22.9464  22.7258  0.0627382  0.0168299  0.0133987  0.0209983  0.0378061  0.0951948  
53  23.3519  23.1101  23.1211  23  23.0026  22.7911  23.3847  23.1101  23.1211  23  23.0026  22.7911  0 23.2724  23.113  23.143  22.9849  23.0295  22.704  0.0608951  0.0168299  0.0133987  0.0209983  0.0378061  0.0951948  
54  23.3519  23.1101  23.1211  23  23.0026  22.7911  23.4123  23.1101  23.1211  23  23.0026  22.7911  0 23.3123  23.083  23.1222  23.017  23.1028  22.8601  0.0622808  0.0168299  0.0133987  0.0209983  0.0378061  0.0951947  
55  23.3519  23.1101  23.1211  23  23.0026  22.7911  23.4067  23.1101  23.1211  23  23.0026  22.7911  0 23.4498  23.0936  23.1228  22.9874  22.9946  22.7247  0.0619985  0.0168299  0.0133987  0.0209983  0.0378061  0.0951948  
56  23.3519  23.1101  23.1211  23  23.0026  22.7911  23.3817  23.1101  23.1211  23  23.0026  22.7911  0 23.3617  23.1362  23.1205  22.9953  23.0245  22.6609  0.0607456  0.0168299  0.0133987  0.0209983  0.0378061  0.0951949  
57  23.3519  23.1101  23.1211  23  23.0026  22.7911  23.405  23.1101  23.1211  23  23.0026  22.7911  0 23.3907  23.1137  23.1411  23.0119  23.0131  22.7391  0.0619123  0.0168299  0.0133987  0.0209983  0.0378061  0.0951947  
58  23.3519  23.1101  23.1211  23  23.0026  22.7911  23.3833  23.1101  23.1211  23  23.0026  22.7911  0 23.3027  23.1517  23.1231  23.0014  22.9897  22.7941  0.0608243  0.0168299  0.0133987  0.0209983  0.0378061  0.0951948  
59  23.3519  23.1101  23.1211  23  23.0026  22.7911  23.4013  23.1101  23.1211  23  23.0026  22.7911  0 23.3042  23.095  23.1371  22.9756  23.0263  22.8137  0.0617258  0.0168299  0.0133987  0.0209983  0.0378061  0.0951948  
60  23.3519  23.1101  23.1211  23  23.0026  22.7911  23.4134  23.1101  23.1211  23  23.0026  22.7911  0 23.2409  23.1293  23.1267  23.0115  22.9754  22.8063  0.0623368  0.0168299  0.0133987  0.0209983  0.0378061  0.0951947  
61  23.3519  23.1101  23.1211  23  23.0026  22.7911  23.405  23.1101  23.1211  23  23.0026  22.7911  0 23.3837  23.085  23.1127  23.0319  22.97  22.7445  0.0619105  0.0168299  0.0133987  0.0209983  0.0378061  0.0951948  
62  23.3519  23.1101  23.1211  23  23.0026  22.7911  23.4123  23.1101  23.1211  23  23.0026  22.7911  0 23.421  23.1081  23.1378  22.9921  22.93  22.9209  0.0622816  0.0168299  0.0133987  0.0209983  0.0378061  0.0951948  
63  23.3519  23.1101  23.1211  23  23.0026  22.7911  23.3655  23.1101  23.1211  23  23.0026  22.7911  0 23.2962  23.0798  23.1131  22.985  22.9636  22.7004  0.05995  0.0168299  0.0133987  0.0209983  0.0378061  0.0951948  
64  23.3519  23.1101  23.1211  23  23.0026  22.7911  23.3687  23.1101  23.1211  23  23.0026  22.7911  0 23.4229  23.1057  23.1408  23.0155  23.1064  22.7713  0.0601066  0.0168299  0.0133987  0.0209983  0.0378061  0.0951949  
65  23.3519  23.1101  23.1211  23  23.0026  22.7911  23.3964  23.1101  23.1211  23  23.0026  22.7911  0 23.4316  23.1221  23.1238  22.9878  22.9769  22.7763  0.0614774  0.0168299  0.0133987  0.0209983  0.0378061  0.0951948  
66  23.3519  23.1101  23.1211  23  23.0026  22.7911  23.3934  23.1101  23.1211  23  23.0026  22.7911  0 23.3921  23.1406  23.1336  23.0354  22.9984  22.702  0.0613296  0.0168299  0.0133987  0.0209983  0.0378061  0.0951948  
67  23.3519  23.1101  23.1211  23  23.0026  22.7911  23.3752  23.1101  23.1211  23  23.0026  22.7911  0 23.368  23.0998  23.1089  23.0401  23.0218  22.8446  0.0604238  0.0168299  0.0133987  0.0209983  0.0378061  0.0951948  
68  23.3519  23.1101  23.1211  23  23.0026  22.7911  23.3639  23.1101  23.1211  23  23.0026  22.7911  0 23.4137  23.0952  23.1226  23.0029  23.0291  22.811  0.0598707  0.0168299  0.0133987  0.0209983  0.0378061  0.0951949  
69  23.3519  23.1101  23.1211  23  23.0026  22.7911  23.3904  23.1101  23.1211  23  23.0026  22.7911  0 23.5103  23.1106  23.1234  23.0185  23.0257  22.7605  0.0611804  0.0168299  0.0133987  0.0209983  0.0378061  0.0951948  
70  23.3519  23.1101  23.1211  23  23.0026  22.7911  23.3997  23.1101  23.1211  23  23.0026  22.7911  0 23.3694  23.144  23.0951  23.0114  22.9538  22.9468  0.0616434  0.0168299  0.0133987  0.0209983  0.0378061  0.0951948  
71  23.3519  23.1101  23.1211  23  23.0026  22.7911  23.3903  23.1101  23.1211  23  23.0026  22.7911  0 23.3385  23.1004  23.108  23.0206  22.9536  22.8234  0.0611722  0.0168299  0.0133987  0.0209983  0.0378061  0.0951949  
72  23.3519  23.1101  23.1211  23  23.0026  22.7911  23.3949  23.1101  23.1211  23  23.0026  22.7911  0 23.4574  23.1123  23.1198  22.9797  23.0444  22.949  0.061403  0.0168299  0.0133987  0.0209983  0.0378061  0.0951948  
73  23.3519  23.1101  23.1211  23  23.0026  22.7911  23.3781  23.1101  23.1211  23  23.0026  22.7911  0 23.3649  23.1036  23.1013  23.0085  22.9927  22.8553  0.060566  0.0168299  0.0133987  0.0209983  0.0378061  0.0951948  
74  23.3519  23.1101  23.1211  23  23.0026  22.7911  23.3732  23.1101  23.1211  23  23.0026  22.7911  0 23.3327  23.067  23.1158  23.0229  22.9693  22.7726  0.0603282  0.0168299  0.0133987  0.0209983  0.0378061  0.0951948  
75  23.3519  23.1101  23.1211  23  23.0026  22.7911  23.4141  23.1101  23.1211  23  23.0026  22.7911  0 23.3715  23.0908  23.1438  22.9977  23.0188  22.867  0.0623764  0.0168299  0.0133987  0.0209983  0.0378061  0.0951948  
76  23.3519  23.1101  23.1211  23  23.0026  22.7911  23.3858  23.1101  23.1211  23  23.0026  22.7911  0 23.3965  23.0761  23.1359  23.0016  23.0461  22.695  0.0609497  0.0168299  0.0133987  0.0209983  0.0378061  0.0951949  
77  23.3519  23.1101  23.1211  23  23.0026  22.7911  23.3993  23.1101  23.1211  23  23.0026  22.7911  0 23.4312  23.1192  23.1232  22.9899  22.9938  22.6987  0.0616252  0.0168299  0.0133987  0.0209983  0.0378061  0.0951948  
78  23.3519  23.1101  23.1211  23  23.0026  22.7911  23.3776  23.1101  23.1211  23  23.0026  22.7911  0 23.3936  23.0999  23.1022  23.0017  23.009  22.6634  0.0605435  0.0168299  0.0133987  0.0209983  0.0378061  0.0951948  
79  23.3519  23.1101  23.1211  23  23.0026  22.7911  23.3614  23.1101  23.1211  23  23.0026  22.7911  0 23.3463  23.0887  23.1121  22.9688  23.0506  22.6564  0.0597471  0.0168299  0.0133987  0.0209983  0.0378061  0.0951949  
80  23.3519  23.1101  23.1211  23  23.0026  22.7911  23.4007  23.1101  23.1211  23  23.0026  22.7911  0 23.4123  23.1004  23.1001  23.0022  22.9727  22.731  0.0616956  0.0168299  0.0133987  0.0209983  0.0378061  0.0951948  
81  23.3519  23.1101  23.1211  23  23.0026  22.7911  23.3932  23.1101  23.1211  23  23.0026  22.7911  0 23.4648  23.1113  23.1155  22.9788  23.0119  22.7931  0.0613156  0.0168299  0.0133987  0.0209983  0.0378061  0.0951948  
82  23.3519  23.1101  23.1211  23  23.0026  22.7911  23.3661  23.1101  23.1211  23  23.0026  22.7911  0 23.3189  23.1023  23.1082  22.9574  23.0021  22.9202  0.0599802  0.0168299  0.0133987  0.0209983  0.0378061  0.0951949  
83  23.3519  23.1101  23.1211  23  23.0026  22.7911  23.3875  23.1101  23.1211  23  23.0026  22.7911  0 23.4605  23.1185  23.1114  22.9962  23.0474  22.7177  0.0610336  0.0168299  0.0133987  0.0209983  0.0378061  0.0951948  
84  23.3519  23.1101  23.1211  23  23.0026  22.7911  23.3656  23.1101  23.1211  23  23.0026  22.7911  0 23.3637  23.1376  23.1281  22.9716  22.9732  22.8013  0.0599559  0.0168299  0.0133987  0.0209983  0.0378061  0.0951948  
85  23.3519  23.1101  23.1211  23  23.0026  22.7911  23.3871  23.1101  23.1211  23  23.0026  22.7911  0 23.292  23.1227  23.1131  22.9921  22.9725  22.8373  0.0610129  0.0168299  0.0133987  0.0209983  0.0378061  0.0951948  
86  23.3519  23.1101  23.1211  23  23.0026  22.7911  23.371  23.1101  23.1211  23  23.0026  22.7911  0 23.358  23.1172  23.1272  23.0092  23.0566  22.8318  0.0602193  0.0168299  0.0133987  0.0209983  0.0378061  0.0951949  
87  23.3519  23.1101  23.1211  23  23.0026  22.7911  23.3763  23.1101  23.1211  23  23.0026  22.7911  0 23.3247  23.1262  23.128  22.9793  22.943  22.9059  0.0604768  0.0168299  0.0133987  0.0209983  0.0378061  0.0951948  
88  23.3519  23.1101  23.1211  23  23.0026  22.7911  23.4487  23.1101  23.1211  23  23.0026  22.7911  0 23.5116  23.0885  23.1026  23.0247  23.0542  22.874  0.0641663  0.0168299  0.0133987  0.0209983  0.0378061  0.0951947  
89  23.3519  23.1101  23.1211  23  23.0026  22.7911  23.3662  23.1101  23.1211  23  23.0026  22.7911  0 23.4265  23.1206  23.0983  23.0449  23.0177  22.7071  0.0599815  0.0168299  0.0133987  0.0209983  0.0378061  0.0951949  
90  23.3519  23.1101  23.1211  23  23.0026  22.7911  23.3944  23.1101  23.1211  23  23.0026  22.7911  0 23.3713  23.1333  23.1438  23.0243  22.989  22.7475  0.0613781  0.0168299  0.0133987  0.0209983  0.0378061  0.0951948  
91  23.3519  23.1101  23.1211  23  23.0026  22.7911  23.3985  23.1101  23.1211  23  23.0026  22.7911  0 23.4294  23.1325  23.1351  23.0048  23.028  22.7647  0.0615848  0.0168299  0.0133987  0.0209983  0.0378061  0.0951948  
92  23.3519  23.1101  23.1211  23  23.0026  22.7911  23.4076  23.1101  23.1211  23  23.0026  22.7911  0 23.314  23.0824  23.1274  23.0305  23.0023  22.7878  0.0620445  0.0168299  0.0133988  0.0209983  0.0378061  0.0951948  
93  23.3519  23.1101  23.1211  23  23.0026  22.7911  23.3801  23.1101  23.1211  23  23.0026  22.7911  0 23.425  23.0946  23.1292  22.9616  22.9909  22.708  0.0606673  0.0168299  0.0133987  0.0209983  0.0378061  0.0951948  
94  23.3519  23.1101  23.1211  23  23.0026  22.7911  23.4024  23.1101  23.1211  23  23.0026  22.7911  0 23.3508  23.1359  23.1176  22.943  23.0017  22.6712  0.0617807  0.0168299  0.0133987  0.0209983  0.0378061  0.0951948  
95  23.3519  23.1101  23.1211  23  23.0026  22.7911  23.3875  23.1101  23.1211  23  23.0026  22.7911  0 23.4139  23.1084  23.1422  22.9988  23.0861  22.6466  0.0610344  0.0168299  0.0133987  0.0209983  0.0378061  0.0951948  
96  23.3519  23.1101  23.1211  23  23.0026  22.7911  23.4805  23.1101  23.1211  23  23.0026  22.7911  0 23.427  23.1378  23.1017  23.0296  22.9942  22.737  0.0658656  0.0168299  0.0133987  0.0209983  0.0378061  0.0951946  
97  23.3519  23.1101  23.1211  23  23.0026  22.7911  23.3767  23.1101  23.1211  23  23.0026  22.7911  0 23.301  23.0834  23.1232  22.9773  23.0439  22.8372  0.0604963  0.0168299  0.0133987  0.0209983  0.0378061  0.0951948  
98  23.3519  23.1101  23.1211  23  23.0026  22.7911  23.4068  23.1101  23.1211  23  23.0026  22.7911  0 23.4051  23.0994  23.0999  22.9791  23.0073  22.731  0.0620028  0.0168299  0.0133987  0.0209983  0.0378061  0.0951948  
99  23.3519  23.1101  23.1211  23  23.0026  22.7911  23.4229  23.1101  23.1211  23  23.0026  22.7911  0 23.4524  23.115  23.1058  22.9924  22.9789  22.8715  0.0628258  0.0168299  0.0133988  0.0209983  0.0378061  0.0951948  
100  23.3519  23.1101  23.1211  23  23.0026  22.7911  23.3847  23.1101  23.1211  23  23.0026  22.7911  0 23.3128  23.1181  23.1192  22.9799  22.9826  22.938  0.0608964  0.0168299  0.0133987  0.0209983  0.0378061  0.0951949  
