1  23.5152  23.124  22.9822  23  22.9002  22.8692  23.6593  23.1609  22.9822  23  22.9002  22.8692  0 23.5801  23.1458  22.9796  22.9817  22.921  22.8948  0.0763947  0.0174388  0.0120919  0.0209983  0.0344212  0.102288  
2  23.5152  23.124  22.9822  23  22.9002  22.8692  23.681  23.144  22.9822  23  22.9002  22.8692  0 23.7006  23.1411  22.973  22.9992  22.889  22.8223  0.0777934  0.017233  0.012092  0.0209983  0.0344215  0.102285  
3  23.5152  23.124  22.9822  23  22.9002  22.8692  23.6499  23.1505  22.9822  23  22.9003  22.8692  0 23.5976  23.1262  22.9888  23.0205  22.8957  22.7729  0.0757969  0.0173112  0.012092  0.0209983  0.0344219  0.102286  
4  23.5152  23.124  22.9822  23  22.9002  22.8692  23.6523  23.153  22.9822  23  22.9003  22.8692  0 23.6562  23.1425  22.9834  23.0015  22.917  22.835  0.0759494  0.0173422  0.012092  0.0209983  0.034422  0.102287  
5  23.5152  23.124  22.9822  23  22.9002  22.8692  23.6759  23.1644  22.9822  23  22.9003  22.8692  0 23.6874  23.1572  22.9899  23.0027  22.9258  22.9552  0.0774615  0.0174812  0.012092  0.0209983  0.0344218  0.102288  
6  23.5152  23.124  22.9822  23  22.9002  22.8692  23.7014  23.1644  22.9822  23  22.9003  22.8692  0 23.7133  23.1625  22.9791  23.0223  22.8703  23.0385  0.0791329  0.0174808  0.012092  0.0209983  0.0344219  0.102288  
7  23.5152  23.124  22.9822  23  22.9002  22.8692  23.7111  23.1417  22.9822  23  22.9002  22.8692  0 23.5495  23.1668  22.9778  23.0105  22.9215  22.8688  0.0797743  0.0172057  0.0120919  0.0209983  0.0344214  0.102288  
8  23.5152  23.124  22.9822  23  22.9002  22.8692  23.704  23.147  22.9822  23  22.9003  22.8692  0 23.846  23.1481  22.9758  22.9938  22.9428  22.9316  0.0793017  0.0172693  0.012092  0.0209983  0.0344219  0.102287  
9  23.5152  23.124  22.9822  23  22.9002  22.8692  23.6666  23.1718  22.9822  23  22.9002  22.8692  0 23.5807  23.1852  22.9881  23.0203  22.8753  22.9738  0.0768619  0.017572  0.012092  0.0209983  0.0344217  0.10229  
10  23.5152  23.124  22.9822  23  22.9002  22.8692  23.721  23.1573  22.9822  23  22.9003  22.8692  0 23.6552  23.1632  22.9719  22.9843  22.9087  22.8972  0.080441  0.0173941  0.012092  0.0209983  0.0344221  0.102287  
11  23.5152  23.124  22.9822  23  22.9002  22.8692  23.6905  23.1522  22.9822  23  22.9002  22.8692  0 23.7985  23.1601  22.9905  22.9729  22.9289  23.042  0.0784086  0.0173322  0.0120919  0.0209983  0.0344214  0.102289  
12  23.5152  23.124  22.9822  23  22.9002  22.8692  23.7075  23.1563  22.9822  23  22.9002  22.8692  0 23.8817  23.1622  22.9789  23.0032  22.9258  22.7508  0.0795395  0.0173823  0.0120918  0.0209983  0.0344208  0.102289  
13  23.5152  23.124  22.9822  23  22.9002  22.8692  23.7319  23.1641  22.9822  23  22.9002  22.8692  0 23.7582  23.1269  22.9936  22.9928  22.9323  22.9808  0.0811843  0.017477  0.0120919  0.0209983  0.0344214  0.10229  
14  23.5152  23.124  22.9822  23  22.9002  22.8692  23.7331  23.1656  22.9822  23  22.9002  22.8692  0 23.8337  23.1497  22.9806  22.9896  22.8865  22.9231  0.0812627  0.0174961  0.012092  0.0209983  0.0344215  0.102286  
15  23.5152  23.124  22.9822  23  22.9002  22.8692  23.685  23.1684  22.9822  23  22.9002  22.8692  0 23.8248  23.1459  22.9925  23.0255  22.9029  23.0362  0.0780532  0.0175301  0.012092  0.0209983  0.0344216  0.102286  
16  23.5152  23.124  22.9822  23  22.9002  22.8692  23.774  23.1474  22.9822  23  22.9003  22.8692  0 23.9664  23.1432  22.9977  23.0113  22.8109  22.8624  0.0841048  0.0172739  0.012092  0.0209983  0.0344223  0.102287  
17  23.5152  23.124  22.9822  23  22.9002  22.8692  23.7865  23.1646  22.9822  23  22.9002  22.8692  0 23.7499  23.1875  22.9666  22.9702  22.9307  22.9153  0.0849961  0.0174831  0.0120919  0.0209983  0.0344212  0.10229  
18  23.5152  23.124  22.9822  23  22.9002  22.8692  23.6208  23.1494  22.9822  23  22.9002  22.8692  0 23.7219  23.1466  22.9634  23.0013  22.871  22.9058  0.0739796  0.0172986  0.012092  0.0209983  0.0344217  0.102286  
19  23.5152  23.124  22.9822  23  22.9002  22.8692  23.6555  23.1578  22.9822  23  22.9002  22.8692  0 23.7957  23.1562  22.9956  23.0111  22.8875  22.7907  0.0761533  0.0174005  0.0120919  0.0209983  0.0344211  0.10229  
20  23.5152  23.124  22.9822  23  22.9002  22.8692  23.7617  23.1652  22.9822  23  22.9002  22.8692  0 23.7979  23.1721  22.9728  22.9971  22.8052  22.7267  0.0832439  0.0174913  0.012092  0.0209983  0.0344218  0.102286  
21  23.5152  23.124  22.9822  23  22.9002  22.8692  23.7602  23.1608  22.9822  23  22.9002  22.8692  0 23.7131  23.1797  23.0009  23.0133  22.8963  23.0084  0.0831355  0.0174373  0.0120919  0.0209983  0.0344213  0.102287  
22  23.5152  23.124  22.9822  23  22.9002  22.8692  23.6786  23.1479  22.9822  23  22.9003  22.8692  0 23.6907  23.1566  22.9888  23.009  22.9532  22.8113  0.0776376  0.0172806  0.012092  0.0209983  0.0344221  0.102285  
23  23.5152  23.124  22.9822  23  22.9002  22.8692  23.7209  23.1525  22.9822  23  22.9002  22.8692  0 23.6805  23.1453  22.9918  22.9838  22.8949  23.0741  0.0804356  0.0173359  0.012092  0.0209983  0.0344217  0.102286  
24  23.5152  23.124  22.9822  23  22.9002  22.8692  23.6178  23.1481  22.9822  23  22.9002  22.8692  0 23.6131  23.1357  22.9793  22.9812  22.9151  22.8018  0.0737953  0.0172818  0.012092  0.0209983  0.0344217  0.102287  
25  23.5152  23.124  22.9822  23  22.9002  22.8692  23.6488  23.1519  22.9822  23  22.9002  22.8692  0 23.6646  23.1396  23.0098  22.9948  22.8393  22.8391  0.0757245  0.0173284  0.012092  0.0209983  0.0344217  0.102286  
26  23.5152  23.124  22.9822  23  22.9002  22.8692  23.7667  23.1643  22.9822  23  22.9002  22.8692  0 23.75  23.1617  22.9828  23.0302  22.8846  22.8574  0.0835913  0.0174805  0.012092  0.0209983  0.0344215  0.102286  
27  23.5152  23.124  22.9822  23  22.9002  22.8692  23.6831  23.1727  22.9822  23  22.9002  22.8692  0 23.7126  23.2119  22.982  23.0267  22.9161  22.7006  0.0779274  0.0175841  0.012092  0.0209983  0.0344217  0.102288  
28  23.5152  23.124  22.9822  23  22.9002  22.8692  23.6903  23.1667  22.9822  23  22.9002  22.8692  0 23.6748  23.1774  22.9819  22.9583  22.8821  22.8202  0.0784  0.0175098  0.012092  0.0209983  0.0344216  0.102286  
29  23.5152  23.124  22.9822  23  22.9002  22.8692  23.6748  23.165  22.9822  23  22.9002  22.8692  0 23.6644  23.1674  22.9831  23.0108  22.8304  22.9238  0.0773906  0.0174887  0.0120919  0.0209983  0.0344218  0.102288  
30  23.5152  23.124  22.9822  23  22.9002  22.8692  23.7392  23.1465  22.9822  23  22.9003  22.8692  0 23.8151  23.1431  22.9773  22.9738  22.8985  22.9687  0.0816801  0.0172637  0.012092  0.0209983  0.0344219  0.102287  
31  23.5152  23.124  22.9822  23  22.9002  22.8692  23.6243  23.1344  22.9822  23  22.9002  22.8692  0 23.5661  23.1258  22.9998  22.9874  22.9708  22.6455  0.0741973  0.0171175  0.0120919  0.0209983  0.0344212  0.102288  
32  23.5152  23.124  22.9822  23  22.9002  22.8692  23.6608  23.1567  22.9822  23  22.9002  22.8692  0 23.6734  23.1265  22.9903  22.9826  22.8513  22.8585  0.0764865  0.0173868  0.0120921  0.0209983  0.0344217  0.102288  
33  23.5152  23.124  22.9822  23  22.9002  22.8692  23.6378  23.1533  22.9822  23  22.9002  22.8692  0 23.6322  23.1691  22.9823  23.0667  22.9564  23.0009  0.0750355  0.0173451  0.012092  0.0209983  0.0344217  0.102286  
34  23.5152  23.124  22.9822  23  22.9002  22.8692  23.6306  23.1663  22.9822  23  22.9003  22.8692  0 23.5395  23.1615  22.9721  22.9884  22.9077  23.034  0.0745821  0.0175045  0.012092  0.0209983  0.0344219  0.102287  
35  23.5152  23.124  22.9822  23  22.9002  22.8692  23.7166  23.1613  22.9822  23  22.9003  22.8692  0 23.7839  23.1501  22.9711  22.9848  22.8827  22.6778  0.0801456  0.0174431  0.012092  0.0209983  0.0344219  0.102288  
36  23.5152  23.124  22.9822  23  22.9002  22.8692  23.6871  23.1506  22.9822  23  22.9003  22.8692  0 23.7189  23.1324  22.9662  22.9771  22.9385  23.0356  0.0781912  0.0173127  0.0120921  0.0209983  0.0344221  0.102285  
37  23.5152  23.124  22.9822  23  22.9002  22.8692  23.7013  23.1471  22.9822  23  22.9002  22.8692  0 23.7903  23.1487  22.9859  22.9651  22.8982  22.7892  0.0791237  0.0172698  0.0120919  0.0209983  0.0344212  0.102289  
38  23.5152  23.124  22.9822  23  22.9002  22.8692  23.7146  23.1607  22.9822  23  22.9002  22.8692  0 23.805  23.1634  22.9866  23.0127  22.9148  22.7858  0.0800082  0.0174361  0.012092  0.0209983  0.0344214  0.102287  
39  23.5152  23.124  22.9822  23  22.9002  22.8692  23.7495  23.1632  22.9822  23  22.9002  22.8692  0 23.63  23.1659  22.9748  23.0527  22.8286  23.0332  0.0823933  0.0174661  0.012092  0.0209983  0.0344215  0.102285  
40  23.5152  23.124  22.9822  23  22.9002  22.8692  23.6215  23.1443  22.9822  23  22.9003  22.8692  0 23.7237  23.1511  22.9738  23.0141  22.9377  22.8772  0.0740221  0.0172364  0.012092  0.0209983  0.0344218  0.102287  
41  23.5152  23.124  22.9822  23  22.9002  22.8692  23.7183  23.1578  22.9822  23  22.9003  22.8692  0 23.6324  23.1532  22.9591  23.0304  22.8224  22.939  0.0802621  0.0174007  0.012092  0.0209983  0.0344219  0.102286  
42  23.5152  23.124  22.9822  23  22.9002  22.8692  23.7397  23.1644  22.9822  23  22.9003  22.8692  0 23.7633  23.1566  22.9796  22.989  22.9428  22.86  0.0817165  0.0174809  0.012092  0.0209983  0.0344218  0.102287  
43  23.5152  23.124  22.9822  23  22.9002  22.8692  23.6501  23.1555  22.9822  23  22.9003  22.8692  0 23.5176  23.1373  23.0028  23.0171  22.9231  22.7956  0.0758049  0.0173717  0.0120921  0.0209983  0.034422  0.102287  
44  23.5152  23.124  22.9822  23  22.9002  22.8692  23.7861  23.1416  22.9822  23  22.9003  22.8692  0 23.8223  23.1459  22.9758  23.022  22.9172  22.7989  0.0849718  0.0172043  0.012092  0.0209983  0.0344225  0.102286  
45  23.5152  23.124  22.9822  23  22.9002  22.8692  23.7716  23.1638  22.9822  23  22.9002  22.8692  0 23.9296  23.1636  22.9885  23.0248  22.897  22.8076  0.0839358  0.0174742  0.0120918  0.0209983  0.0344215  0.102288  
46  23.5152  23.124  22.9822  23  22.9002  22.8692  23.7218  23.1503  22.9822  23  22.9002  22.8692  0 23.6783  23.1259  22.9604  22.9592  22.8687  22.7547  0.0804948  0.0173096  0.0120921  0.0209983  0.0344217  0.102287  
47  23.5152  23.124  22.9822  23  22.9002  22.8692  23.6554  23.1647  22.9822  23  22.9002  22.8692  0 23.8438  23.1727  22.9754  23.0065  22.8428  22.8578  0.0761413  0.0174853  0.012092  0.0209983  0.0344216  0.102287  
48  23.5152  23.124  22.9822  23  22.9002  22.8692  23.7655  23.1576  22.9822  23  22.9003  22.8692  0 23.7787  23.1538  22.9939  22.9974  22.8758  23.0846  0.0835053  0.0173978  0.0120921  0.0209983  0.0344224  0.102286  
49  23.5152  23.124  22.9822  23  22.9002  22.8692  23.8524  23.1476  22.9822  23  22.9002  22.8692  0 23.8653  23.134  22.9961  22.9938  22.9313  22.8167  0.0898664  0.0172762  0.0120918  0.0209983  0.0344208  0.102285  
50  23.5152  23.124  22.9822  23  22.9002  22.8692  23.7947  23.1555  22.9822  23  22.9002  22.8692  0 23.7702  23.1444  22.9585  22.9519  22.8969  22.8738  0.0855892  0.0173719  0.012092  0.0209983  0.0344214  0.102285  
51  23.5152  23.124  22.9822  23  22.9002  22.8692  23.7987  23.1473  22.9822  23  22.9002  22.8692  0 23.7837  23.1507  22.9726  22.986  22.913  22.9333  0.08588  0.0172723  0.012092  0.0209983  0.0344217  0.102285  
52  23.5152  23.124  22.9822  23  22.9002  22.8692  23.7387  23.1564  22.9822  23  22.9002  22.8692  0 23.7574  23.1471  22.9852  22.9919  22.849  22.7991  0.081647  0.0173839  0.012092  0.0209983  0.0344216  0.102285  
53  23.5152  23.124  22.9822  23  22.9002  22.8692  23.6396  23.1476  22.9822  23  22.9003  22.8692  0 23.5026  23.1506  23.0019  22.9849  22.9247  22.7759  0.0751454  0.0172767  0.012092  0.0209983  0.0344219  0.102287  
54  23.5152  23.124  22.9822  23  22.9002  22.8692  23.6588  23.1644  22.9822  23  22.9002  22.8692  0 23.5375  23.1363  22.9832  23.017  22.9911  22.9435  0.0763589  0.0174814  0.012092  0.0209983  0.0344217  0.102286  
55  23.5152  23.124  22.9822  23  22.9002  22.8692  23.6845  23.1509  22.9822  23  22.9003  22.8692  0 23.739  23.134  22.9837  22.9874  22.893  22.798  0.0780202  0.0173164  0.0120921  0.0209983  0.034422  0.102286  
56  23.5152  23.124  22.9822  23  22.9002  22.8692  23.6694  23.1507  22.9822  23  22.9002  22.8692  0 23.6441  23.1775  22.9816  22.9953  22.9202  22.7299  0.0770402  0.0173136  0.012092  0.0209983  0.0344215  0.102287  
57  23.5152  23.124  22.9822  23  22.9002  22.8692  23.6517  23.1426  22.9822  23  22.9002  22.8692  0 23.6342  23.1464  23.0002  23.0119  22.9099  22.8134  0.0759085  0.0172165  0.012092  0.0209983  0.0344212  0.102285  
58  23.5152  23.124  22.9822  23  22.9002  22.8692  23.671  23.1761  22.9822  23  22.9002  22.8692  0 23.5698  23.2197  22.984  23.0014  22.8886  22.8724  0.0771412  0.0176262  0.012092  0.0209983  0.0344216  0.102288  
59  23.5152  23.124  22.9822  23  22.9002  22.8692  23.6645  23.1469  22.9822  23  22.9002  22.8692  0 23.545  23.1315  22.9966  22.9756  22.9218  22.8934  0.0767244  0.0172682  0.012092  0.0209983  0.0344218  0.102288  
60  23.5152  23.124  22.9822  23  22.9002  22.8692  23.7057  23.152  22.9822  23  22.9002  22.8692  0 23.4904  23.1718  22.9872  23.0115  22.8754  22.8855  0.0794152  0.01733  0.012092  0.0209983  0.0344216  0.102288  
61  23.5152  23.124  22.9822  23  22.9002  22.8692  23.7004  23.183  22.9822  23  22.9002  22.8692  0 23.6733  23.1567  22.9746  23.0319  22.8706  22.8191  0.0790673  0.017712  0.012092  0.0209983  0.0344215  0.102287  
62  23.5152  23.124  22.9822  23  22.9002  22.8692  23.7216  23.1422  22.9822  23  22.9002  22.8692  0 23.7328  23.1402  22.9972  22.9921  22.834  23.0093  0.0804813  0.0172112  0.012092  0.0209983  0.0344216  0.102286  
63  23.5152  23.124  22.9822  23  22.9002  22.8692  23.6628  23.1451  22.9822  23  22.9003  22.8692  0 23.575  23.1141  22.975  22.985  22.8647  22.772  0.0766183  0.0172456  0.012092  0.0209983  0.0344221  0.102286  
64  23.5152  23.124  22.9822  23  22.9002  22.8692  23.7775  23.1443  22.9822  23  22.9002  22.8692  0 23.8543  23.1399  22.9999  23.0155  22.9944  22.8479  0.0843561  0.0172369  0.0120919  0.0209983  0.0344214  0.102287  
65  23.5152  23.124  22.9822  23  22.9002  22.8692  23.7037  23.1489  22.9822  23  22.9002  22.8692  0 23.7493  23.1613  22.9846  22.9878  22.8768  22.8532  0.0792822  0.0172925  0.012092  0.0209983  0.0344216  0.102286  
66  23.5152  23.124  22.9822  23  22.9002  22.8692  23.6177  23.1625  22.9822  23  22.9002  22.8692  0 23.6161  23.1942  22.9934  23.0354  22.8964  22.7737  0.0737899  0.0174579  0.012092  0.0209983  0.0344215  0.102287  
67  23.5152  23.124  22.9822  23  22.9002  22.8692  23.6764  23.1441  22.9822  23  22.9002  22.8692  0 23.6671  23.1336  22.9712  23.0401  22.9178  22.9267  0.0774897  0.0172347  0.012092  0.0209983  0.0344217  0.102286  
68  23.5152  23.124  22.9822  23  22.9002  22.8692  23.7263  23.1463  22.9822  23  22.9002  22.8692  0 23.794  23.131  22.9835  23.0029  22.9244  22.8905  0.0807989  0.0172603  0.012092  0.0209983  0.0344218  0.102285  
69  23.5152  23.124  22.9822  23  22.9002  22.8692  23.6826  23.1651  22.9822  23  22.9002  22.8692  0 23.8375  23.1656  22.9843  23.0185  22.9213  22.8363  0.0778925  0.0174897  0.012092  0.0209983  0.0344218  0.102287  
70  23.5152  23.124  22.9822  23  22.9002  22.8692  23.6992  23.1495  22.9822  23  22.9002  22.8692  0 23.6606  23.1844  22.9587  23.0114  22.8558  23.0374  0.0789874  0.0172995  0.0120919  0.0209983  0.0344214  0.102286  
71  23.5152  23.124  22.9822  23  22.9002  22.8692  23.6437  23.1452  22.9822  23  22.9002  22.8692  0 23.5803  23.1352  22.9703  23.0206  22.8556  22.9039  0.0754071  0.017247  0.012092  0.0209983  0.0344217  0.102285  
72  23.5152  23.124  22.9822  23  22.9002  22.8692  23.7967  23.1485  22.9822  23  22.9002  22.8692  0 23.8851  23.1508  22.981  22.9797  22.9383  23.0398  0.0857364  0.0172877  0.0120919  0.0209983  0.0344218  0.102286  
73  23.5152  23.124  22.9822  23  22.9002  22.8692  23.702  23.1659  22.9822  23  22.9002  22.8692  0 23.6848  23.1592  22.9643  23.0085  22.8913  22.9383  0.0791675  0.0175001  0.012092  0.0209983  0.0344216  0.102287  
74  23.5152  23.124  22.9822  23  22.9002  22.8692  23.7067  23.1407  22.9822  23  22.9002  22.8692  0 23.6536  23.0967  22.9774  23.0229  22.87  22.8493  0.0794856  0.0171933  0.012092  0.0209983  0.0344217  0.102286  
75  23.5152  23.124  22.9822  23  22.9002  22.8692  23.7297  23.1563  22.9822  23  22.9002  22.8692  0 23.6746  23.1364  23.0026  22.9977  22.915  22.951  0.0810288  0.0173822  0.0120918  0.0209983  0.034421  0.102285  
76  23.5152  23.124  22.9822  23  22.9002  22.8692  23.6658  23.1532  22.9822  23  22.9003  22.8692  0 23.6793  23.1182  22.9955  23.0016  22.9398  22.7662  0.0768083  0.0173438  0.012092  0.0209983  0.0344222  0.102286  
77  23.5152  23.124  22.9822  23  22.9002  22.8692  23.7441  23.1615  22.9822  23  22.9003  22.8692  0 23.7868  23.171  22.984  22.9899  22.8923  22.7702  0.0820176  0.0174462  0.012092  0.0209983  0.0344223  0.102286  
78  23.5152  23.124  22.9822  23  22.9002  22.8692  23.7483  23.1633  22.9822  23  22.9002  22.8692  0 23.7701  23.1527  22.9651  23.0017  22.9061  22.7325  0.0823107  0.0174679  0.0120919  0.0209983  0.0344211  0.102287  
79  23.5152  23.124  22.9822  23  22.9002  22.8692  23.6833  23.1406  22.9822  23  22.9002  22.8692  0 23.6637  23.1188  22.974  22.9688  22.9439  22.7251  0.0779428  0.0171919  0.012092  0.0209983  0.0344215  0.102288  
80  23.5152  23.124  22.9822  23  22.9002  22.8692  23.7372  23.1462  22.9822  23  22.9003  22.8692  0 23.7526  23.1362  22.9632  23.0022  22.873  22.8047  0.0815432  0.017259  0.012092  0.0209983  0.0344218  0.102286  
81  23.5152  23.124  22.9822  23  22.9002  22.8692  23.7056  23.1599  22.9822  23  22.9003  22.8692  0 23.7994  23.1612  22.9771  22.9788  22.9087  22.8714  0.079413  0.0174262  0.0120921  0.0209983  0.034422  0.102288  
82  23.5152  23.124  22.9822  23  22.9002  22.8692  23.7359  23.1553  22.9822  23  22.9002  22.8692  0 23.6722  23.1472  22.9705  22.9574  22.8998  23.0085  0.0814533  0.0173693  0.012092  0.0209983  0.0344216  0.102284  
83  23.5152  23.124  22.9822  23  22.9002  22.8692  23.6714  23.1633  22.9822  23  22.9002  22.8692  0 23.7645  23.172  22.9734  22.9962  22.941  22.7905  0.0771657  0.0174674  0.012092  0.0209983  0.0344216  0.102286  
84  23.5152  23.124  22.9822  23  22.9002  22.8692  23.6338  23.1493  22.9822  23  22.9002  22.8692  0 23.6314  23.1776  22.9885  22.9716  22.8735  22.8801  0.0747863  0.0172974  0.012092  0.0209983  0.0344216  0.102286  
85  23.5152  23.124  22.9822  23  22.9002  22.8692  23.7009  23.1568  22.9822  23  22.9002  22.8692  0 23.5792  23.1697  22.9749  22.9921  22.8728  22.9189  0.0790971  0.0173876  0.012092  0.0209983  0.0344217  0.102286  
86  23.5152  23.124  22.9822  23  22.9002  22.8692  23.73  23.1516  22.9822  23  22.9002  22.8692  0 23.7124  23.1589  22.9877  23.0092  22.9493  22.913  0.0810503  0.017325  0.012092  0.0209983  0.0344218  0.102286  
87  23.5152  23.124  22.9822  23  22.9002  22.8692  23.7441  23.1551  22.9822  23  22.9002  22.8692  0 23.6748  23.1717  22.9884  22.9793  22.8459  22.993  0.0820164  0.0173669  0.012092  0.0209983  0.0344215  0.102285  
88  23.5152  23.124  22.9822  23  22.9002  22.8692  23.6551  23.1483  22.9822  23  22.9002  22.8692  0 23.7301  23.1261  22.9655  23.0247  22.9472  22.9585  0.0761224  0.0172854  0.012092  0.0209983  0.0344214  0.102285  
89  23.5152  23.124  22.9822  23  22.9002  22.8692  23.7084  23.1591  22.9822  23  22.9003  22.8692  0 23.7892  23.17  22.9616  23.0449  22.9141  22.7791  0.0795939  0.0174158  0.0120921  0.0209983  0.0344224  0.102288  
90  23.5152  23.124  22.9822  23  22.9002  22.8692  23.6621  23.1563  22.9822  23  22.9003  22.8692  0 23.6333  23.1803  23.0026  23.0243  22.8879  22.8224  0.0765728  0.0173819  0.012092  0.0209983  0.0344218  0.102287  
91  23.5152  23.124  22.9822  23  22.9002  22.8692  23.6942  23.154  22.9822  23  22.9002  22.8692  0 23.7338  23.1772  22.9948  23.0048  22.9234  22.8409  0.0786544  0.0173545  0.0120921  0.0209983  0.0344217  0.102286  
92  23.5152  23.124  22.9822  23  22.9002  22.8692  23.7529  23.1449  22.9822  23  22.9003  22.8692  0 23.63  23.1165  22.9879  23.0305  22.9  22.8656  0.0826282  0.0172434  0.012092  0.0209983  0.0344219  0.102285  
93  23.5152  23.124  22.9822  23  22.9002  22.8692  23.7204  23.1603  22.9822  23  22.9003  22.8692  0 23.7803  23.1443  22.9895  22.9616  22.8896  22.7801  0.080403  0.017431  0.012092  0.0209983  0.0344219  0.102286  
94  23.5152  23.124  22.9822  23  22.9002  22.8692  23.6426  23.1574  22.9822  23  22.9002  22.8692  0 23.58  23.184  22.979  22.943  22.8995  22.7409  0.0753378  0.017395  0.012092  0.0209983  0.0344217  0.102289  
95  23.5152  23.124  22.9822  23  22.9002  22.8692  23.6278  23.1473  22.9822  23  22.9002  22.8692  0 23.6601  23.1456  23.0012  22.9988  22.976  22.7146  0.0744125  0.0172725  0.012092  0.0209983  0.0344217  0.102285  
96  23.5152  23.124  22.9822  23  22.9002  22.8692  23.7474  23.1516  22.9822  23  22.9002  22.8692  0 23.681  23.1801  22.9647  23.0296  22.8927  22.8112  0.0822444  0.0173244  0.0120919  0.0209983  0.0344213  0.10229  
97  23.5152  23.124  22.9822  23  22.9002  22.8692  23.6764  23.1766  22.9822  23  22.9003  22.8692  0 23.5804  23.1487  22.984  22.9773  22.9379  22.9188  0.0774942  0.017632  0.012092  0.0209983  0.0344223  0.102288  
98  23.5152  23.124  22.9822  23  22.9002  22.8692  23.6867  23.1392  22.9822  23  22.9002  22.8692  0 23.6846  23.1283  22.963  22.9791  22.9045  22.8047  0.0781655  0.0171752  0.012092  0.0209983  0.0344217  0.102286  
99  23.5152  23.124  22.9822  23  22.9002  22.8692  23.6818  23.1512  22.9822  23  22.9003  22.8692  0 23.7185  23.1563  22.9684  22.9924  22.8787  22.9558  0.0778403  0.0173202  0.0120921  0.0209983  0.0344219  0.102287  
100  23.5152  23.124  22.9822  23  22.9002  22.8692  23.6919  23.157  22.9822  23  22.9003  22.8692  0 23.6001  23.1652  22.9804  22.9799  22.8821  23.0278  0.0785043  0.0173904  0.012092  0.0209983  0.0344219  0.102286  
101  23.5152  23.124  22.9822  23  22.9002  22.8692  23.6895  23.1484  22.9822  23  22.9003  22.8692  0 23.7883  23.1714  22.9806  23.0086  22.9364  22.9202  0.0783471  0.0172862  0.012092  0.0209983  0.0344221  0.102286  
102  23.5152  23.124  22.9822  23  22.9002  22.8692  23.7025  23.1475  22.9822  23  22.9002  22.8692  0 23.6904  23.1517  22.9634  23.005  22.8928  22.9227  0.0792022  0.0172746  0.012092  0.0209983  0.0344217  0.102287  
103  23.5152  23.124  22.9822  23  22.9002  22.8692  23.6522  23.1535  22.9822  23  22.9002  22.8692  0 23.6557  23.1396  23.0099  22.9926  22.9134  22.8948  0.0759436  0.0173476  0.012092  0.0209983  0.0344215  0.102285  
104  23.5152  23.124  22.9822  23  22.9002  22.8692  23.7412  23.1631  22.9822  23  22.9002  22.8692  0 23.702  23.1549  22.9683  23.0191  22.9425  23.0982  0.0818186  0.0174652  0.0120919  0.0209983  0.0344211  0.10229  
105  23.5152  23.124  22.9822  23  22.9002  22.8692  23.719  23.1637  22.9822  23  22.9002  22.8692  0 23.668  23.1378  22.9738  22.9613  22.9218  22.8533  0.0803077  0.0174725  0.012092  0.0209983  0.0344217  0.102286  
106  23.5152  23.124  22.9822  23  22.9002  22.8692  23.6598  23.1391  22.9822  23  22.9003  22.8692  0 23.545  23.1563  22.9918  23.0245  22.9342  22.7732  0.0764273  0.0171741  0.012092  0.0209983  0.0344223  0.102285  
107  23.5152  23.124  22.9822  23  22.9002  22.8692  23.7885  23.1562  22.9822  23  22.9002  22.8692  0 23.6408  23.1596  22.9953  23.0137  22.8628  22.7182  0.0851433  0.0173804  0.012092  0.0209983  0.0344216  0.102287  
108  23.5152  23.124  22.9822  23  22.9002  22.8692  23.7008  23.1537  22.9822  23  22.9002  22.8692  0 23.7634  23.129  22.9515  23.0225  22.9195  22.8319  0.0790924  0.0173507  0.0120921  0.0209983  0.0344218  0.102286  
109  23.5152  23.124  22.9822  23  22.9002  22.8692  23.6679  23.1393  22.9822  23  22.9002  22.8692  0 23.627  23.1252  22.987  23.0258  22.8352  22.7686  0.0769451  0.0171761  0.0120919  0.0209983  0.0344213  0.102286  
110  23.5152  23.124  22.9822  23  22.9002  22.8692  23.7841  23.1765  22.9822  23  22.9002  22.8692  0 23.6814  23.1849  22.9968  23.0187  22.9924  22.9886  0.0848286  0.0176301  0.012092  0.0209983  0.0344216  0.102287  
111  23.5152  23.124  22.9822  23  22.9002  22.8692  23.7595  23.159  22.9822  23  22.9002  22.8692  0 23.8415  23.133  22.9644  22.9689  22.9289  22.9054  0.0830842  0.0174149  0.012092  0.0209983  0.0344218  0.102284  
112  23.5152  23.124  22.9822  23  22.9002  22.8692  23.7089  23.1742  22.9822  23  22.9003  22.8692  0 23.6887  23.1558  22.9715  23.0223  22.9517  23.0228  0.0796265  0.0176017  0.012092  0.0209983  0.0344222  0.102287  
113  23.5152  23.124  22.9822  23  22.9002  22.8692  23.6947  23.1505  22.9822  23  22.9002  22.8692  0 23.5716  23.144  22.9775  23.0066  22.861  23.1925  0.0786855  0.0173116  0.0120919  0.0209983  0.0344211  0.102285  
114  23.5152  23.124  22.9822  23  22.9002  22.8692  23.6616  23.1521  22.9822  23  22.9003  22.8692  0 23.7735  23.1641  22.9769  22.9976  22.8786  23.0217  0.0765374  0.017331  0.0120921  0.0209983  0.0344219  0.102288  
115  23.5152  23.124  22.9822  23  22.9002  22.8692  23.6504  23.1677  22.9822  23  22.9003  22.8692  0 23.7379  23.1828  22.962  23.0103  22.9067  23.0906  0.075827  0.0175223  0.0120921  0.0209983  0.0344218  0.102287  
116  23.5152  23.124  22.9822  23  22.9002  22.8692  23.746  23.1401  22.9822  23  22.9002  22.8692  0 23.913  23.1696  22.9782  23.0198  22.939  22.9384  0.0821491  0.0171865  0.0120919  0.0209983  0.0344214  0.102288  
117  23.5152  23.124  22.9822  23  22.9002  22.8692  23.6988  23.1498  22.9822  23  22.9002  22.8692  0 23.6396  23.1778  22.9813  23.0196  22.8842  22.9083  0.0789597  0.0173025  0.012092  0.0209983  0.0344217  0.102288  
118  23.5152  23.124  22.9822  23  22.9002  22.8692  23.6757  23.1535  22.9822  23  22.9002  22.8692  0 23.6527  23.1355  22.9758  23.0036  22.9128  22.846  0.0774469  0.0173476  0.012092  0.0209983  0.0344218  0.102286  
119  23.5152  23.124  22.9822  23  22.9002  22.8692  23.7235  23.164  22.9822  23  22.9002  22.8692  0 23.7485  23.1531  23  22.9451  22.9209  22.7783  0.0806092  0.0174768  0.0120919  0.0209983  0.0344213  0.102285  
120  23.5152  23.124  22.9822  23  22.9002  22.8692  23.7266  23.1435  22.9822  23  22.9003  22.8692  0 23.723  23.1345  22.9865  22.9934  22.9524  22.73  0.0808244  0.0172265  0.012092  0.0209983  0.034422  0.102286  
121  23.5152  23.124  22.9822  23  22.9002  22.8692  23.7597  23.1761  22.9822  23  22.9003  22.8692  0 23.6889  23.1899  23.0055  23.0198  22.8822  22.9215  0.083101  0.0176262  0.012092  0.0209983  0.034422  0.102287  
122  23.5152  23.124  22.9822  23  22.9002  22.8692  23.8109  23.1565  22.9822  23  22.9002  22.8692  0 23.8492  23.119  22.9589  23.0306  22.8713  22.9715  0.0867703  0.0173839  0.0120919  0.0209983  0.0344212  0.102288  
123  23.5152  23.124  22.9822  23  22.9002  22.8692  23.7588  23.1474  22.9822  23  22.9002  22.8692  0 23.7778  23.1774  22.9925  23.0071  22.9171  22.9423  0.0830367  0.0172734  0.012092  0.0209983  0.0344218  0.102287  
124  23.5152  23.124  22.9822  23  22.9002  22.8692  23.6536  23.1427  22.9822  23  22.9002  22.8692  0 23.6653  23.126  22.9993  23.0176  22.9323  22.9466  0.0760295  0.0172173  0.0120919  0.0209983  0.0344211  0.102285  
125  23.5152  23.124  22.9822  23  22.9002  22.8692  23.756  23.1735  22.9822  23  22.9002  22.8692  0 23.6939  23.1796  22.9986  23.0227  22.9344  22.7135  0.0828447  0.0175935  0.0120918  0.0209983  0.0344215  0.102286  
126  23.5152  23.124  22.9822  23  22.9002  22.8692  23.6876  23.1593  22.9822  23  22.9002  22.8692  0 23.6632  23.1641  22.9638  23.019  22.9415  22.8328  0.0782242  0.0174191  0.0120919  0.0209983  0.0344215  0.102285  
127  23.5152  23.124  22.9822  23  22.9002  22.8692  23.7355  23.1434  22.9822  23  22.9003  22.8692  0 23.8355  23.1425  22.9862  23.0088  22.8955  22.8717  0.0814258  0.0172259  0.0120921  0.0209983  0.034422  0.102286  
128  23.5152  23.124  22.9822  23  22.9002  22.8692  23.6587  23.1523  22.9822  23  22.9003  22.8692  0 23.5445  23.1614  22.989  23.0004  22.8983  23.214  0.0763525  0.0173332  0.012092  0.0209983  0.034422  0.102286  
129  23.5152  23.124  22.9822  23  22.9002  22.8692  23.6485  23.1603  22.9822  23  22.9002  22.8692  0 23.6261  23.152  22.9755  23.0023  22.9764  22.8491  0.0757091  0.017431  0.012092  0.0209983  0.0344216  0.102286  
130  23.5152  23.124  22.9822  23  22.9002  22.8692  23.5974  23.1493  22.9822  23  22.9002  22.8692  0 23.6276  23.1591  22.9568  22.9876  22.8974  22.863  0.0725523  0.0172967  0.012092  0.0209983  0.0344218  0.102286  
131  23.5152  23.124  22.9822  23  22.9002  22.8692  23.7717  23.1568  22.9822  23  22.9002  22.8692  0 23.7303  23.1551  22.972  22.9985  22.8689  22.9462  0.0839428  0.0173878  0.012092  0.0209983  0.0344215  0.102285  
132  23.5152  23.124  22.9822  23  22.9002  22.8692  23.6927  23.1428  22.9822  23  22.9003  22.8692  0 23.7583  23.1511  22.9658  22.995  22.8844  23.0548  0.0785581  0.0172184  0.012092  0.0209983  0.0344222  0.102286  
133  23.5152  23.124  22.9822  23  22.9002  22.8692  23.6728  23.1718  22.9822  23  22.9002  22.8692  0 23.6869  23.187  22.967  23.0404  22.8844  22.9293  0.0772586  0.0175726  0.0120919  0.0209983  0.0344212  0.102289  
134  23.5152  23.124  22.9822  23  22.9002  22.8692  23.7142  23.1427  22.9822  23  22.9002  22.8692  0 23.7487  23.1086  23.0007  23.0286  22.9062  22.8881  0.0799821  0.0172168  0.012092  0.0209983  0.0344217  0.102286  
135  23.5152  23.124  22.9822  23  22.9002  22.8692  23.6479  23.1418  22.9822  23  22.9002  22.8692  0 23.7017  23.1753  22.9994  23.0148  22.9315  23.0877  0.0756669  0.0172062  0.012092  0.0209983  0.0344217  0.102286  
136  23.5152  23.124  22.9822  23  22.9002  22.8692  23.7258  23.1531  22.9822  23  22.9002  22.8692  0 23.788  23.1799  22.9875  23.0024  22.8948  22.7029  0.0807678  0.0173437  0.012092  0.0209983  0.0344215  0.102285  
137  23.5152  23.124  22.9822  23  22.9002  22.8692  23.6299  23.1515  22.9822  23  22.9002  22.8692  0 23.6639  23.1804  22.966  22.9961  22.9373  22.9326  0.0745436  0.0173235  0.012092  0.0209983  0.0344216  0.102286  
138  23.5152  23.124  22.9822  23  22.9002  22.8692  23.6716  23.1452  22.9822  23  22.9002  22.8692  0 23.7179  23.1416  22.9849  23.0124  22.9075  22.8506  0.0771828  0.017247  0.012092  0.0209983  0.0344217  0.102287  
139  23.5152  23.124  22.9822  23  22.9002  22.8692  23.7972  23.1738  22.9822  23  22.9003  22.8692  0 23.9196  23.1618  22.9909  23.0259  22.9494  22.8505  0.0857701  0.0175975  0.0120921  0.0209983  0.0344221  0.102288  
140  23.5152  23.124  22.9822  23  22.9002  22.8692  23.6777  23.1413  22.9822  23  22.9003  22.8692  0 23.6826  23.1228  22.973  22.9584  22.8687  22.7814  0.077579  0.0172003  0.0120921  0.0209983  0.0344219  0.102285  
141  23.5152  23.124  22.9822  23  22.9002  22.8692  23.7084  23.156  22.9822  23  22.9002  22.8692  0 23.7088  23.1681  22.9698  23.0355  22.9292  22.7517  0.0795971  0.0173788  0.0120919  0.0209983  0.0344211  0.10229  
142  23.5152  23.124  22.9822  23  22.9002  22.8692  23.6658  23.1701  22.9822  23  22.9002  22.8692  0 23.5521  23.1836  22.9834  23.0216  22.8939  22.6453  0.0768074  0.017551  0.0120919  0.0209983  0.0344212  0.102291  
143  23.5152  23.124  22.9822  23  22.9002  22.8692  23.7236  23.1664  22.9822  23  22.9002  22.8692  0 23.6457  23.1389  22.9771  22.9979  22.8803  22.987  0.0806182  0.0175057  0.012092  0.0209983  0.0344217  0.102287  
144  23.5152  23.124  22.9822  23  22.9002  22.8692  23.6733  23.1469  22.9822  23  22.9002  22.8692  0 23.6735  23.1388  22.9877  22.9888  22.9108  22.8397  0.0772914  0.0172682  0.0120919  0.0209983  0.0344211  0.102286  
145  23.5152  23.124  22.9822  23  22.9002  22.8692  23.6892  23.149  22.9822  23  22.9002  22.8692  0 23.7395  23.1733  22.9732  22.9996  22.9451  22.8367  0.0783232  0.0172938  0.0120919  0.0209983  0.0344214  0.102287  
146  23.5152  23.124  22.9822  23  22.9002  22.8692  23.6754  23.1415  22.9822  23  22.9002  22.8692  0 23.6488  23.1324  22.9891  23.035  22.9334  22.9221  0.077426  0.0172028  0.0120919  0.0209983  0.0344211  0.102288  
147  23.5152  23.124  22.9822  23  22.9002  22.8692  23.8433  23.1608  22.9822  23  22.9003  22.8692  0 23.7683  23.1555  22.9873  22.9968  22.8814  22.9596  0.0891799  0.0174371  0.012092  0.0209983  0.0344221  0.102286  
148  23.5152  23.124  22.9822  23  22.9002  22.8692  23.7527  23.1615  22.9822  23  22.9002  22.8692  0 23.7155  23.1698  22.9747  23.0057  22.8744  22.7779  0.0826146  0.0174457  0.012092  0.0209983  0.0344217  0.102287  
149  23.5152  23.124  22.9822  23  22.9002  22.8692  23.6896  23.1591  22.9822  23  22.9003  22.8692  0 23.7155  23.1758  22.9887  23.009  22.9239  22.728  0.0783508  0.0174158  0.0120921  0.0209983  0.0344221  0.102285  
150  23.5152  23.124  22.9822  23  22.9002  22.8692  23.6329  23.1508  22.9822  23  22.9002  22.8692  0 23.7925  23.1705  22.9919  22.9748  22.9544  22.8842  0.0747285  0.0173147  0.012092  0.0209983  0.0344218  0.102286  
151  23.5152  23.124  22.9822  23  22.9002  22.8692  23.6752  23.1429  22.9822  23  22.9003  22.8692  0 23.5738  23.1373  22.9713  22.9969  22.8669  22.9414  0.0774117  0.01722  0.012092  0.0209983  0.0344221  0.102285  
152  23.5152  23.124  22.9822  23  22.9002  22.8692  23.6855  23.1521  22.9822  23  22.9003  22.8692  0 23.7021  23.1498  22.9946  23.0139  22.9145  22.9802  0.0780819  0.0173313  0.012092  0.0209983  0.034422  0.102286  
153  23.5152  23.124  22.9822  23  22.9002  22.8692  23.6573  23.1534  22.9822  23  22.9002  22.8692  0 23.5269  23.136  22.9816  22.984  22.9275  22.9974  0.0762644  0.0173463  0.012092  0.0209983  0.0344216  0.102285  
154  23.5152  23.124  22.9822  23  22.9002  22.8692  23.7813  23.1492  22.9822  23  22.9002  22.8692  0 23.778  23.1269  22.9739  23.0155  22.9458  23.0042  0.0846248  0.0172957  0.0120919  0.0209983  0.0344213  0.102284  
155  23.5152  23.124  22.9822  23  22.9002  22.8692  23.7691  23.1537  22.9822  23  22.9002  22.8692  0 23.735  23.1514  22.9714  23.0159  22.9656  23.0283  0.0837646  0.0173502  0.0120919  0.0209983  0.0344212  0.102289  
156  23.5152  23.124  22.9822  23  22.9002  22.8692  23.7587  23.1482  22.9822  23  22.9002  22.8692  0 23.7645  23.1472  22.9761  23.0035  22.8944  22.8378  0.0830327  0.017284  0.0120918  0.0209983  0.0344211  0.102288  
157  23.5152  23.124  22.9822  23  22.9002  22.8692  23.6553  23.1458  22.9822  23  22.9002  22.8692  0 23.5342  23.1445  22.9684  23.0495  22.8964  22.859  0.0761354  0.0172543  0.012092  0.0209983  0.0344218  0.102286  
158  23.5152  23.124  22.9822  23  22.9002  22.8692  23.716  23.1482  22.9822  23  22.9002  22.8692  0 23.753  23.1352  22.978  22.9601  22.9048  22.9796  0.0801052  0.0172833  0.0120919  0.0209983  0.0344215  0.102288  
159  23.5152  23.124  22.9822  23  22.9002  22.8692  23.7065  23.1514  22.9822  23  22.9003  22.8692  0 23.9027  23.1557  22.9773  23.0002  22.9465  22.8949  0.0794705  0.017323  0.0120921  0.0209983  0.034422  0.102287  
160  23.5152  23.124  22.9822  23  22.9002  22.8692  23.6418  23.1437  22.9822  23  22.9002  22.8692  0 23.4529  23.1645  22.9836  23.0021  22.8927  22.9326  0.0752864  0.0172295  0.012092  0.0209983  0.0344215  0.102287  
161  23.5152  23.124  22.9822  23  22.9002  22.8692  23.6737  23.1577  22.9822  23  22.9002  22.8692  0 23.7858  23.1565  22.9961  23.0379  22.8688  22.7183  0.0773193  0.0173997  0.012092  0.0209983  0.0344218  0.102287  
162  23.5152  23.124  22.9822  23  22.9002  22.8692  23.6524  23.1644  22.9822  23  22.9003  22.8692  0 23.7131  23.133  22.9822  22.9832  22.927  22.889  0.0759551  0.0174807  0.012092  0.0209983  0.0344222  0.102287  
163  23.5152  23.124  22.9822  23  22.9002  22.8692  23.7466  23.1623  22.9822  23  22.9002  22.8692  0 23.7042  23.1469  22.9895  23.022  22.8857  22.8647  0.0821932  0.0174559  0.012092  0.0209983  0.0344217  0.102286  
164  23.5152  23.124  22.9822  23  22.9002  22.8692  23.6622  23.1467  22.9822  23  22.9002  22.8692  0 23.6865  23.1183  22.9876  22.9793  22.926  22.8431  0.0765771  0.0172655  0.0120921  0.0209983  0.0344218  0.102286  
165  23.5152  23.124  22.9822  23  22.9002  22.8692  23.651  23.1462  22.9822  23  22.9002  22.8692  0 23.6381  23.1217  22.9992  23.0079  22.8639  22.779  0.0758644  0.0172591  0.012092  0.0209983  0.0344216  0.102286  
166  23.5152  23.124  22.9822  23  22.9002  22.8692  23.6758  23.1512  22.9822  23  22.9002  22.8692  0 23.7619  23.1648  23.0025  22.989  22.9202  22.7985  0.0774505  0.0173196  0.0120919  0.0209983  0.0344211  0.102286  
167  23.5152  23.124  22.9822  23  22.9002  22.8692  23.7172  23.1426  22.9822  23  22.9003  22.8692  0 23.7133  23.1487  22.9913  22.988  22.8952  23.0839  0.080187  0.0172159  0.012092  0.0209983  0.0344222  0.102285  
168  23.5152  23.124  22.9822  23  22.9002  22.8692  23.6587  23.1454  22.9822  23  22.9002  22.8692  0 23.6782  23.1634  22.9798  23.0168  22.9283  23.0811  0.0763514  0.0172501  0.012092  0.0209983  0.0344216  0.102285  
169  23.5152  23.124  22.9822  23  22.9002  22.8692  23.706  23.1554  22.9822  23  22.9002  22.8692  0 23.7871  23.185  22.9874  23.0057  22.9275  22.8432  0.0794377  0.0173708  0.012092  0.0209983  0.0344215  0.102286  
170  23.5152  23.124  22.9822  23  22.9002  22.8692  23.6651  23.149  22.9822  23  22.9002  22.8692  0 23.5781  23.1656  22.9603  22.965  22.9315  22.8757  0.0767619  0.0172933  0.0120919  0.0209983  0.034421  0.102286  
171  23.5152  23.124  22.9822  23  22.9002  22.8692  23.7119  23.1671  22.9822  23  22.9003  22.8692  0 23.6855  23.1447  22.9884  23.0158  22.9824  22.9944  0.0798296  0.0175148  0.012092  0.0209983  0.0344219  0.102286  
172  23.5152  23.124  22.9822  23  22.9002  22.8692  23.6399  23.1534  22.9822  23  22.9002  22.8692  0 23.6402  23.1506  22.971  23.0229  22.9084  22.8471  0.0751673  0.0173473  0.012092  0.0209983  0.0344215  0.102286  
173  23.5152  23.124  22.9822  23  22.9002  22.8692  23.7331  23.1644  22.9822  23  22.9002  22.8692  0 23.6919  23.1629  22.9678  22.9981  22.9035  22.9451  0.0812624  0.017481  0.0120918  0.0209983  0.0344208  0.102288  
174  23.5152  23.124  22.9822  23  22.9002  22.8692  23.6322  23.1631  22.9822  23  22.9003  22.8692  0 23.5875  23.1455  22.9972  23.0077  22.8709  22.993  0.074686  0.0174651  0.012092  0.0209983  0.0344223  0.102287  
175  23.5152  23.124  22.9822  23  22.9002  22.8692  23.6304  23.1366  22.9822  23  22.9002  22.8692  0 23.4411  23.1575  22.9881  22.9783  22.9051  22.8494  0.0745727  0.0171438  0.012092  0.0209983  0.0344217  0.102286  
176  23.5152  23.124  22.9822  23  22.9002  22.8692  23.7271  23.1444  22.9822  23  22.9002  22.8692  0 23.716  23.1704  22.9584  22.9726  22.8531  22.9299  0.0808569  0.0172372  0.0120919  0.0209983  0.0344211  0.102287  
177  23.5152  23.124  22.9822  23  22.9002  22.8692  23.7028  23.1394  22.9822  23  22.9002  22.8692  0 23.8284  23.1269  23.0089  22.9753  22.8414  22.8481  0.0792206  0.0171777  0.0120919  0.0209983  0.034421  0.102285  
178  23.5152  23.124  22.9822  23  22.9002  22.8692  23.7414  23.155  22.9822  23  22.9003  22.8692  0 23.6462  23.1495  22.9782  23.0104  22.9261  22.9297  0.081829  0.0173667  0.0120921  0.0209983  0.0344223  0.102288  
179  23.5152  23.124  22.9822  23  22.9002  22.8692  23.6387  23.1492  22.9822  23  22.9003  22.8692  0 23.6864  23.1426  22.9996  23.0422  22.8687  22.912  0.0750908  0.0172961  0.012092  0.0209983  0.0344219  0.102287  
180  23.5152  23.124  22.9822  23  22.9002  22.8692  23.8091  23.1718  22.9822  23  22.9002  22.8692  0 23.6935  23.1917  22.9704  22.9852  22.868  23.0696  0.0866341  0.017572  0.0120918  0.0209983  0.0344211  0.102288  
181  23.5152  23.124  22.9822  23  22.9002  22.8692  23.6376  23.1511  22.9822  23  22.9003  22.8692  0 23.6652  23.151  22.9927  22.9953  22.8615  22.7447  0.0750232  0.0173185  0.0120921  0.0209983  0.034422  0.102286  
182  23.5152  23.124  22.9822  23  22.9002  22.8692  23.6135  23.1472  22.9822  23  22.9002  22.8692  0 23.496  23.1233  22.9891  22.9734  22.9368  22.9107  0.0735309  0.0172719  0.0120919  0.0209983  0.0344213  0.102286  
183  23.5152  23.124  22.9822  23  22.9002  22.8692  23.7914  23.1579  22.9822  23  22.9002  22.8692  0 23.8146  23.1622  22.968  23.0098  22.9007  22.8229  0.0853504  0.0174016  0.0120919  0.0209983  0.034421  0.10229  
184  23.5152  23.124  22.9822  23  22.9002  22.8692  23.6852  23.1521  22.9822  23  22.9002  22.8692  0 23.7228  23.1841  23.0022  22.9963  22.94  22.7817  0.0780624  0.0173305  0.0120919  0.0209983  0.0344214  0.102287  
185  23.5152  23.124  22.9822  23  22.9002  22.8692  23.6623  23.1725  22.9822  23  22.9003  22.8692  0 23.8457  23.2028  22.9917  23.0023  22.9532  22.8909  0.0765824  0.0175813  0.012092  0.0209983  0.034422  0.102286  
186  23.5152  23.124  22.9822  23  22.9002  22.8692  23.6411  23.1463  22.9822  23  22.9002  22.8692  0 23.6804  23.1888  22.9762  23.006  22.9368  22.8513  0.0752412  0.0172607  0.012092  0.0209983  0.0344213  0.102288  
187  23.5152  23.124  22.9822  23  22.9002  22.8692  23.7013  23.1766  22.9822  23  22.9002  22.8692  0 23.6245  23.2019  22.9888  23.0421  22.8875  22.7942  0.0791211  0.0176324  0.012092  0.0209983  0.0344218  0.102289  
188  23.5152  23.124  22.9822  23  22.9002  22.8692  23.6871  23.1473  22.9822  23  22.9002  22.8692  0 23.7117  23.147  22.9928  22.9857  22.8591  22.8294  0.0781887  0.0172726  0.012092  0.0209983  0.0344214  0.102286  
189  23.5152  23.124  22.9822  23  22.9002  22.8692  23.6866  23.1769  22.9822  23  22.9002  22.8692  0 23.6113  23.1792  22.9815  23.0393  22.8811  22.8539  0.0781566  0.0176358  0.0120918  0.0209983  0.0344213  0.102289  
190  23.5152  23.124  22.9822  23  22.9002  22.8692  23.6773  23.1497  22.9822  23  22.9003  22.8692  0 23.6081  23.1473  22.973  22.9749  22.9289  22.9071  0.0775498  0.0173015  0.012092  0.0209983  0.0344219  0.102287  
191  23.5152  23.124  22.9822  23  22.9002  22.8692  23.6982  23.1496  22.9822  23  22.9003  22.8692  0 23.7233  23.1539  22.9786  23.0238  22.9022  22.862  0.0789163  0.0173012  0.0120921  0.0209983  0.0344218  0.102287  
192  23.5152  23.124  22.9822  23  22.9002  22.8692  23.7625  23.1488  22.9822  23  22.9002  22.8692  0 23.9088  23.1596  22.9778  22.9621  22.9128  23.0097  0.0832999  0.017291  0.012092  0.0209983  0.0344215  0.102285  
193  23.5152  23.124  22.9822  23  22.9002  22.8692  23.7913  23.1486  22.9822  23  22.9002  22.8692  0 23.8499  23.2146  23.0158  23.0132  22.943  22.8381  0.0853433  0.0172885  0.0120919  0.0209983  0.0344212  0.102285  
194  23.5152  23.124  22.9822  23  22.9002  22.8692  23.6937  23.1501  22.9822  23  22.9002  22.8692  0 23.705  23.1613  22.9589  22.9723  22.8368  22.8379  0.078619  0.0173062  0.012092  0.0209983  0.0344218  0.102287  
195  23.5152  23.124  22.9822  23  22.9002  22.8692  23.7243  23.15  22.9822  23  22.9002  22.8692  0 23.7269  23.1556  22.9653  22.9856  22.8914  22.9117  0.080667  0.0173057  0.012092  0.0209983  0.0344215  0.102285  
196  23.5152  23.124  22.9822  23  22.9002  22.8692  23.6329  23.1621  22.9822  23  22.9002  22.8692  0 23.6191  23.1519  22.9878  22.9909  22.9036  22.6851  0.0747265  0.0174528  0.012092  0.0209983  0.0344217  0.102286  
197  23.5152  23.124  22.9822  23  22.9002  22.8692  23.7222  23.1456  22.9822  23  22.9002  22.8692  0 23.6638  23.1369  22.9782  22.9887  22.9425  22.9169  0.0805243  0.0172527  0.0120919  0.0209983  0.0344213  0.102288  
198  23.5152  23.124  22.9822  23  22.9002  22.8692  23.6737  23.1525  22.9822  23  22.9002  22.8692  0 23.7335  23.1549  23.0063  23.0304  22.9149  22.9368  0.0773174  0.0173361  0.012092  0.0209983  0.0344217  0.102287  
199  23.5152  23.124  22.9822  23  22.9002  22.8692  23.7199  23.1475  22.9822  23  22.9002  22.8692  0 23.7491  23.1477  22.9635  23.0226  22.8363  22.9344  0.0803684  0.0172753  0.0120921  0.0209983  0.0344218  0.102285  
200  23.5152  23.124  22.9822  23  22.9002  22.8692  23.7195  23.1426  22.9822  23  22.9002  22.8692  0 23.8437  23.1579  23.0142  22.9922  22.847  22.8778  0.0803419  0.0172157  0.012092  0.0209983  0.0344218  0.102285  
