1  23.439  23.1222  23.0466  23  22.9422  22.933  23.5872  23.1223  23.0466  23  22.9422  22.933  0 23.5124  23.1076  23.0439  22.9817  22.9638  22.9602  0.0719404  0.0169739  0.0126768  0.0209983  0.0357699  0.108477  
2  23.439  23.1222  23.0466  23  22.9422  22.933  23.5703  23.1225  23.0466  23  22.9422  22.933  0 23.5881  23.1196  23.0369  22.9992  22.9305  22.8834  0.070938  0.0169756  0.0126768  0.0209983  0.0357701  0.108476  
3  23.439  23.1222  23.0466  23  22.9422  22.933  23.5856  23.1223  23.0466  23  22.9422  22.933  0 23.5359  23.0985  23.0535  23.0205  22.9375  22.8312  0.0718461  0.0169737  0.0126768  0.0209983  0.03577  0.108477  
4  23.439  23.1222  23.0466  23  22.9422  22.933  23.5447  23.1225  23.0466  23  22.9422  22.933  0 23.5482  23.1122  23.0478  23.0015  22.9596  22.8967  0.0694499  0.016976  0.0126768  0.0209983  0.0357695  0.108477  
5  23.439  23.1222  23.0466  23  22.9422  22.933  23.5376  23.1223  23.0466  23  22.9422  22.933  0 23.5478  23.1153  23.0547  23.0027  22.9688  23.0244  0.0690416  0.0169739  0.0126768  0.0209983  0.0357699  0.108477  
6  23.439  23.1222  23.0466  23  22.9422  22.933  23.5456  23.1223  23.0466  23  22.9422  22.933  0 23.5561  23.1205  23.0433  23.0223  22.9111  23.1135  0.0695024  0.0169734  0.0126768  0.0209983  0.0357701  0.108477  
7  23.439  23.1222  23.0466  23  22.9422  22.933  23.65  23.1224  23.0466  23  22.9422  22.933  0 23.4959  23.1471  23.042  23.0105  22.9643  22.9326  0.0757996  0.0169744  0.0126768  0.0209983  0.0357699  0.108477  
8  23.439  23.1222  23.0466  23  22.9422  22.933  23.6127  23.1223  23.0466  23  22.9422  22.933  0 23.7437  23.1234  23.0399  22.9938  22.9864  22.9994  0.0734846  0.0169739  0.0126768  0.0209983  0.0357709  0.108477  
9  23.439  23.1222  23.0466  23  22.9422  22.933  23.6221  23.1227  23.0465  23  22.9422  22.933  0 23.5391  23.1357  23.0528  23.0203  22.9163  23.0443  0.0740576  0.0169786  0.0126767  0.0209983  0.0357697  0.108476  
10  23.439  23.1222  23.0466  23  22.9422  22.933  23.6473  23.1224  23.0466  23  22.9422  22.933  0 23.5853  23.1281  23.0358  22.9843  22.951  22.9627  0.0756289  0.0169744  0.0126768  0.0209983  0.0357697  0.108476  
11  23.439  23.1222  23.0466  23  22.9422  22.933  23.5489  23.1228  23.0465  23  22.9422  22.933  0 23.6444  23.1305  23.0553  22.9729  22.972  23.1172  0.069693  0.0169797  0.0126767  0.0209983  0.0357692  0.108477  
12  23.439  23.1222  23.0466  23  22.9422  22.933  23.6426  23.1226  23.0466  23  22.9422  22.933  0 23.8068  23.1283  23.0432  23.0032  22.9688  22.8078  0.0753344  0.0169773  0.0126767  0.0209983  0.0357695  0.108476  
13  23.439  23.1222  23.0466  23  22.9422  22.933  23.5459  23.1223  23.0466  23  22.9422  22.933  0 23.5683  23.0861  23.0585  22.9928  22.9755  23.0518  0.0695187  0.0169735  0.0126768  0.0209983  0.0357697  0.108477  
14  23.439  23.1222  23.0466  23  22.9422  22.933  23.6075  23.1223  23.0466  23  22.9422  22.933  0 23.6977  23.1069  23.0449  22.9896  22.9279  22.9903  0.0731669  0.0169741  0.0126768  0.0209983  0.0357699  0.108477  
15  23.439  23.1222  23.0466  23  22.9422  22.933  23.6925  23.1231  23.0465  23  22.9422  22.933  0 23.8332  23.1014  23.0574  23.0255  22.945  23.111  0.0785414  0.0169836  0.0126766  0.0209983  0.0357694  0.108477  
16  23.439  23.1222  23.0466  23  22.9422  22.933  23.5949  23.1223  23.0466  23  22.9422  22.933  0 23.7585  23.1182  23.0629  23.0113  22.8494  22.9259  0.0724041  0.0169741  0.0126768  0.0209983  0.0357698  0.108477  
17  23.439  23.1222  23.0466  23  22.9422  22.933  23.558  23.123  23.0465  23  22.9421  22.933  0 23.5277  23.1453  23.0302  22.9702  22.9739  22.9819  0.0702199  0.0169818  0.0126766  0.0209983  0.035769  0.108476  
18  23.439  23.1222  23.0466  23  22.9422  22.933  23.5607  23.1223  23.0466  23  22.9422  22.933  0 23.6566  23.1194  23.0269  23.0013  22.9118  22.9719  0.0703737  0.0169731  0.0126768  0.0209983  0.0357701  0.108477  
19  23.439  23.1222  23.0466  23  22.9422  22.933  23.5753  23.1223  23.0466  23  22.9422  22.933  0 23.7058  23.1207  23.0606  23.0111  22.929  22.85  0.0712334  0.016974  0.0126768  0.0209983  0.0357697  0.108477  
20  23.439  23.1222  23.0466  23  22.9422  22.933  23.5832  23.1224  23.0466  23  22.9422  22.933  0 23.6142  23.1291  23.0367  22.9971  22.8436  22.7825  0.071699  0.0169749  0.0126768  0.0209983  0.0357698  0.108477  
21  23.439  23.1222  23.0466  23  22.9422  22.933  23.5407  23.1223  23.0466  23  22.9422  22.933  0 23.5014  23.1406  23.0662  23.0133  22.9381  23.0812  0.0692221  0.0169733  0.0126768  0.0209983  0.0357701  0.108477  
22  23.439  23.1222  23.0466  23  22.9422  22.933  23.5548  23.1227  23.0466  23  22.9422  22.933  0 23.5657  23.1312  23.0535  23.009  22.9972  22.8717  0.0700358  0.0169785  0.0126767  0.0209983  0.0357693  0.108477  
23  23.439  23.1222  23.0466  23  22.9422  22.933  23.5548  23.1223  23.0466  23  22.9422  22.933  0 23.5196  23.1153  23.0566  22.9838  22.9366  23.1517  0.0700359  0.0169738  0.0126768  0.0209983  0.0357701  0.108477  
24  23.439  23.1222  23.0466  23  22.9422  22.933  23.6159  23.1224  23.0466  23  22.9422  22.933  0 23.6112  23.1103  23.0435  22.9812  22.9576  22.8616  0.0736779  0.0169748  0.0126767  0.0209983  0.0357701  0.108476  
25  23.439  23.1222  23.0466  23  22.9422  22.933  23.5185  23.1223  23.0466  23  22.9422  22.933  0 23.5327  23.1102  23.0756  22.9948  22.8789  22.9011  0.0679611  0.0169739  0.0126768  0.0209983  0.0357698  0.108477  
26  23.439  23.1222  23.0466  23  22.9422  22.933  23.5555  23.123  23.0465  23  22.9422  22.933  0 23.5415  23.1204  23.0472  23.0302  22.9259  22.9206  0.0700749  0.0169813  0.0126766  0.0209983  0.0357692  0.108477  
27  23.439  23.1222  23.0466  23  22.9422  22.933  23.5263  23.1223  23.0466  23  22.9422  22.933  0 23.5522  23.1601  23.0464  23.0267  22.9586  22.755  0.0684005  0.0169731  0.0126768  0.0209983  0.0357697  0.108477  
28  23.439  23.1222  23.0466  23  22.9422  22.933  23.627  23.1226  23.0466  23  22.9422  22.933  0 23.6123  23.1329  23.0463  22.9583  22.9233  22.8812  0.0743648  0.016977  0.0126767  0.0209983  0.0357696  0.108477  
29  23.439  23.1222  23.0466  23  22.9422  22.933  23.6271  23.1223  23.0466  23  22.9422  22.933  0 23.6171  23.1246  23.0476  23.0108  22.8697  22.9911  0.0743696  0.0169733  0.0126768  0.0209983  0.0357705  0.108477  
30  23.439  23.1222  23.0466  23  22.9422  22.933  23.5421  23.1225  23.0466  23  22.9422  22.933  0 23.6061  23.1191  23.0414  22.9738  22.9404  23.0389  0.0693005  0.0169758  0.0126768  0.0209983  0.0357696  0.108477  
31  23.439  23.1222  23.0466  23  22.9422  22.933  23.5474  23.1223  23.0466  23  22.9422  22.933  0 23.4927  23.1137  23.0651  22.9874  23.0156  22.6971  0.0696043  0.0169732  0.0126768  0.0209983  0.0357704  0.108477  
32  23.439  23.1222  23.0466  23  22.9422  22.933  23.5489  23.1223  23.0466  23  22.9422  22.933  0 23.5604  23.0928  23.0551  22.9826  22.8914  22.9216  0.0696945  0.0169735  0.0126768  0.0209983  0.0357704  0.108477  
33  23.439  23.1222  23.0466  23  22.9422  22.933  23.5651  23.1224  23.0466  23  22.9422  22.933  0 23.5598  23.1379  23.0467  23.0667  23.0006  23.0732  0.070632  0.0169749  0.0126768  0.0209983  0.0357697  0.108477  
34  23.439  23.1222  23.0466  23  22.9422  22.933  23.6093  23.1223  23.0466  23  22.9422  22.933  0 23.5198  23.1176  23.036  22.9884  22.95  23.1086  0.0732739  0.0169733  0.0126768  0.0209983  0.0357702  0.108477  
35  23.439  23.1222  23.0466  23  22.9422  22.933  23.5097  23.1223  23.0466  23  22.9422  22.933  0 23.566  23.1113  23.035  22.9848  22.924  22.7311  0.0674699  0.0169731  0.0126768  0.0209983  0.0357697  0.108477  
36  23.439  23.1222  23.0466  23  22.9422  22.933  23.5159  23.1223  23.0466  23  22.9422  22.933  0 23.5434  23.1045  23.0298  22.9771  22.9819  23.1104  0.0678172  0.0169737  0.0126768  0.0209983  0.0357696  0.108477  
37  23.439  23.1222  23.0466  23  22.9422  22.933  23.5162  23.1224  23.0466  23  22.9422  22.933  0 23.5921  23.124  23.0505  22.9651  22.9401  22.8483  0.0678356  0.016975  0.0126768  0.0209983  0.0357695  0.108477  
38  23.439  23.1222  23.0466  23  22.9422  22.933  23.5627  23.1222  23.0466  23  22.9422  22.933  0 23.642  23.1249  23.0512  23.0127  22.9573  22.8448  0.070495  0.0169729  0.0126768  0.0209983  0.0357699  0.108477  
39  23.439  23.1222  23.0466  23  22.9422  22.933  23.6112  23.1222  23.0466  23  22.9422  22.933  0 23.5041  23.1249  23.0389  23.0527  22.8679  23.1078  0.0733919  0.016973  0.0126768  0.0209983  0.0357701  0.108477  
40  23.439  23.1222  23.0466  23  22.9422  22.933  23.5716  23.1223  23.0466  23  22.9422  22.933  0 23.6694  23.129  23.0378  23.0141  22.9812  22.9415  0.0710141  0.0169738  0.0126768  0.0209983  0.0357699  0.108477  
41  23.439  23.1222  23.0466  23  22.9422  22.933  23.5975  23.1225  23.0466  23  22.9422  22.933  0 23.5195  23.118  23.0224  23.0304  22.8614  23.0072  0.0725567  0.0169756  0.0126768  0.0209983  0.0357697  0.108477  
42  23.439  23.1222  23.0466  23  22.9422  22.933  23.518  23.1223  23.0466  23  22.9422  22.933  0 23.5376  23.1148  23.0439  22.989  22.9864  22.9232  0.0679352  0.0169741  0.0126768  0.0209983  0.0357696  0.108477  
43  23.439  23.1222  23.0466  23  22.9422  22.933  23.5629  23.1225  23.0466  23  22.9422  22.933  0 23.4392  23.1048  23.0682  23.0171  22.9659  22.8552  0.0705062  0.0169763  0.0126767  0.0209983  0.0357698  0.108477  
44  23.439  23.1222  23.0466  23  22.9422  22.933  23.7184  23.1226  23.0466  23  22.9422  22.933  0 23.7526  23.1268  23.0399  23.022  22.9598  22.8586  0.0802682  0.0169775  0.0126767  0.0209983  0.0357703  0.108477  
45  23.439  23.1222  23.0466  23  22.9422  22.933  23.6206  23.1223  23.0466  23  22.9422  22.933  0 23.7586  23.1221  23.0532  23.0248  22.9389  22.8678  0.0739668  0.0169739  0.0126768  0.0209983  0.0357705  0.108477  
46  23.439  23.1222  23.0466  23  22.9422  22.933  23.59  23.1222  23.0466  23  22.9422  22.933  0 23.5509  23.0983  23.0238  22.9592  22.9094  22.812  0.072106  0.016973  0.0126768  0.0209983  0.0357701  0.108477  
47  23.439  23.1222  23.0466  23  22.9422  22.933  23.5764  23.1223  23.0466  23  22.9422  22.933  0 23.7519  23.1301  23.0394  23.0065  22.8825  22.921  0.0713004  0.0169738  0.0126768  0.0209983  0.0357698  0.108477  
48  23.439  23.1222  23.0466  23  22.9422  22.933  23.608  23.1223  23.0466  23  22.9422  22.933  0 23.6195  23.1186  23.0588  22.9974  22.9168  23.163  0.0731921  0.0169739  0.0126768  0.0209983  0.0357702  0.108477  
49  23.439  23.1222  23.0466  23  22.9422  22.933  23.547  23.1225  23.0466  23  22.9422  22.933  0 23.557  23.1092  23.0612  22.9938  22.9745  22.8774  0.0695839  0.0169761  0.0126768  0.0209983  0.0357696  0.108477  
50  23.439  23.1222  23.0466  23  22.9422  22.933  23.5401  23.1223  23.0466  23  22.9422  22.933  0 23.5203  23.1115  23.0217  22.9519  22.9387  22.9379  0.0691868  0.0169734  0.0126768  0.0209983  0.0357698  0.108477  
51  23.439  23.1222  23.0466  23  22.9422  22.933  23.5885  23.1223  23.0466  23  22.9422  22.933  0 23.5759  23.1257  23.0366  22.986  22.9554  23.0012  0.0720204  0.0169736  0.0126768  0.0209983  0.0357697  0.108477  
52  23.439  23.1222  23.0466  23  22.9422  22.933  23.5723  23.1227  23.0465  23  22.9422  22.933  0 23.5886  23.1136  23.0497  22.9919  22.8889  22.8589  0.0710565  0.0169787  0.0126767  0.0209983  0.0357699  0.108477  
53  23.439  23.1222  23.0466  23  22.9422  22.933  23.5345  23.1224  23.0466  23  22.9422  22.933  0 23.4083  23.1254  23.0672  22.9849  22.9676  22.8343  0.0688674  0.016975  0.0126768  0.0209983  0.0357697  0.108477  
54  23.439  23.1222  23.0466  23  22.9422  22.933  23.5465  23.1223  23.0466  23  22.9422  22.933  0 23.4354  23.095  23.0476  23.017  23.0368  23.012  0.0695509  0.0169738  0.0126768  0.0209983  0.0357696  0.108477  
55  23.439  23.1222  23.0466  23  22.9422  22.933  23.5064  23.1223  23.0466  23  22.9422  22.933  0 23.5533  23.1057  23.0481  22.9874  22.9346  22.8577  0.0672877  0.016974  0.0126768  0.0209983  0.0357698  0.108477  
56  23.439  23.1222  23.0466  23  22.9422  22.933  23.6556  23.123  23.0465  23  22.9421  22.933  0 23.6305  23.1493  23.046  22.9953  22.9629  22.7858  0.0761545  0.0169825  0.0126766  0.0209983  0.035769  0.108476  
57  23.439  23.1222  23.0466  23  22.9422  22.933  23.5968  23.1223  23.0466  23  22.9422  22.933  0 23.58  23.1259  23.0654  23.0119  22.9522  22.874  0.072514  0.0169732  0.0126768  0.0209983  0.0357705  0.108477  
58  23.439  23.1222  23.0466  23  22.9422  22.933  23.5895  23.1223  23.0466  23  22.9422  22.933  0 23.4946  23.1643  23.0484  23.0014  22.93  22.9364  0.0720753  0.0169739  0.0126768  0.0209983  0.0357697  0.108477  
59  23.439  23.1222  23.0466  23  22.9422  22.933  23.5776  23.1226  23.0466  23  22.9422  22.933  0 23.4661  23.1074  23.0617  22.9756  22.9646  22.9587  0.0713702  0.0169771  0.0126767  0.0209983  0.0357694  0.108477  
60  23.439  23.1222  23.0466  23  22.9422  22.933  23.5518  23.1223  23.0466  23  22.9422  22.933  0 23.3603  23.1417  23.0518  23.0115  22.9164  22.9503  0.0698609  0.0169742  0.0126768  0.0209983  0.0357697  0.108477  
61  23.439  23.1222  23.0466  23  22.9422  22.933  23.5948  23.1222  23.0466  23  22.9422  22.933  0 23.5699  23.097  23.0386  23.0319  22.9114  22.88  0.0723949  0.0169729  0.0126768  0.0209983  0.0357704  0.108477  
62  23.439  23.1222  23.0466  23  22.9422  22.933  23.6022  23.1228  23.0465  23  22.9422  22.933  0 23.6123  23.1208  23.0623  22.9921  22.8734  23.0823  0.0728404  0.0169797  0.0126767  0.0209983  0.0357692  0.108477  
63  23.439  23.1222  23.0466  23  22.9422  22.933  23.6396  23.1223  23.0466  23  22.9422  22.933  0 23.5534  23.0918  23.039  22.985  22.9052  22.8303  0.0751498  0.0169737  0.0126768  0.0209983  0.0357696  0.108477  
64  23.439  23.1222  23.0466  23  22.9422  22.933  23.5541  23.1224  23.0466  23  22.9422  22.933  0 23.6174  23.118  23.0652  23.0155  23.0402  22.9105  0.0699916  0.0169744  0.0126768  0.0209983  0.0357696  0.108477  
65  23.439  23.1222  23.0466  23  22.9422  22.933  23.7199  23.1223  23.0466  23  22.9422  22.933  0 23.7661  23.1345  23.0491  22.9878  22.9179  22.9161  0.0803671  0.0169739  0.0126768  0.0209983  0.0357706  0.108477  
66  23.439  23.1222  23.0466  23  22.9422  22.933  23.5463  23.1223  23.0466  23  22.9422  22.933  0 23.5447  23.1531  23.0584  23.0354  22.9382  22.832  0.0695403  0.0169742  0.0126768  0.0209983  0.0357697  0.108477  
67  23.439  23.1222  23.0466  23  22.9422  22.933  23.5495  23.1223  23.0466  23  22.9422  22.933  0 23.5412  23.1119  23.035  23.0401  22.9604  22.9942  0.0697284  0.0169731  0.0126768  0.0209983  0.03577  0.108477  
68  23.439  23.1222  23.0466  23  22.9422  22.933  23.5747  23.1227  23.0466  23  22.9422  22.933  0 23.6341  23.1077  23.048  23.0029  22.9673  22.9557  0.0711958  0.0169778  0.0126767  0.0209983  0.0357695  0.108477  
69  23.439  23.1222  23.0466  23  22.9422  22.933  23.5902  23.1224  23.0466  23  22.9422  22.933  0 23.7329  23.1229  23.0487  23.0185  22.9641  22.8981  0.0721198  0.0169745  0.0126768  0.0209983  0.0357696  0.108477  
70  23.439  23.1222  23.0466  23  22.9422  22.933  23.5246  23.1225  23.0466  23  22.9422  22.933  0 23.4911  23.1567  23.0219  23.0114  22.896  23.1123  0.0683032  0.0169763  0.0126767  0.0209983  0.0357696  0.108477  
71  23.439  23.1222  23.0466  23  22.9422  22.933  23.6211  23.1224  23.0466  23  22.9422  22.933  0 23.5588  23.1126  23.0342  23.0206  22.8958  22.9698  0.0739983  0.0169748  0.0126768  0.0209983  0.03577  0.108477  
72  23.439  23.1222  23.0466  23  22.9422  22.933  23.5515  23.1225  23.0466  23  22.9422  22.933  0 23.6229  23.1247  23.0453  22.9797  22.9818  23.1149  0.0698425  0.0169762  0.0126767  0.0209983  0.0357698  0.108477  
73  23.439  23.1222  23.0466  23  22.9422  22.933  23.5629  23.1223  23.0466  23  22.9422  22.933  0 23.5476  23.1158  23.0278  23.0085  22.9328  23.0065  0.0705043  0.016974  0.0126768  0.0209983  0.0357698  0.108477  
74  23.439  23.1222  23.0466  23  22.9422  22.933  23.6046  23.1223  23.0466  23  22.9422  22.933  0 23.5558  23.0788  23.0415  23.0229  22.9107  22.912  0.0729904  0.0169733  0.0126768  0.0209983  0.0357698  0.108477  
75  23.439  23.1222  23.0466  23  22.9422  22.933  23.6164  23.1224  23.0466  23  22.9422  22.933  0 23.5662  23.103  23.068  22.9977  22.9575  23.0199  0.0737078  0.0169747  0.0126768  0.0209983  0.0357701  0.108477  
76  23.439  23.1222  23.0466  23  22.9422  22.933  23.5488  23.1224  23.0466  23  22.9422  22.933  0 23.561  23.0881  23.0606  23.0016  22.9833  22.8241  0.0696864  0.0169747  0.0126768  0.0209983  0.0357698  0.108477  
77  23.439  23.1222  23.0466  23  22.9422  22.933  23.6004  23.1223  23.0466  23  22.9422  22.933  0 23.6382  23.1315  23.0485  22.9899  22.9339  22.8283  0.0727335  0.0169733  0.0126768  0.0209983  0.0357698  0.108477  
78  23.439  23.1222  23.0466  23  22.9422  22.933  23.5498  23.1228  23.0465  23  22.9422  22.933  0 23.5682  23.1125  23.0287  23.0017  22.9483  22.7886  0.0697464  0.0169798  0.0126767  0.0209983  0.0357693  0.108477  
79  23.439  23.1222  23.0466  23  22.9422  22.933  23.6581  23.1223  23.0466  23  22.9422  22.933  0 23.6388  23.1007  23.038  22.9688  22.9876  22.7808  0.0763132  0.0169731  0.0126768  0.0209983  0.03577  0.108477  
80  23.439  23.1222  23.0466  23  22.9422  22.933  23.5186  23.1223  23.0466  23  22.9422  22.933  0 23.5314  23.1125  23.0266  23.0022  22.9139  22.8648  0.067966  0.0169736  0.0126768  0.0209983  0.0357697  0.108477  
81  23.439  23.1222  23.0466  23  22.9422  22.933  23.5289  23.1224  23.0466  23  22.9422  22.933  0 23.6094  23.1236  23.0413  22.9788  22.951  22.9353  0.0685514  0.0169744  0.0126768  0.0209983  0.0357696  0.108477  
82  23.439  23.1222  23.0466  23  22.9422  22.933  23.5463  23.1225  23.0466  23  22.9422  22.933  0 23.4916  23.1146  23.0344  22.9574  22.9417  23.0814  0.0695395  0.0169762  0.0126768  0.0209983  0.0357696  0.108477  
83  23.439  23.1222  23.0466  23  22.9422  22.933  23.5159  23.1222  23.0466  23  22.9422  22.933  0 23.5973  23.1307  23.0373  22.9962  22.9845  22.8497  0.0678184  0.0169729  0.0126768  0.0209983  0.0357698  0.108477  
84  23.439  23.1222  23.0466  23  22.9422  22.933  23.5347  23.1223  23.0466  23  22.9422  22.933  0 23.5324  23.15  23.0532  22.9716  22.9144  22.9446  0.0688763  0.0169734  0.0126768  0.0209983  0.03577  0.108477  
85  23.439  23.1222  23.0466  23  22.9422  22.933  23.5137  23.1223  23.0466  23  22.9422  22.933  0 23.4087  23.135  23.039  22.9921  22.9137  22.9859  0.0676914  0.016974  0.0126768  0.0209983  0.0357697  0.108477  
86  23.439  23.1222  23.0466  23  22.9422  22.933  23.5686  23.1223  23.0466  23  22.9422  22.933  0 23.5532  23.1295  23.0523  23.0092  22.9932  22.9795  0.0708382  0.016974  0.0126768  0.0209983  0.0357698  0.108477  
87  23.439  23.1222  23.0466  23  22.9422  22.933  23.5149  23.1225  23.0466  23  22.9422  22.933  0 23.4573  23.1388  23.053  22.9793  22.8857  23.0648  0.0677584  0.0169763  0.0126767  0.0209983  0.0357694  0.108477  
88  23.439  23.1222  23.0466  23  22.9422  22.933  23.5838  23.1223  23.0466  23  22.9422  22.933  0 23.6543  23.1005  23.029  23.0247  22.991  23.028  0.0717361  0.0169734  0.0126768  0.0209983  0.0357704  0.108477  
89  23.439  23.1222  23.0466  23  22.9422  22.933  23.5097  23.1223  23.0466  23  22.9422  22.933  0 23.5778  23.1329  23.025  23.0449  22.9565  22.8377  0.0674691  0.0169737  0.0126768  0.0209983  0.0357696  0.108477  
90  23.439  23.1222  23.0466  23  22.9422  22.933  23.6311  23.1229  23.0465  23  22.9421  22.933  0 23.603  23.1463  23.068  23.0243  22.9293  22.8835  0.074615  0.0169808  0.0126767  0.0209983  0.0357691  0.108477  
91  23.439  23.1222  23.0466  23  22.9422  22.933  23.5885  23.1223  23.0466  23  22.9422  22.933  0 23.6247  23.1449  23.0598  23.0048  22.9663  22.903  0.0720159  0.0169731  0.0126768  0.0209983  0.0357701  0.108477  
92  23.439  23.1222  23.0466  23  22.9422  22.933  23.5151  23.1223  23.0466  23  22.9422  22.933  0 23.4132  23.0943  23.0525  23.0305  22.9419  22.9292  0.0677691  0.0169733  0.0126768  0.0209983  0.03577  0.108477  
93  23.439  23.1222  23.0466  23  22.9422  22.933  23.5775  23.1225  23.0466  23  22.9422  22.933  0 23.6305  23.1068  23.0542  22.9616  22.9311  22.8388  0.0713608  0.0169756  0.0126768  0.0209983  0.0357695  0.108477  
94  23.439  23.1222  23.0466  23  22.9422  22.933  23.5742  23.1225  23.0466  23  22.9422  22.933  0 23.5149  23.1485  23.0432  22.943  22.9414  22.7974  0.0711664  0.0169756  0.0126768  0.0209983  0.0357698  0.108477  
95  23.439  23.1222  23.0466  23  22.9422  22.933  23.5241  23.1223  23.0466  23  22.9422  22.933  0 23.5537  23.1206  23.0665  22.9988  23.021  22.7697  0.0682772  0.0169731  0.0126768  0.0209983  0.0357697  0.108477  
96  23.439  23.1222  23.0466  23  22.9422  22.933  23.5663  23.1225  23.0466  23  22.9422  22.933  0 23.509  23.1504  23.0282  23.0296  22.9343  22.8716  0.0707049  0.0169754  0.0126768  0.0209983  0.03577  0.108477  
97  23.439  23.1222  23.0466  23  22.9422  22.933  23.5568  23.1222  23.0466  23  22.9422  22.933  0 23.4695  23.0954  23.0485  22.9773  22.9813  22.9857  0.0701486  0.016973  0.0126768  0.0209983  0.0357702  0.108477  
98  23.439  23.1222  23.0466  23  22.9422  22.933  23.5918  23.1227  23.0466  23  22.9422  22.933  0 23.5899  23.1119  23.0265  22.9791  22.9466  22.8648  0.0722176  0.0169787  0.0126767  0.0209983  0.0357697  0.108477  
99  23.439  23.1222  23.0466  23  22.9422  22.933  23.5584  23.1223  23.0466  23  22.9422  22.933  0 23.5915  23.1273  23.0321  22.9924  22.9198  23.0251  0.0702434  0.0169737  0.0126768  0.0209983  0.03577  0.108477  
100  23.439  23.1222  23.0466  23  22.9422  22.933  23.5348  23.1223  23.0466  23  22.9422  22.933  0 23.4538  23.1303  23.0447  22.9799  22.9233  23.1021  0.0688852  0.0169736  0.0126768  0.0209983  0.0357697  0.108477  
