1  23.4612  23.1228  23.0177  23  22.9229  22.9246  23.5667  23.1276  23.0177  23  22.9229  22.9246  0 23.4931  23.1128  23.015  22.9817  22.9441  22.9516  0.0707258  0.0170361  0.0124101  0.0209983  0.035144  0.107642  
2  23.4612  23.1228  23.0177  23  22.9229  22.9246  23.5735  23.1265  23.0177  23  22.9229  22.9246  0 23.5914  23.1236  23.0082  22.9992  22.9114  22.8754  0.0711287  0.0170235  0.0124102  0.0209983  0.0351443  0.107642  
3  23.4612  23.1228  23.0177  23  22.9229  22.9246  23.6697  23.1258  23.0177  23  22.9229  22.9246  0 23.6165  23.1019  23.0244  23.0205  22.9183  22.8235  0.0770586  0.0170152  0.0124101  0.0209983  0.035144  0.107642  
4  23.4612  23.1228  23.0177  23  22.9229  22.9246  23.6302  23.1254  23.0177  23  22.9229  22.9246  0 23.634  23.1151  23.0189  23.0015  22.9401  22.8886  0.0745614  0.0170099  0.0124102  0.0209983  0.0351445  0.107642  
5  23.4612  23.1228  23.0177  23  22.9229  22.9246  23.6117  23.1254  23.0177  23  22.9229  22.9246  0 23.6225  23.1184  23.0256  23.0027  22.949  23.0153  0.0734177  0.0170101  0.0124101  0.0209983  0.0351443  0.107644  
6  23.4612  23.1228  23.0177  23  22.9229  22.9246  23.5769  23.1254  23.0177  23  22.9229  22.9246  0 23.5876  23.1236  23.0145  23.0223  22.8923  23.1036  0.071326  0.0170101  0.0124101  0.0209983  0.035144  0.107642  
7  23.4612  23.1228  23.0177  23  22.9229  22.9246  23.6132  23.1293  23.0177  23  22.9229  22.9246  0 23.4635  23.1541  23.0132  23.0105  22.9446  22.9242  0.0735141  0.0170567  0.0124101  0.0209983  0.0351441  0.107642  
8  23.4612  23.1228  23.0177  23  22.9229  22.9246  23.5575  23.1252  23.0177  23  22.9229  22.9246  0 23.6823  23.1262  23.0112  22.9938  22.9663  22.9905  0.0701929  0.0170077  0.0124101  0.0209983  0.0351439  0.107643  
9  23.4612  23.1228  23.0177  23  22.9229  22.9246  23.6224  23.1239  23.0177  23  22.9229  22.9246  0 23.5394  23.1369  23.0238  23.0203  22.8975  23.035  0.0740754  0.0169929  0.0124102  0.0209983  0.0351447  0.107643  
10  23.4612  23.1228  23.0177  23  22.9229  22.9246  23.5352  23.1235  23.0177  23  22.9229  22.9246  0 23.4786  23.1293  23.0071  22.9843  22.9316  22.9541  0.0689073  0.0169877  0.0124102  0.0209983  0.0351444  0.107642  
11  23.4612  23.1228  23.0177  23  22.9229  22.9246  23.6094  23.1244  23.0177  23  22.9229  22.9246  0 23.7101  23.1321  23.0262  22.9729  22.9522  23.1072  0.0732824  0.0169979  0.0124102  0.0209983  0.0351442  0.107643  
12  23.4612  23.1228  23.0177  23  22.9229  22.9246  23.7439  23.1274  23.0177  23  22.9229  22.9246  0 23.9239  23.1331  23.0144  23.0032  22.9491  22.8003  0.0820014  0.0170338  0.0124102  0.0209983  0.0351442  0.107642  
13  23.4612  23.1228  23.0177  23  22.9229  22.9246  23.641  23.1311  23.0177  23  22.9229  22.9246  0 23.6653  23.0948  23.0294  22.9928  22.9556  23.0424  0.075236  0.0170786  0.0124102  0.0209983  0.0351442  0.107642  
14  23.4612  23.1228  23.0177  23  22.9229  22.9246  23.6175  23.1251  23.0177  23  22.9229  22.9246  0 23.7085  23.1097  23.0161  22.9896  22.9089  22.9815  0.0737744  0.017007  0.0124101  0.0209983  0.0351437  0.107643  
15  23.4612  23.1228  23.0177  23  22.9229  22.9246  23.6724  23.1257  23.0177  23  22.9229  22.9247  0 23.8106  23.1038  23.0283  23.0255  22.9257  23.1012  0.0772308  0.0170134  0.01241  0.0209983  0.0351435  0.107644  
16  23.4612  23.1228  23.0177  23  22.9229  22.9246  23.6402  23.1272  23.0177  23  22.9229  22.9246  0 23.8105  23.1231  23.0336  23.0113  22.8317  22.9175  0.0751842  0.0170323  0.0124102  0.0209983  0.0351442  0.107642  
17  23.4612  23.1228  23.0177  23  22.9229  22.9246  23.6367  23.1238  23.0177  23  22.9229  22.9246  0 23.6044  23.1461  23.0017  22.9702  22.9541  22.9731  0.0749671  0.0169913  0.0124101  0.0209983  0.035144  0.107641  
18  23.4612  23.1228  23.0177  23  22.9229  22.9246  23.6558  23.1251  23.0177  23  22.9229  22.9246  0 23.76  23.1223  22.9984  23.0013  22.8931  22.9633  0.0761666  0.0170073  0.0124102  0.0209983  0.0351442  0.107642  
19  23.4612  23.1228  23.0177  23  22.9229  22.9246  23.6322  23.1249  23.0177  23  22.9229  22.9246  0 23.7695  23.1233  23.0314  23.0111  22.9099  22.8422  0.0746842  0.0170042  0.0124101  0.0209983  0.0351437  0.107642  
20  23.4612  23.1228  23.0177  23  22.9229  22.9246  23.601  23.1293  23.0177  23  22.9229  22.9246  0 23.6326  23.136  23.008  22.9971  22.8259  22.7752  0.0727721  0.017057  0.0124101  0.0209983  0.035144  0.107643  
21  23.4612  23.1228  23.0177  23  22.9229  22.9246  23.5756  23.1248  23.0177  23  22.9229  22.9247  0 23.5351  23.1432  23.0369  23.0133  22.9189  23.0716  0.0712499  0.0170031  0.01241  0.0209983  0.0351437  0.107645  
22  23.4612  23.1228  23.0177  23  22.9229  22.9246  23.5843  23.1246  23.0177  23  22.9229  22.9246  0 23.5954  23.1331  23.0245  23.009  22.977  22.8638  0.071767  0.0170006  0.0124102  0.0209983  0.0351444  0.107642  
23  23.4612  23.1228  23.0177  23  22.9229  22.9246  23.6985  23.126  23.0177  23  22.9229  22.9247  0 23.6588  23.1189  23.0275  22.9838  22.9174  23.1415  0.078936  0.0170172  0.01241  0.0209983  0.0351435  0.107644  
24  23.4612  23.1228  23.0177  23  22.9229  22.9246  23.6423  23.1247  23.0177  23  22.9229  22.9246  0 23.6375  23.1126  23.0147  22.9812  22.9381  22.8538  0.0753163  0.0170026  0.0124102  0.0209983  0.0351444  0.107642  
25  23.4612  23.1228  23.0177  23  22.9229  22.9246  23.6523  23.1256  23.0177  23  22.9229  22.9246  0 23.6682  23.1135  23.046  22.9948  22.8607  22.893  0.0759488  0.0170132  0.0124101  0.0209983  0.0351438  0.107642  
26  23.4612  23.1228  23.0177  23  22.9229  22.9246  23.6132  23.1257  23.0177  23  22.9229  22.9246  0 23.5985  23.1232  23.0183  23.0302  22.907  22.9123  0.0735138  0.0170143  0.0124101  0.0209983  0.035144  0.107642  
27  23.4612  23.1228  23.0177  23  22.9229  22.9246  23.6518  23.132  23.0177  23  22.9229  22.9246  0 23.6805  23.17  23.0175  23.0267  22.9391  22.7479  0.0759152  0.0170884  0.0124102  0.0209983  0.0351442  0.107642  
28  23.4612  23.1228  23.0177  23  22.9229  22.9246  23.5925  23.1275  23.0177  23  22.9229  22.9246  0 23.5782  23.1379  23.0174  22.9583  22.9044  22.8731  0.0722579  0.0170353  0.0124102  0.0209983  0.0351444  0.107642  
29  23.4612  23.1228  23.0177  23  22.9229  22.9246  23.608  23.1234  23.0177  23  22.9229  22.9246  0 23.5981  23.1257  23.0186  23.0108  22.8517  22.9822  0.073195  0.0169861  0.0124102  0.0209983  0.0351445  0.107642  
30  23.4612  23.1228  23.0177  23  22.9229  22.9246  23.6292  23.1273  23.0177  23  22.9229  22.9246  0 23.6981  23.1239  23.0127  22.9738  22.9212  23.0296  0.0744957  0.0170325  0.0124102  0.0209983  0.0351442  0.107643  
31  23.4612  23.1228  23.0177  23  22.9229  22.9246  23.5343  23.1287  23.0177  23  22.9229  22.9246  0 23.4802  23.1202  23.0358  22.9874  22.995  22.6904  0.0688564  0.01705  0.0124102  0.0209983  0.0351441  0.107642  
32  23.4612  23.1228  23.0177  23  22.9229  22.9246  23.698  23.1256  23.0177  23  22.9229  22.9246  0 23.711  23.0961  23.026  22.9826  22.873  22.9133  0.0789083  0.0170127  0.0124101  0.0209983  0.0351449  0.107643  
33  23.4612  23.1228  23.0177  23  22.9229  22.9246  23.5189  23.1279  23.0177  23  22.9229  22.9246  0 23.5138  23.1435  23.0178  23.0667  22.9803  23.0637  0.0679841  0.0170405  0.0124101  0.0209983  0.0351439  0.107642  
34  23.4612  23.1228  23.0177  23  22.9229  22.9246  23.6282  23.1315  23.0177  23  22.9229  22.9246  0 23.5373  23.1269  23.0073  22.9884  22.9305  23.0988  0.0744338  0.0170831  0.0124101  0.0209983  0.0351437  0.107642  
35  23.4612  23.1228  23.0177  23  22.9229  22.9246  23.5414  23.124  23.0177  23  22.9229  22.9246  0 23.5993  23.113  23.0063  22.9848  22.905  22.7241  0.0692587  0.0169933  0.0124102  0.0209983  0.0351444  0.107642  
36  23.4612  23.1228  23.0177  23  22.9229  22.9246  23.5661  23.1237  23.0177  23  22.9229  22.9246  0 23.5948  23.1058  23.0012  22.9771  22.962  23.1006  0.0706928  0.0169898  0.0124102  0.0209983  0.0351444  0.107642  
37  23.4612  23.1228  23.0177  23  22.9229  22.9246  23.562  23.1254  23.0177  23  22.9229  22.9246  0 23.6409  23.127  23.0216  22.9651  22.9209  22.8406  0.0704515  0.0170106  0.0124102  0.0209983  0.0351442  0.107643  
38  23.4612  23.1228  23.0177  23  22.9229  22.9246  23.7118  23.1254  23.0177  23  22.9229  22.9247  0 23.802  23.128  23.0222  23.0127  22.9378  22.8371  0.079821  0.0170101  0.01241  0.0209983  0.0351441  0.107646  
39  23.4612  23.1228  23.0177  23  22.9229  22.9246  23.6674  23.1268  23.0177  23  22.9229  22.9246  0 23.5554  23.1295  23.0102  23.0527  22.8499  23.0979  0.076909  0.0170272  0.0124102  0.0209983  0.0351441  0.107642  
40  23.4612  23.1228  23.0177  23  22.9229  22.9246  23.6359  23.1253  23.0177  23  22.9229  22.9247  0 23.7394  23.1319  23.0091  23.0141  22.9612  22.9331  0.0749164  0.0170088  0.0124101  0.0209983  0.0351444  0.107644  
41  23.4612  23.1228  23.0177  23  22.9229  22.9246  23.5575  23.125  23.0177  23  22.9229  22.9246  0 23.4819  23.1205  22.994  23.0304  22.8435  22.9982  0.0701881  0.017005  0.0124102  0.0209983  0.0351441  0.107642  
42  23.4612  23.1228  23.0177  23  22.9229  22.9246  23.5963  23.1236  23.0177  23  22.9229  22.9246  0 23.6171  23.1161  23.0151  22.989  22.9664  22.9149  0.0724836  0.0169894  0.0124102  0.0209983  0.0351442  0.107642  
43  23.4612  23.1228  23.0177  23  22.9229  22.9246  23.6383  23.127  23.0177  23  22.9229  22.9247  0 23.5071  23.1091  23.0389  23.0171  22.9462  22.8474  0.0750673  0.0170289  0.01241  0.0209983  0.0351443  0.107645  
44  23.4612  23.1228  23.0177  23  22.9229  22.9246  23.5904  23.1264  23.0177  23  22.9229  22.9246  0 23.6211  23.1306  23.0112  23.022  22.9402  22.8508  0.0721339  0.0170225  0.0124102  0.0209983  0.0351443  0.107642  
45  23.4612  23.1228  23.0177  23  22.9229  22.9246  23.5898  23.125  23.0177  23  22.9229  22.9246  0 23.7241  23.1248  23.0242  23.0248  22.9197  22.8599  0.0720975  0.0170061  0.0124101  0.0209983  0.0351441  0.107642  
46  23.4612  23.1228  23.0177  23  22.9229  22.9246  23.6158  23.1257  23.0177  23  22.9229  22.9246  0 23.5759  23.1017  22.9954  22.9592  22.8908  22.8045  0.0736707  0.0170143  0.0124102  0.0209983  0.0351446  0.107642  
47  23.4612  23.1228  23.0177  23  22.9229  22.9246  23.6789  23.1353  23.0177  23  22.9229  22.9247  0 23.8714  23.1431  23.0107  23.0065  22.8642  22.9127  0.0776512  0.0171285  0.01241  0.0209983  0.0351435  0.107645  
48  23.4612  23.1228  23.0177  23  22.9229  22.9246  23.6122  23.1264  23.0177  23  22.9229  22.9246  0 23.6238  23.1227  23.0297  22.9974  22.898  23.1526  0.07345  0.0170226  0.0124101  0.0209983  0.0351438  0.107642  
49  23.4612  23.1228  23.0177  23  22.9229  22.9246  23.6472  23.1276  23.0177  23  22.9229  22.9246  0 23.6581  23.1142  23.032  22.9938  22.9547  22.8695  0.0756252  0.0170362  0.0124102  0.0209983  0.0351448  0.107642  
50  23.4612  23.1228  23.0177  23  22.9229  22.9246  23.6002  23.1264  23.0177  23  22.9229  22.9246  0 23.5794  23.1156  22.9934  22.9519  22.9195  22.9295  0.0727244  0.0170226  0.0124101  0.0209983  0.0351441  0.107643  
51  23.4612  23.1228  23.0177  23  22.9229  22.9246  23.6382  23.1272  23.0177  23  22.9229  22.9246  0 23.625  23.1306  23.0079  22.986  22.936  22.9922  0.0750581  0.0170316  0.0124102  0.0209983  0.0351449  0.107642  
52  23.4612  23.1228  23.0177  23  22.9229  22.9246  23.6261  23.1255  23.0177  23  22.9229  22.9246  0 23.6431  23.1164  23.0208  22.9919  22.8706  22.851  0.0743063  0.0170114  0.0124102  0.0209983  0.0351442  0.107643  
53  23.4612  23.1228  23.0177  23  22.9229  22.9246  23.6708  23.126  23.0177  23  22.9229  22.9246  0 23.5304  23.1289  23.0379  22.9849  22.9479  22.8267  0.0771307  0.0170173  0.0124102  0.0209983  0.0351445  0.107642  
54  23.4612  23.1228  23.0177  23  22.9229  22.9246  23.6016  23.1251  23.0177  23  22.9229  22.9246  0 23.4857  23.0977  23.0187  23.017  23.0158  23.0029  0.0728078  0.0170064  0.0124101  0.0209983  0.035144  0.107642  
55  23.4612  23.1228  23.0177  23  22.9229  22.9246  23.6087  23.1266  23.0177  23  22.9229  22.9246  0 23.6598  23.11  23.0192  22.9874  22.9155  22.8498  0.0732399  0.0170248  0.0124102  0.0209983  0.0351443  0.107642  
56  23.4612  23.1228  23.0177  23  22.9229  22.9246  23.5758  23.1245  23.0177  23  22.9229  22.9246  0 23.5524  23.1508  23.0171  22.9953  22.9433  22.7785  0.0712646  0.0169998  0.01241  0.0209983  0.0351435  0.107641  
57  23.4612  23.1228  23.0177  23  22.9229  22.9246  23.5636  23.1241  23.0177  23  22.9229  22.9246  0 23.5473  23.1278  23.0362  23.0119  22.9327  22.866  0.0705428  0.0169947  0.0124101  0.0209983  0.0351441  0.107643  
58  23.4612  23.1228  23.0177  23  22.9229  22.9246  23.7372  23.1279  23.0177  23  22.9229  22.9247  0 23.6305  23.17  23.0195  23.0014  22.911  22.928  0.0815447  0.0170399  0.0124101  0.0209983  0.0351444  0.107645  
59  23.4612  23.1228  23.0177  23  22.9229  22.9246  23.6726  23.1287  23.0177  23  22.9229  22.9247  0 23.5524  23.1134  23.0325  22.9756  22.9449  22.9502  0.0772492  0.0170496  0.0124101  0.0209983  0.035144  0.107644  
60  23.4612  23.1228  23.0177  23  22.9229  22.9246  23.6161  23.1312  23.0177  23  22.9229  22.9246  0 23.415  23.1507  23.0228  23.0115  22.8976  22.9418  0.0736917  0.0170794  0.0124102  0.0209983  0.0351445  0.107642  
61  23.4612  23.1228  23.0177  23  22.9229  22.9246  23.5968  23.1295  23.0177  23  22.9229  22.9246  0 23.5719  23.1041  23.0099  23.0319  22.8926  22.872  0.0725139  0.0170591  0.0124102  0.0209983  0.0351442  0.107643  
62  23.4612  23.1228  23.0177  23  22.9229  22.9246  23.6574  23.1332  23.0177  23  22.9229  22.9247  0 23.668  23.1312  23.0331  22.9921  22.8553  23.0727  0.0762683  0.0171038  0.01241  0.0209983  0.0351441  0.107645  
63  23.4612  23.1228  23.0177  23  22.9229  22.9246  23.6602  23.1264  23.0177  23  22.9229  22.9246  0 23.5725  23.0958  23.0103  22.985  22.8866  22.8226  0.0764482  0.0170219  0.0124101  0.0209983  0.0351444  0.107642  
64  23.4612  23.1228  23.0177  23  22.9229  22.9246  23.5525  23.1258  23.0177  23  22.9229  22.9246  0 23.6157  23.1214  23.0359  23.0155  23.0191  22.9023  0.0698974  0.017015  0.0124102  0.0209983  0.0351443  0.107642  
65  23.4612  23.1228  23.0177  23  22.9229  22.9246  23.6783  23.1299  23.0177  23  22.9229  22.9246  0 23.7229  23.1421  23.0202  22.9878  22.899  22.9078  0.0776133  0.0170635  0.0124101  0.0209983  0.0351443  0.107641  
66  23.4612  23.1228  23.0177  23  22.9229  22.9246  23.6309  23.1314  23.0177  23  22.9229  22.9246  0 23.6293  23.1624  23.0292  23.0354  22.919  22.8244  0.0746054  0.0170823  0.0124101  0.0209983  0.0351448  0.107643  
67  23.4612  23.1228  23.0177  23  22.9229  22.9246  23.6562  23.1303  23.0177  23  22.9229  22.9246  0 23.6472  23.1199  23.0064  23.0401  22.9408  22.9853  0.0761969  0.0170685  0.0124101  0.0209983  0.0351442  0.107643  
68  23.4612  23.1228  23.0177  23  22.9229  22.9246  23.6062  23.132  23.0177  23  22.9229  22.9246  0 23.6673  23.1169  23.0191  23.0029  22.9476  22.9471  0.0730839  0.0170888  0.0124101  0.0209983  0.0351443  0.107642  
69  23.4612  23.1228  23.0177  23  22.9229  22.9246  23.5831  23.1244  23.0177  23  22.9229  22.9246  0 23.7249  23.1249  23.0198  23.0185  22.9444  22.89  0.0716983  0.0169982  0.0124101  0.0209983  0.0351437  0.107642  
70  23.4612  23.1228  23.0177  23  22.9229  22.9246  23.5725  23.1257  23.0177  23  22.9229  22.9246  0 23.5377  23.16  22.9936  23.0114  22.8775  23.1024  0.0710653  0.0170144  0.0124101  0.0209983  0.0351437  0.107643  
71  23.4612  23.1228  23.0177  23  22.9229  22.9246  23.5602  23.1303  23.0177  23  22.9229  22.9246  0 23.5008  23.1204  23.0055  23.0206  22.8774  22.9612  0.0703448  0.0170685  0.0124102  0.0209983  0.0351441  0.107642  
72  23.4612  23.1228  23.0177  23  22.9229  22.9246  23.5594  23.1255  23.0177  23  22.9229  22.9247  0 23.6313  23.1277  23.0164  22.9797  22.9618  23.105  0.0702993  0.0170111  0.0124101  0.0209983  0.0351437  0.107645  
73  23.4612  23.1228  23.0177  23  22.9229  22.9246  23.62  23.1276  23.0177  23  22.9229  22.9247  0 23.604  23.121  22.9993  23.0085  22.9137  22.9976  0.0739292  0.0170367  0.01241  0.0209983  0.0351437  0.107645  
74  23.4612  23.1228  23.0177  23  22.9229  22.9246  23.5297  23.1256  23.0177  23  22.9229  22.9246  0 23.4837  23.0821  23.0128  23.0229  22.892  22.9038  0.0685952  0.0170131  0.0124102  0.0209983  0.0351442  0.107643  
75  23.4612  23.1228  23.0177  23  22.9229  22.9246  23.6156  23.1255  23.0177  23  22.9229  22.9246  0 23.5655  23.106  23.0387  22.9977  22.938  23.0109  0.0736608  0.0170118  0.0124102  0.0209983  0.0351443  0.107642  
76  23.4612  23.1228  23.0177  23  22.9229  22.9246  23.6003  23.1245  23.0177  23  22.9229  22.9247  0 23.613  23.0902  23.0314  23.0016  22.9633  22.8166  0.0727258  0.0169995  0.0124101  0.0209983  0.0351438  0.107645  
77  23.4612  23.1228  23.0177  23  22.9229  22.9246  23.5699  23.125  23.0177  23  22.9229  22.9246  0 23.6067  23.1343  23.0196  22.9899  22.9147  22.8207  0.0709154  0.0170059  0.0124101  0.0209983  0.035144  0.107643  
78  23.4612  23.1228  23.0177  23  22.9229  22.9246  23.6365  23.1295  23.0177  23  22.9229  22.9246  0 23.6563  23.1191  23.0001  23.0017  22.9289  22.7813  0.0749555  0.0170587  0.0124101  0.0209983  0.0351439  0.107644  
79  23.4612  23.1228  23.0177  23  22.9229  22.9246  23.6793  23.1269  23.0177  23  22.9229  22.9246  0 23.6597  23.1052  23.0093  22.9688  22.9675  22.7735  0.0776817  0.0170277  0.0124101  0.0209983  0.0351439  0.107641  
80  23.4612  23.1228  23.0177  23  22.9229  22.9246  23.5472  23.1255  23.0177  23  22.9229  22.9246  0 23.5603  23.1157  22.9982  23.0022  22.8951  22.8569  0.0695931  0.017012  0.0124102  0.0209983  0.0351441  0.107643  
81  23.4612  23.1228  23.0177  23  22.9229  22.9246  23.6465  23.1241  23.0177  23  22.9229  22.9246  0 23.7355  23.1253  23.0125  22.9788  22.9316  22.9269  0.0755812  0.0169945  0.0124102  0.0209983  0.0351445  0.107642  
82  23.4612  23.1228  23.0177  23  22.9229  22.9246  23.5939  23.1284  23.0177  23  22.9229  22.9246  0 23.5371  23.1205  23.0057  22.9574  22.9225  23.0718  0.0723392  0.0170459  0.01241  0.0209983  0.0351437  0.107642  
83  23.4612  23.1228  23.0177  23  22.9229  22.9246  23.7007  23.1262  23.0177  23  22.9229  22.9246  0 23.7962  23.1347  23.0086  22.9962  22.9645  22.8419  0.0790841  0.0170197  0.0124102  0.0209983  0.0351444  0.107642  
84  23.4612  23.1228  23.0177  23  22.9229  22.9246  23.6919  23.1281  23.0177  23  22.9229  22.9246  0 23.6893  23.1559  23.0241  22.9716  22.8956  22.9362  0.078501  0.0170423  0.0124101  0.0209983  0.0351441  0.107643  
85  23.4612  23.1228  23.0177  23  22.9229  22.9246  23.6155  23.1237  23.0177  23  22.9229  22.9246  0 23.5017  23.1364  23.0102  22.9921  22.8949  22.977  0.0736503  0.0169907  0.0124102  0.0209983  0.0351444  0.107642  
86  23.4612  23.1228  23.0177  23  22.9229  22.9246  23.5427  23.1248  23.0177  23  22.9229  22.9246  0 23.5277  23.132  23.0233  23.0092  22.973  22.9708  0.0693375  0.0170033  0.0124102  0.0209983  0.0351443  0.107643  
87  23.4612  23.1228  23.0177  23  22.9229  22.9246  23.6366  23.1261  23.0177  23  22.9229  22.9246  0 23.5731  23.1424  23.024  22.9793  22.8675  23.0553  0.0749599  0.0170189  0.0124101  0.0209983  0.0351452  0.107643  
88  23.4612  23.1228  23.0177  23  22.9229  22.9246  23.5606  23.126  23.0177  23  22.9229  22.9246  0 23.6297  23.1042  23.0005  23.0247  22.9708  23.0188  0.070368  0.0170179  0.0124101  0.0209983  0.0351439  0.107643  
89  23.4612  23.1228  23.0177  23  22.9229  22.9246  23.6229  23.1239  23.0177  23  22.9229  22.9246  0 23.698  23.1345  22.9966  23.0449  22.937  22.8301  0.0741085  0.0169923  0.0124102  0.0209983  0.0351442  0.107642  
90  23.4612  23.1228  23.0177  23  22.9229  22.9246  23.6086  23.1284  23.0177  23  22.9229  22.9246  0 23.5811  23.152  23.0387  23.0243  22.9103  22.8755  0.0732319  0.0170463  0.0124102  0.0209983  0.0351441  0.107643  
91  23.4612  23.1228  23.0177  23  22.9229  22.9246  23.5948  23.1262  23.0177  23  22.9229  22.9247  0 23.6312  23.1489  23.0306  23.0048  22.9466  22.8949  0.0723942  0.01702  0.01241  0.0209983  0.0351438  0.107645  
92  23.4612  23.1228  23.0177  23  22.9229  22.9246  23.6167  23.1278  23.0177  23  22.9229  22.9246  0 23.5063  23.0998  23.0235  23.0305  22.9227  22.9209  0.073724  0.017039  0.0124102  0.0209983  0.0351442  0.107642  
93  23.4612  23.1228  23.0177  23  22.9229  22.9246  23.6067  23.127  23.0177  23  22.9229  22.9246  0 23.6611  23.1113  23.0252  22.9616  22.9121  22.8311  0.0731188  0.0170291  0.01241  0.0209983  0.0351438  0.107643  
94  23.4612  23.1228  23.0177  23  22.9229  22.9246  23.6207  23.1264  23.0177  23  22.9229  22.9246  0 23.5592  23.1525  23.0144  22.943  22.9222  22.79  0.0739726  0.0170224  0.0124102  0.0209983  0.0351442  0.107642  
95  23.4612  23.1228  23.0177  23  22.9229  22.9246  23.6566  23.1265  23.0177  23  22.9229  22.9246  0 23.6897  23.1249  23.0372  22.9988  23.0003  22.7625  0.0762224  0.0170237  0.0124101  0.0209983  0.0351444  0.107642  
96  23.4612  23.1228  23.0177  23  22.9229  22.9246  23.6468  23.1256  23.0177  23  22.9229  22.9246  0 23.5856  23.1536  22.9997  23.0296  22.9152  22.8637  0.0755999  0.0170129  0.0124101  0.0209983  0.0351443  0.107644  
97  23.4612  23.1228  23.0177  23  22.9229  22.9246  23.5571  23.1266  23.0177  23  22.9229  22.9246  0 23.4698  23.0996  23.0196  22.9773  22.9613  22.9769  0.0701647  0.0170246  0.0124101  0.0209983  0.0351441  0.107643  
98  23.4612  23.1228  23.0177  23  22.9229  22.9246  23.56  23.1242  23.0177  23  22.9229  22.9246  0 23.5581  23.1134  22.998  22.9791  22.9273  22.8569  0.0703346  0.0169957  0.0124102  0.0209983  0.0351443  0.107643  
99  23.4612  23.1228  23.0177  23  22.9229  22.9246  23.5872  23.1331  23.0177  23  22.9229  22.9246  0 23.6211  23.1381  23.0035  22.9924  22.9009  23.016  0.0719416  0.0171019  0.0124102  0.0209983  0.0351442  0.107642  
100  23.4612  23.1228  23.0177  23  22.9229  22.9246  23.5885  23.125  23.0177  23  22.9229  22.9246  0 23.504  23.133  23.0159  22.9799  22.9044  23.0922  0.0720181  0.0170052  0.0124102  0.0209983  0.0351442  0.107642  
101  23.4612  23.1228  23.0177  23  22.9229  22.9246  23.602  23.1265  23.0177  23  22.9229  22.9246  0 23.6935  23.1492  23.016  23.0086  22.9598  22.9784  0.072831  0.017024  0.0124102  0.0209983  0.0351441  0.107642  
102  23.4612  23.1228  23.0177  23  22.9229  22.9246  23.6143  23.1265  23.0177  23  22.9229  22.9246  0 23.603  23.1307  22.9984  23.005  22.9153  22.981  0.0735793  0.0170229  0.0124102  0.0209983  0.0351443  0.107643  
103  23.4612  23.1228  23.0177  23  22.9229  22.9246  23.6153  23.1242  23.0177  23  22.9229  22.9246  0 23.6187  23.1106  23.0462  22.9926  22.9363  22.9516  0.0736433  0.0169958  0.0124101  0.0209983  0.0351442  0.107641  
104  23.4612  23.1228  23.0177  23  22.9229  22.9246  23.587  23.1263  23.0177  23  22.9229  22.9246  0 23.5524  23.1183  23.0034  23.0191  22.9661  23.1671  0.0719289  0.0170209  0.0124102  0.0209983  0.0351443  0.107642  
105  23.4612  23.1228  23.0177  23  22.9229  22.9246  23.5447  23.1246  23.0177  23  22.9229  22.9246  0 23.5004  23.0994  23.0091  22.9613  22.945  22.9079  0.0694509  0.0170012  0.0124102  0.0209983  0.0351441  0.107642  
106  23.4612  23.1228  23.0177  23  22.9229  22.9246  23.6045  23.1373  23.0177  23  22.9229  22.9246  0 23.4945  23.1545  23.0275  23.0245  22.9576  22.8239  0.0729794  0.0171523  0.0124101  0.0209983  0.0351441  0.107641  
107  23.4612  23.1228  23.0177  23  22.9229  22.9246  23.5989  23.1316  23.0177  23  22.9229  22.9246  0 23.4717  23.135  23.0311  23.0137  22.8847  22.7662  0.0726442  0.0170842  0.0124101  0.0209983  0.0351441  0.107642  
108  23.4612  23.1228  23.0177  23  22.9229  22.9246  23.7061  23.1325  23.0177  23  22.9229  22.9246  0 23.7691  23.1081  22.9862  23.0225  22.9426  22.8855  0.0794463  0.017095  0.0124101  0.0209983  0.0351441  0.107642  
109  23.4612  23.1228  23.0177  23  22.9229  22.9246  23.6152  23.1284  23.0177  23  22.9229  22.9246  0 23.5759  23.1144  23.0226  23.0258  22.8566  22.819  0.0736326  0.0170459  0.0124101  0.0209983  0.0351436  0.107642  
110  23.4612  23.1228  23.0177  23  22.9229  22.9246  23.6286  23.1268  23.0177  23  22.9229  22.9246  0 23.5379  23.135  23.0327  23.0187  23.0171  23.0506  0.074462  0.0170269  0.0124101  0.0209983  0.0351442  0.107642  
111  23.4612  23.1228  23.0177  23  22.9229  22.9246  23.6347  23.1256  23.0177  23  22.9229  22.9246  0 23.7083  23.1002  22.9994  22.9689  22.9522  22.9628  0.0748393  0.0170133  0.0124101  0.0209983  0.0351439  0.107641  
112  23.4612  23.1228  23.0177  23  22.9229  22.9246  23.6695  23.1241  23.0177  23  22.923  22.9246  0 23.65  23.1064  23.0067  23.0223  22.9755  23.0869  0.0770449  0.0169946  0.0124102  0.0209983  0.0351454  0.107643  
113  23.4612  23.1228  23.0177  23  22.9229  22.9246  23.5741  23.124  23.0177  23  22.9229  22.9246  0 23.4622  23.1177  23.0129  23.0066  22.8829  23.2679  0.0711634  0.0169939  0.01241  0.0209983  0.0351437  0.107642  
114  23.4612  23.1228  23.0177  23  22.9229  22.9246  23.6167  23.1252  23.0177  23  22.9229  22.9246  0 23.7243  23.1369  23.0122  22.9976  22.9008  23.0858  0.0737294  0.0170077  0.0124102  0.0209983  0.0351443  0.107642  
115  23.4612  23.1228  23.0177  23  22.9229  22.9246  23.597  23.1315  23.0177  23  22.9229  22.9246  0 23.6805  23.1462  22.997  23.0103  22.9295  23.159  0.072526  0.017083  0.0124102  0.0209983  0.0351444  0.107642  
116  23.4612  23.1228  23.0177  23  22.9229  22.9246  23.6129  23.1273  23.0177  23  22.9229  22.9246  0 23.761  23.1564  23.0136  23.0198  22.9626  22.9976  0.0734927  0.0170329  0.0124102  0.0209983  0.0351447  0.107642  
117  23.4612  23.1228  23.0177  23  22.9229  22.9246  23.5903  23.1287  23.0177  23  22.9229  22.9246  0 23.5361  23.1564  23.0167  23.0196  22.9065  22.9658  0.0721257  0.0170501  0.0124101  0.0209983  0.0351438  0.107643  
118  23.4612  23.1228  23.0177  23  22.9229  22.9246  23.5834  23.1282  23.0177  23  22.9229  22.9246  0 23.562  23.1105  23.0111  23.0036  22.9358  22.9002  0.0717119  0.0170437  0.0124102  0.0209983  0.0351439  0.107642  
119  23.4612  23.1228  23.0177  23  22.9229  22.9246  23.6175  23.1244  23.0177  23  22.9229  22.9246  0 23.6404  23.1137  23.0359  22.9451  22.944  22.8292  0.073774  0.0169986  0.0124101  0.0209983  0.0351444  0.107642  
120  23.4612  23.1228  23.0177  23  22.9229  22.9246  23.5725  23.1298  23.0177  23  22.9229  22.9246  0 23.5693  23.1209  23.0221  22.9934  22.9762  22.7786  0.0710691  0.0170623  0.0124101  0.0209983  0.035144  0.107642  
121  23.4612  23.1228  23.0177  23  22.9229  22.9246  23.6261  23.1239  23.0177  23  22.9229  22.9246  0 23.5626  23.1372  23.0416  23.0198  22.9045  22.9798  0.0743078  0.0169928  0.0124101  0.0209983  0.0351441  0.107643  
122  23.4612  23.1228  23.0177  23  22.9229  22.9246  23.6252  23.1268  23.0177  23  22.9229  22.9247  0 23.6578  23.0901  22.9939  23.0306  22.8934  23.0326  0.074249  0.0170268  0.0124101  0.0209983  0.0351438  0.107645  
123  23.4612  23.1228  23.0177  23  22.9229  22.9246  23.5732  23.1303  23.0177  23  22.9229  22.9246  0 23.5895  23.16  23.0283  23.0071  22.9401  23.0017  0.0711111  0.017069  0.0124102  0.0209983  0.0351442  0.107642  
124  23.4612  23.1228  23.0177  23  22.9229  22.9246  23.6724  23.1259  23.0177  23  22.9229  22.9246  0 23.6843  23.1093  23.0353  23.0176  22.9557  23.0062  0.077234  0.0170161  0.0124101  0.0209983  0.0351446  0.107643  
125  23.4612  23.1228  23.0177  23  22.9229  22.9246  23.5962  23.1262  23.0177  23  22.9229  22.9246  0 23.5416  23.1321  23.0345  23.0227  22.9579  22.7614  0.0724797  0.0170196  0.0124101  0.0209983  0.0351443  0.107642  
126  23.4612  23.1228  23.0177  23  22.9229  22.9246  23.6032  23.1257  23.0177  23  22.9229  22.9246  0 23.5804  23.1304  22.9988  23.019  22.9651  22.8864  0.0729013  0.0170137  0.0124102  0.0209983  0.0351441  0.107642  
127  23.4612  23.1228  23.0177  23  22.9229  22.9246  23.5876  23.1254  23.0177  23  22.9229  22.9246  0 23.6755  23.1245  23.0218  23.0088  22.918  22.9273  0.0719647  0.0170105  0.0124101  0.0209983  0.035144  0.107643  
128  23.4612  23.1228  23.0177  23  22.9229  22.9246  23.6043  23.1286  23.0177  23  22.9229  22.9246  0 23.4949  23.1375  23.0247  23.0004  22.921  23.2909  0.0729671  0.0170481  0.0124101  0.0209983  0.0351442  0.107643  
129  23.4612  23.1228  23.0177  23  22.9229  22.9246  23.6829  23.1255  23.0177  23  22.9229  22.9246  0 23.6598  23.1174  23.0109  23.0023  23.0008  22.9035  0.0779173  0.0170113  0.0124102  0.0209983  0.0351449  0.107642  
130  23.4612  23.1228  23.0177  23  22.9229  22.9246  23.671  23.1287  23.0177  23  22.9229  22.9246  0 23.7032  23.1384  22.9916  22.9876  22.92  22.9182  0.0771432  0.0170499  0.0124101  0.0209983  0.0351441  0.107642  
131  23.4612  23.1228  23.0177  23  22.9229  22.9246  23.5369  23.1261  23.0177  23  22.9229  22.9246  0 23.5027  23.1244  23.0072  22.9985  22.8909  23.0059  0.069002  0.0170187  0.0124102  0.0209983  0.0351441  0.107642  
132  23.4612  23.1228  23.0177  23  22.9229  22.9246  23.5954  23.1262  23.0177  23  22.9229  22.9247  0 23.6557  23.1344  23.0008  22.995  22.9068  23.1209  0.0724298  0.01702  0.01241  0.0209983  0.0351435  0.107645  
133  23.4612  23.1228  23.0177  23  22.9229  22.9246  23.6469  23.1265  23.0177  23  22.9229  22.9246  0 23.6607  23.1412  23.0021  23.0404  22.9067  22.988  0.0756071  0.0170229  0.0124102  0.0209983  0.0351447  0.107642  
134  23.4612  23.1228  23.0177  23  22.9229  22.9246  23.6355  23.1279  23.0177  23  22.9229  22.9246  0 23.6677  23.0942  23.0367  23.0286  22.929  22.9446  0.0748876  0.0170402  0.0124102  0.0209983  0.0351444  0.107642  
135  23.4612  23.1228  23.0177  23  22.9229  22.9246  23.6584  23.1244  23.0177  23  22.9229  22.9246  0 23.7128  23.1575  23.0354  23.0148  22.9548  23.1559  0.0763348  0.016999  0.0124101  0.0209983  0.0351438  0.107642  
136  23.4612  23.1228  23.0177  23  22.9229  22.9246  23.6136  23.1331  23.0177  23  22.9229  22.9246  0 23.6701  23.1594  23.0231  23.0024  22.9174  22.7503  0.0735388  0.0171018  0.0124101  0.0209983  0.0351448  0.107642  
137  23.4612  23.1228  23.0177  23  22.9229  22.9246  23.6152  23.1253  23.0177  23  22.9229  22.9246  0 23.6488  23.1537  23.001  22.9961  22.9608  22.9915  0.0736365  0.0170093  0.0124102  0.0209983  0.0351442  0.107643  
138  23.4612  23.1228  23.0177  23  22.9229  22.9246  23.6084  23.1249  23.0177  23  22.9229  22.9246  0 23.6523  23.1214  23.0205  23.0124  22.9304  22.9051  0.0732209  0.0170043  0.0124101  0.0209983  0.0351439  0.107643  
139  23.4612  23.1228  23.0177  23  22.9229  22.9246  23.6302  23.1286  23.0177  23  22.9229  22.9246  0 23.7358  23.117  23.0266  23.0259  22.9731  22.9049  0.0745587  0.017048  0.0124101  0.0209983  0.0351442  0.107643  
140  23.4612  23.1228  23.0177  23  22.9229  22.9246  23.5672  23.1231  23.0177  23  22.9229  22.9246  0 23.5717  23.1048  23.0082  22.9584  22.8907  22.8325  0.0707564  0.0169829  0.0124102  0.0209983  0.0351443  0.107643  
141  23.4612  23.1228  23.0177  23  22.9229  22.9246  23.6641  23.1269  23.0177  23  22.9229  22.9246  0 23.6645  23.1387  23.005  23.0355  22.9525  22.8013  0.076701  0.0170282  0.0124101  0.0209983  0.0351439  0.107641  
142  23.4612  23.1228  23.0177  23  22.9229  22.9246  23.565  23.1268  23.0177  23  22.9229  22.9246  0 23.4601  23.1399  23.019  23.0216  22.9164  22.6902  0.0706298  0.0170264  0.0124102  0.0209983  0.0351442  0.107642  
143  23.4612  23.1228  23.0177  23  22.9229  22.9246  23.5735  23.1281  23.0177  23  22.9229  22.9246  0 23.5045  23.1014  23.0125  22.9979  22.9026  23.049  0.0711277  0.0170427  0.0124102  0.0209983  0.0351442  0.107642  
144  23.4612  23.1228  23.0177  23  22.9229  22.9246  23.5991  23.1273  23.0177  23  22.9229  22.9246  0 23.5993  23.1193  23.0234  22.9888  22.9337  22.8936  0.0726566  0.0170334  0.0124101  0.0209983  0.0351438  0.107643  
145  23.4612  23.1228  23.0177  23  22.9229  22.9246  23.5243  23.1253  23.0177  23  22.9229  22.9246  0 23.5681  23.1492  23.0085  22.9996  22.9687  22.8904  0.0682897  0.0170091  0.0124102  0.0209983  0.0351443  0.107642  
146  23.4612  23.1228  23.0177  23  22.9229  22.9246  23.6099  23.1257  23.0177  23  22.9229  22.9246  0 23.5848  23.1166  23.0248  23.035  22.9567  22.9804  0.0733127  0.0170133  0.0124101  0.0209983  0.035144  0.107643  
147  23.4612  23.1228  23.0177  23  22.9229  22.9246  23.5513  23.1258  23.0177  23  22.9229  22.9246  0 23.4921  23.1207  23.0229  22.9968  22.9036  23.02  0.0698308  0.0170156  0.0124101  0.0209983  0.0351442  0.107643  
148  23.4612  23.1228  23.0177  23  22.9229  22.9246  23.5641  23.1269  23.0177  23  22.9229  22.9246  0 23.5322  23.1351  23.01  23.0057  22.8965  22.8288  0.0705733  0.0170287  0.0124102  0.0209983  0.035144  0.107643  
149  23.4612  23.1228  23.0177  23  22.9229  22.9246  23.555  23.1262  23.0177  23  22.9229  22.9246  0 23.5781  23.1425  23.0243  23.009  22.9471  22.7765  0.0700438  0.0170194  0.0124102  0.0209983  0.0351441  0.107642  
150  23.4612  23.1228  23.0177  23  22.9229  22.9246  23.6098  23.1242  23.0177  23  22.9229  22.9246  0 23.766  23.1435  23.0276  22.9748  22.9782  22.9404  0.0733024  0.0169956  0.0124102  0.0209983  0.0351443  0.107642  
151  23.4612  23.1228  23.0177  23  22.9229  22.9246  23.6868  23.1269  23.0177  23  22.9229  22.9246  0 23.5845  23.1213  23.0065  22.9969  22.8889  23.0008  0.0781686  0.0170282  0.01241  0.0209983  0.0351435  0.107643  
152  23.4612  23.1228  23.0177  23  22.9229  22.9246  23.6443  23.127  23.0177  23  22.9229  22.9246  0 23.6604  23.1247  23.0304  23.0139  22.9375  23.0418  0.0754449  0.0170297  0.0124101  0.0209983  0.0351447  0.107642  
153  23.4612  23.1228  23.0177  23  22.9229  22.9246  23.5417  23.1247  23.0177  23  22.9229  22.9246  0 23.4226  23.1077  23.0171  22.984  22.9507  23.06  0.0692761  0.0170017  0.0124102  0.0209983  0.0351445  0.107642  
154  23.4612  23.1228  23.0177  23  22.9229  22.9246  23.6222  23.1313  23.0177  23  22.9229  22.9246  0 23.6193  23.1093  23.0092  23.0155  22.9695  23.0672  0.0740642  0.0170808  0.0124102  0.0209983  0.0351441  0.107642  
155  23.4612  23.1228  23.0177  23  22.9229  22.9246  23.6949  23.1263  23.0177  23  22.9229  22.9246  0 23.6628  23.124  23.0066  23.0159  22.9897  23.0927  0.0787  0.0170208  0.0124102  0.0209983  0.0351442  0.107642  
156  23.4612  23.1228  23.0177  23  22.9229  22.9246  23.603  23.1241  23.0177  23  22.9229  22.9246  0 23.6081  23.1231  23.0114  23.0035  22.9169  22.8916  0.0728898  0.0169944  0.0124102  0.0209983  0.0351442  0.107643  
157  23.4612  23.1228  23.0177  23  22.9229  22.9246  23.6171  23.1255  23.0177  23  22.9229  22.9246  0 23.4996  23.1242  23.0035  23.0495  22.919  22.9139  0.0737521  0.017011  0.0124102  0.0209983  0.0351446  0.107642  
158  23.4612  23.1228  23.0177  23  22.9229  22.9246  23.5655  23.1245  23.0177  23  22.9229  22.9246  0 23.5981  23.1117  23.0134  22.9601  22.9276  23.0411  0.0706595  0.0169994  0.0124102  0.0209983  0.0351441  0.107643  
159  23.4612  23.1228  23.0177  23  22.9229  22.9246  23.6473  23.1275  23.0177  23  22.9229  22.9246  0 23.8332  23.1316  23.0127  23.0002  22.9701  22.9517  0.0756339  0.0170349  0.0124101  0.0209983  0.0351439  0.107643  
160  23.4612  23.1228  23.0177  23  22.9229  22.9246  23.6328  23.1246  23.0177  23  22.9229  22.9246  0 23.4452  23.1452  23.0191  23.0021  22.9153  22.9914  0.074725  0.0170014  0.0124102  0.0209983  0.0351449  0.107643  
161  23.4612  23.1228  23.0177  23  22.9229  22.9246  23.5804  23.1273  23.0177  23  22.9229  22.9246  0 23.6837  23.1261  23.032  23.0379  22.8908  22.7664  0.071538  0.0170328  0.0124102  0.0209983  0.035144  0.107642  
162  23.4612  23.1228  23.0177  23  22.9229  22.9246  23.65  23.1274  23.0177  23  22.9229  22.9246  0 23.7105  23.0969  23.0177  22.9832  22.9502  22.9455  0.0758028  0.0170341  0.0124101  0.0209983  0.0351437  0.107642  
163  23.4612  23.1228  23.0177  23  22.9229  22.9246  23.6895  23.1313  23.0177  23  22.9229  22.9246  0 23.6491  23.1162  23.0252  23.022  22.908  22.9199  0.0783492  0.0170804  0.0124099  0.0209983  0.0351435  0.107641  
164  23.4612  23.1228  23.0177  23  22.9229  22.9246  23.6373  23.1262  23.0177  23  22.9229  22.9246  0 23.6611  23.0982  23.0233  22.9793  22.9492  22.8972  0.0750012  0.0170203  0.0124102  0.0209983  0.0351445  0.107642  
165  23.4612  23.1228  23.0177  23  22.9229  22.9246  23.6247  23.1284  23.0177  23  22.9229  22.9246  0 23.6121  23.1042  23.0351  23.0079  22.8858  22.8299  0.07422  0.0170458  0.0124102  0.0209983  0.0351444  0.107642  
166  23.4612  23.1228  23.0177  23  22.9229  22.9246  23.6142  23.1268  23.0177  23  22.9229  22.9246  0 23.6959  23.1402  23.0386  22.989  22.9433  22.8504  0.0735751  0.0170267  0.0124102  0.0209983  0.0351443  0.107643  
167  23.4612  23.1228  23.0177  23  22.9229  22.9246  23.5601  23.1252  23.0177  23  22.9229  22.9246  0 23.5566  23.1312  23.027  22.988  22.9177  23.1519  0.0703408  0.0170075  0.0124101  0.0209983  0.035144  0.107643  
168  23.4612  23.1228  23.0177  23  22.9229  22.9246  23.6098  23.1243  23.0177  23  22.9229  22.9246  0 23.6285  23.142  23.0152  23.0168  22.9516  23.1489  0.0733026  0.0169972  0.0124102  0.0209983  0.0351444  0.107642  
169  23.4612  23.1228  23.0177  23  22.9229  22.9246  23.6331  23.1312  23.0177  23  22.9229  22.9247  0 23.7093  23.1604  23.023  23.0057  22.9507  22.8973  0.0747426  0.0170796  0.01241  0.0209983  0.0351435  0.107644  
170  23.4612  23.1228  23.0177  23  22.9229  22.9246  23.6435  23.125  23.0177  23  22.9229  22.9246  0 23.5581  23.1414  22.9953  22.965  22.9548  22.9314  0.0753932  0.0170059  0.0124102  0.0209983  0.0351445  0.107642  
171  23.4612  23.1228  23.0177  23  22.9229  22.9246  23.5892  23.1295  23.0177  23  22.9229  22.9246  0 23.5654  23.1076  23.0241  23.0158  23.0068  23.0569  0.0720619  0.017059  0.0124101  0.0209983  0.035144  0.107643  
172  23.4612  23.1228  23.0177  23  22.9229  22.9246  23.6275  23.1253  23.0177  23  22.9229  22.9246  0 23.6278  23.1225  23.0062  23.0229  22.9313  22.9014  0.0743901  0.0170086  0.0124102  0.0209983  0.0351442  0.107643  
173  23.4612  23.1228  23.0177  23  22.9229  22.9246  23.6285  23.1287  23.0177  23  22.9229  22.9246  0 23.5906  23.1273  23.003  22.9981  22.9262  23.0046  0.0744518  0.0170501  0.0124101  0.0209983  0.0351441  0.107642  
174  23.4612  23.1228  23.0177  23  22.9229  22.9246  23.6648  23.1249  23.0177  23  22.9229  22.9246  0 23.6189  23.1077  23.0331  23.0077  22.893  23.0553  0.0767428  0.017004  0.0124102  0.0209983  0.0351442  0.107642  
175  23.4612  23.1228  23.0177  23  22.9229  22.9246  23.6258  23.1254  23.0177  23  22.9229  22.9246  0 23.4372  23.1461  23.0238  22.9783  22.9279  22.9039  0.0742854  0.0170105  0.01241  0.0209983  0.035144  0.107642  
176  23.4612  23.1228  23.0177  23  22.9229  22.9246  23.6064  23.1271  23.0177  23  22.9229  22.9246  0 23.5963  23.1529  22.9933  22.9726  22.8748  22.9886  0.0730961  0.017031  0.0124102  0.0209983  0.0351444  0.107642  
177  23.4612  23.1228  23.0177  23  22.9229  22.9246  23.5379  23.1237  23.0177  23  22.9229  22.9246  0 23.6466  23.1113  23.0451  22.9753  22.8629  22.9025  0.0690615  0.0169902  0.0124102  0.0209983  0.0351442  0.107643  
178  23.4612  23.1228  23.0177  23  22.9229  22.9246  23.5887  23.1243  23.0177  23  22.9229  22.9246  0 23.5045  23.1188  23.0136  23.0104  22.9493  22.9884  0.0720308  0.0169969  0.0124102  0.0209983  0.0351446  0.107642  
179  23.4612  23.1228  23.0177  23  22.9229  22.9246  23.5832  23.1251  23.0177  23  22.9229  22.9246  0 23.6287  23.1186  23.0356  23.0422  22.8907  22.9697  0.0717037  0.0170068  0.0124102  0.0209983  0.0351442  0.107643  
180  23.4612  23.1228  23.0177  23  22.9229  22.9246  23.6197  23.1248  23.0177  23  22.9229  22.9246  0 23.5203  23.1442  23.0056  22.9852  22.89  23.1366  0.0739088  0.0170038  0.0124101  0.0209983  0.0351441  0.107641  
181  23.4612  23.1228  23.0177  23  22.9229  22.9246  23.6081  23.1275  23.0177  23  22.9229  22.9247  0 23.635  23.1274  23.0284  22.9953  22.8834  22.794  0.0731983  0.0170352  0.0124101  0.0209983  0.0351437  0.107644  
182  23.4612  23.1228  23.0177  23  22.9229  22.9246  23.559  23.1292  23.0177  23  22.9229  22.9246  0 23.4464  23.1056  23.0248  22.9734  22.9603  22.9684  0.0702764  0.017056  0.0124102  0.0209983  0.0351442  0.107642  
183  23.4612  23.1228  23.0177  23  22.9229  22.9246  23.5979  23.1271  23.0177  23  22.9229  22.9246  0 23.6176  23.1312  23.0032  23.0098  22.9234  22.876  0.0725818  0.01703  0.0124101  0.0209983  0.035144  0.107643  
184  23.4612  23.1228  23.0177  23  22.9229  22.9246  23.6161  23.1335  23.0177  23  22.9229  22.9246  0 23.6515  23.1651  23.0382  22.9963  22.9636  22.8328  0.0736881  0.0171066  0.0124102  0.0209983  0.0351442  0.107643  
185  23.4612  23.1228  23.0177  23  22.9229  22.9246  23.6311  23.1264  23.0177  23  22.9229  22.9246  0 23.8094  23.1558  23.0274  23.0023  22.977  22.9475  0.0746151  0.0170227  0.0124102  0.0209983  0.0351446  0.107642  
186  23.4612  23.1228  23.0177  23  22.9229  22.9246  23.5661  23.131  23.0177  23  22.9229  22.9246  0 23.603  23.173  23.0116  23.006  22.9602  22.9058  0.0706909  0.0170764  0.0124102  0.0209983  0.0351448  0.107642  
187  23.4612  23.1228  23.0177  23  22.9229  22.9246  23.5876  23.1316  23.0177  23  22.9229  22.9246  0 23.5176  23.1561  23.0245  23.0421  22.9099  22.8458  0.0719655  0.0170837  0.0124102  0.0209983  0.0351441  0.107642  
188  23.4612  23.1228  23.0177  23  22.9229  22.9246  23.6117  23.1266  23.0177  23  22.9229  22.9246  0 23.6348  23.1262  23.0286  22.9857  22.881  22.8828  0.0734221  0.017024  0.0124102  0.0209983  0.0351443  0.107642  
189  23.4612  23.1228  23.0177  23  22.9229  22.9246  23.6169  23.1268  23.0177  23  22.9229  22.9246  0 23.5457  23.129  23.017  23.0393  22.9034  22.9085  0.0737366  0.0170271  0.0124102  0.0209983  0.0351444  0.107642  
190  23.4612  23.1228  23.0177  23  22.9229  22.9246  23.5632  23.1257  23.0177  23  22.9229  22.9246  0 23.5001  23.1234  23.0083  22.9749  22.9521  22.9646  0.0705251  0.0170143  0.0124102  0.0209983  0.0351443  0.107643  
191  23.4612  23.1228  23.0177  23  22.9229  22.9246  23.5729  23.1295  23.0177  23  22.9229  22.9246  0 23.5956  23.1337  23.014  23.0238  22.9249  22.917  0.071094  0.0170591  0.0124102  0.0209983  0.0351443  0.107642  
192  23.4612  23.1228  23.0177  23  22.9229  22.9246  23.6271  23.13  23.0177  23  22.9229  22.9246  0 23.7566  23.1406  23.0131  22.9621  22.9358  23.073  0.0743657  0.017065  0.0124101  0.0209983  0.0351444  0.107643  
193  23.4612  23.1228  23.0177  23  22.9229  22.9246  23.6113  23.1238  23.0177  23  22.9229  22.9246  0 23.6615  23.1886  23.0522  23.0132  22.9666  22.8919  0.0733983  0.0169919  0.0124101  0.0209983  0.0351443  0.107642  
194  23.4612  23.1228  23.0177  23  22.9229  22.9246  23.6005  23.1252  23.0177  23  22.9229  22.9246  0 23.611  23.1363  22.9938  22.9723  22.8581  22.8917  0.0727373  0.0170084  0.0124102  0.0209983  0.0351443  0.107642  
195  23.4612  23.1228  23.0177  23  22.9229  22.9246  23.6703  23.1276  23.0177  23  22.9229  22.9246  0 23.6728  23.1331  23.0003  22.9856  22.9139  22.9694  0.0771002  0.0170366  0.0124101  0.0209983  0.0351438  0.107643  
196  23.4612  23.1228  23.0177  23  22.9229  22.9246  23.682  23.1294  23.0177  23  22.9229  22.9246  0 23.6676  23.1195  23.0235  22.9909  22.9263  22.7317  0.077854  0.0170583  0.0124102  0.0209983  0.0351441  0.107642  
197  23.4612  23.1228  23.0177  23  22.9229  22.9246  23.6307  23.1265  23.0177  23  22.9229  22.9246  0 23.5765  23.1178  23.0136  22.9887  22.9661  22.9749  0.0745926  0.0170228  0.0124102  0.0209983  0.0351446  0.107642  
198  23.4612  23.1228  23.0177  23  22.9229  22.9246  23.6413  23.1244  23.0177  23  22.9229  22.9246  0 23.6994  23.1267  23.0424  23.0304  22.9379  22.9959  0.0752531  0.0169987  0.01241  0.0209983  0.0351436  0.107642  
199  23.4612  23.1228  23.0177  23  22.9229  22.9246  23.5661  23.1253  23.0177  23  22.9229  22.9246  0 23.5918  23.1254  22.9985  23.0226  22.8577  22.9934  0.0706908  0.0170088  0.0124102  0.0209983  0.0351443  0.107642  
200  23.4612  23.1228  23.0177  23  22.9229  22.9246  23.5346  23.1248  23.0177  23  22.9229  22.9246  0 23.6402  23.14  23.0506  22.9922  22.8686  22.9337  0.0688723  0.0170033  0.0124101  0.0209983  0.035144  0.107643  
