1  24.3173  23.272  23.0112  23  22.9963  22.9039  24.6772  23.3658  23.0112  23  22.9963  22.904  0 24.4955  23.3483  23.0086  22.9817  23.019  22.9304  0.183728  0.0201876  0.0123512  0.0209983  0.0375904  0.105615  
2  24.3173  23.272  23.0112  23  22.9963  22.9039  24.5878  23.3709  23.0112  23  22.9963  22.904  0 24.6309  23.3675  23.0018  22.9992  22.984  22.8556  0.169793  0.0202628  0.0123512  0.0209983  0.0375909  0.105612  
3  24.3173  23.272  23.0112  23  22.9963  22.9039  24.7806  23.3965  23.0112  23  22.9963  22.904  0 24.6468  23.3676  23.0179  23.0205  22.9914  22.8047  0.201333  0.0206436  0.012351  0.0209983  0.0375898  0.105614  
4  24.3173  23.272  23.0112  23  22.9963  22.9039  24.5088  23.3744  23.0112  23  22.9963  22.9039  0 24.5169  23.3621  23.0124  23.0015  23.0147  22.8686  0.158405  0.0203146  0.0123512  0.0209983  0.0375905  0.105612  
5  24.3173  23.272  23.0112  23  22.9963  22.9039  24.6307  23.3862  23.0112  23  22.9963  22.904  0 24.657  23.3778  23.0191  23.0027  23.0243  22.9928  0.176329  0.0204895  0.0123511  0.0209983  0.0375901  0.105613  
6  24.3173  23.272  23.0112  23  22.9963  22.9039  24.6335  23.3946  23.0112  23  22.9963  22.9039  0 24.6603  23.3925  23.008  23.0223  22.9636  23.0792  0.176779  0.0206157  0.0123512  0.0209983  0.0375904  0.105612  
7  24.3173  23.272  23.0112  23  22.9963  22.9039  24.6758  23.3891  23.0112  23  22.9963  22.904  0 24.3346  23.4191  23.0067  23.0105  23.0196  22.9036  0.18349  0.0205334  0.0123511  0.0209983  0.0375908  0.105613  
8  24.3173  23.272  23.0112  23  22.9963  22.9039  24.501  23.3682  23.0112  23  22.9963  22.904  0 24.8036  23.3695  23.0047  22.9938  23.0428  22.9685  0.157321  0.0202225  0.0123511  0.0209983  0.0375905  0.105613  
9  24.3173  23.272  23.0112  23  22.9963  22.9039  24.5993  23.3755  23.0112  23  22.9963  22.904  0 24.416  23.3911  23.0173  23.0203  22.9691  23.0122  0.171525  0.0203308  0.0123511  0.0209983  0.0375898  0.105614  
10  24.3173  23.272  23.0112  23  22.9963  22.9039  24.7236  23.3579  23.0112  23  22.9963  22.9039  0 24.573  23.3647  23.0007  22.9843  23.0055  22.9328  0.191411  0.0200721  0.0123511  0.0209983  0.0375901  0.105612  
11  24.3173  23.272  23.0112  23  22.9963  22.9039  24.7039  23.4229  23.0112  23  22.9963  22.904  0 24.9838  23.4324  23.0197  22.9729  23.0277  23.0828  0.188107  0.0210465  0.0123511  0.0209983  0.0375907  0.105613  
12  24.3173  23.272  23.0112  23  22.9963  22.9039  24.536  23.3708  23.0112  23  22.9963  22.904  0 24.9267  23.3776  23.0079  23.0032  23.0243  22.7819  0.162228  0.0202609  0.0123511  0.0209983  0.03759  0.105615  
13  24.3173  23.272  23.0112  23  22.9963  22.9039  24.4478  23.3505  23.0112  23  22.9963  22.9039  0 24.4968  23.3081  23.0229  22.9928  23.0314  23.0194  0.150152  0.0199648  0.0123512  0.0209983  0.0375905  0.105612  
14  24.3173  23.272  23.0112  23  22.9963  22.9039  24.6141  23.3639  23.0112  23  22.9963  22.904  0 24.842  23.3456  23.0096  22.9896  22.9813  22.9597  0.173772  0.0201599  0.0123511  0.0209983  0.0375902  0.105614  
15  24.3173  23.272  23.0112  23  22.9963  22.9039  24.6867  23.4096  23.0112  23  22.9963  22.904  0 25.0536  23.3829  23.0217  23.0255  22.9993  23.0769  0.185277  0.0208426  0.0123512  0.0209983  0.0375906  0.105615  
16  24.3173  23.272  23.0112  23  22.9963  22.9039  24.6895  23.3672  23.0112  23  22.9963  22.904  0 25.1719  23.3624  23.0271  23.0113  22.899  22.897  0.18574  0.0202087  0.0123512  0.0209983  0.0375903  0.105613  
17  24.3173  23.272  23.0112  23  22.9963  22.9039  24.7689  23.3625  23.0112  23  22.9964  22.904  0 24.6851  23.3891  22.9952  22.9702  23.0297  22.9515  0.199249  0.0201398  0.0123511  0.0209983  0.0375917  0.105613  
18  24.3173  23.272  23.0112  23  22.9963  22.9039  24.4724  23.3746  23.0112  23  22.9963  22.904  0 24.6937  23.3713  22.992  23.0013  22.9644  22.9419  0.153423  0.0203178  0.0123512  0.0209983  0.0375903  0.105614  
19  24.3173  23.272  23.0112  23  22.9963  22.9039  24.5701  23.4408  23.0112  23  22.9963  22.904  0 24.9057  23.4388  23.0249  23.0111  22.9824  22.823  0.167177  0.0213245  0.0123512  0.0209983  0.0375903  0.105614  
20  24.3173  23.272  23.0112  23  22.9963  22.9039  24.5887  23.3879  23.0112  23  22.9963  22.904  0 24.6638  23.396  23.0016  22.9971  22.8929  22.7572  0.16993  0.020515  0.012351  0.0209983  0.0375898  0.105616  
21  24.3173  23.272  23.0112  23  22.9963  22.9039  24.7054  23.3937  23.0112  23  22.9963  22.904  0 24.6015  23.4159  23.0304  23.0133  22.992  23.048  0.188362  0.0206012  0.0123512  0.0209983  0.0375909  0.105617  
22  24.3173  23.272  23.0112  23  22.9963  22.9039  24.6329  23.4128  23.0112  23  22.9964  22.904  0 24.6605  23.4233  23.0179  23.009  23.0543  22.8442  0.176687  0.0208922  0.0123512  0.0209983  0.0375915  0.105613  
23  24.3173  23.272  23.0112  23  22.9963  22.9039  24.6747  23.3985  23.0112  23  22.9963  22.904  0 24.5848  23.39  23.021  22.9838  22.9905  23.1163  0.18332  0.0206748  0.0123512  0.0209983  0.0375913  0.105613  
24  24.3173  23.272  23.0112  23  22.9963  22.9039  24.8954  23.3932  23.0112  23  22.9963  22.904  0 24.8812  23.3785  23.0082  22.9812  23.0126  22.8344  0.222951  0.0205948  0.012351  0.0209983  0.0375905  0.105615  
25  24.3173  23.272  23.0112  23  22.9963  22.9039  24.7121  23.4228  23.0112  23  22.9963  22.904  0 24.7522  23.4078  23.0394  22.9948  22.9299  22.8729  0.189486  0.0210449  0.0123512  0.0209983  0.037591  0.105616  
26  24.3173  23.272  23.0112  23  22.9963  22.9039  24.6161  23.3978  23.0112  23  22.9963  22.904  0 24.5816  23.3947  23.0118  23.0302  22.9793  22.8919  0.174086  0.020664  0.0123512  0.0209983  0.0375905  0.105615  
27  24.3173  23.272  23.0112  23  22.9963  22.9039  24.7756  23.3883  23.0112  23  22.9963  22.904  0 24.8533  23.4341  23.011  23.0267  23.0136  22.7303  0.200444  0.0205202  0.0123511  0.0209983  0.0375908  0.105615  
28  24.3173  23.272  23.0112  23  22.9963  22.9039  24.6807  23.3969  23.0112  23  22.9963  22.904  0 24.6445  23.4095  23.0109  22.9583  22.9765  22.8535  0.184298  0.0206501  0.0123512  0.0209983  0.0375906  0.105615  
29  24.3173  23.272  23.0112  23  22.9963  22.9039  24.4781  23.3814  23.0112  23  22.9963  22.904  0 24.4574  23.3842  23.0122  23.0108  22.9203  22.9604  0.154201  0.0204186  0.0123512  0.0209983  0.0375903  0.105615  
30  24.3173  23.272  23.0112  23  22.9963  22.9039  24.5846  23.3976  23.0112  23  22.9963  22.9039  0 24.7482  23.3935  23.0062  22.9738  22.9945  23.0069  0.169311  0.0206601  0.0123512  0.0209983  0.0375906  0.105612  
31  24.3173  23.272  23.0112  23  22.9963  22.9039  24.6019  23.3773  23.0112  23  22.9963  22.904  0 24.4715  23.367  23.0292  22.9874  23.0736  22.6737  0.171911  0.0203564  0.0123511  0.0209983  0.0375897  0.105613  
32  24.3173  23.272  23.0112  23  22.9963  22.9039  24.4986  23.4013  23.0112  23  22.9963  22.904  0 24.5247  23.3655  23.0195  22.9826  22.943  22.8929  0.156996  0.020717  0.0123512  0.0209983  0.0375903  0.105615  
33  24.3173  23.272  23.0112  23  22.9963  22.9039  24.7341  23.411  23.0112  23  22.9963  22.904  0 24.7197  23.4301  23.0113  23.0667  23.0578  23.0402  0.193207  0.0208646  0.0123511  0.0209983  0.0375904  0.105614  
34  24.3173  23.272  23.0112  23  22.9963  22.9039  24.5246  23.4019  23.0112  23  22.9963  22.904  0 24.3373  23.3962  23.0009  22.9884  23.0045  23.0746  0.16062  0.0207252  0.0123512  0.0209983  0.0375906  0.105613  
35  24.3173  23.272  23.0112  23  22.9963  22.9039  24.6646  23.4348  23.0112  23  22.9963  22.904  0 24.8236  23.4211  22.9999  22.9848  22.9772  22.7069  0.181697  0.021231  0.012351  0.0209983  0.03759  0.105614  
36  24.3173  23.272  23.0112  23  22.9963  22.9039  24.6054  23.3862  23.0112  23  22.9963  22.904  0 24.6767  23.3648  22.9948  22.9771  23.0381  23.0763  0.172451  0.0204898  0.0123512  0.0209983  0.0375905  0.105614  
37  24.3173  23.272  23.0112  23  22.9963  22.9039  24.6449  23.3806  23.0112  23  22.9963  22.904  0 24.8572  23.3825  23.015  22.9651  22.9942  22.8214  0.178559  0.0204061  0.0123512  0.0209983  0.037591  0.105612  
38  24.3173  23.272  23.0112  23  22.9963  22.9039  24.7668  23.3901  23.0112  23  22.9964  22.904  0 25.0071  23.3933  23.0157  23.0127  23.0123  22.8179  0.198876  0.0205481  0.0123512  0.0209983  0.0375915  0.105614  
39  24.3173  23.272  23.0112  23  22.9963  22.9039  24.6545  23.3847  23.0112  23  22.9963  22.904  0 24.4084  23.3879  23.0037  23.0527  22.9184  23.0737  0.180079  0.0204676  0.0123512  0.0209983  0.0375904  0.105614  
40  24.3173  23.272  23.0112  23  22.9963  22.9039  24.593  23.386  23.0112  23  22.9963  22.904  0 24.8447  23.3941  23.0026  23.0141  23.0373  22.9122  0.170573  0.0204871  0.0123512  0.0209983  0.037591  0.105612  
41  24.3173  23.272  23.0112  23  22.9963  22.9039  24.573  23.3812  23.0112  23  22.9963  22.904  0 24.4007  23.3758  22.9876  23.0304  22.9116  22.9761  0.167599  0.0204142  0.0123512  0.0209983  0.0375908  0.105614  
42  24.3173  23.272  23.0112  23  22.9963  22.9039  24.6727  23.3973  23.0112  23  22.9963  22.904  0 24.7262  23.388  23.0086  22.989  23.0429  22.8944  0.182991  0.0206555  0.0123512  0.0209983  0.0375906  0.105615  
43  24.3173  23.272  23.0112  23  22.9963  22.9039  24.6713  23.3575  23.0112  23  22.9963  22.904  0 24.3758  23.3366  23.0323  23.0171  23.0212  22.8281  0.182777  0.0200667  0.0123511  0.0209983  0.0375902  0.105614  
44  24.3173  23.272  23.0112  23  22.9963  22.9039  24.6574  23.3863  23.0112  23  22.9963  22.904  0 24.7358  23.3913  23.0047  23.022  23.0148  22.8315  0.180539  0.0204904  0.0123512  0.0209983  0.0375904  0.105613  
45  24.3173  23.272  23.0112  23  22.9963  22.9039  24.5874  23.4145  23.0112  23  22.9963  22.904  0 24.9349  23.4142  23.0177  23.0248  22.9928  22.8404  0.169742  0.0209177  0.0123511  0.0209983  0.0375906  0.105612  
46  24.3173  23.272  23.0112  23  22.9963  22.9039  24.8146  23.3667  23.0112  23  22.9963  22.904  0 24.7059  23.3382  22.989  22.9592  22.9619  22.7859  0.2075  0.0202004  0.0123511  0.0209983  0.0375903  0.105613  
47  24.3173  23.272  23.0112  23  22.9963  22.9039  24.6441  23.4175  23.0112  23  22.9963  22.904  0 25.1518  23.4271  23.0042  23.0065  22.9337  22.8922  0.178436  0.0209631  0.0123512  0.0209983  0.0375912  0.105613  
48  24.3173  23.272  23.0112  23  22.9963  22.9039  24.6643  23.4029  23.0112  23  22.9963  22.904  0 24.6933  23.3984  23.0231  22.9974  22.9697  23.1272  0.181641  0.0207413  0.0123511  0.0209983  0.0375907  0.105612  
49  24.3173  23.272  23.0112  23  22.9963  22.9039  24.7926  23.3568  23.0112  23  22.9963  22.9039  0 24.8221  23.3411  23.0254  22.9938  23.0303  22.8498  0.203493  0.0200563  0.0123512  0.0209983  0.0375903  0.105612  
50  24.3173  23.272  23.0112  23  22.9963  22.9039  24.5583  23.3999  23.0112  23  22.9963  22.904  0 24.5115  23.3868  22.987  22.9519  22.9927  22.9087  0.16545  0.0206961  0.0123512  0.0209983  0.0375906  0.105615  
51  24.3173  23.272  23.0112  23  22.9963  22.9039  24.5995  23.3903  23.0112  23  22.9963  22.904  0 24.5696  23.3944  23.0014  22.986  23.0103  22.9703  0.171554  0.0205513  0.0123512  0.0209983  0.0375904  0.105615  
52  24.3173  23.272  23.0112  23  22.9963  22.9039  24.5336  23.4068  23.0112  23  22.9963  22.904  0 24.5711  23.3956  23.0142  22.9919  22.9404  22.8317  0.161898  0.0207997  0.0123511  0.0209983  0.0375903  0.105613  
53  24.3173  23.272  23.0112  23  22.9963  22.9039  24.6894  23.4028  23.0112  23  22.9963  22.9039  0 24.3779  23.4064  23.0313  22.9849  23.0231  22.8077  0.185721  0.0207393  0.0123511  0.0209983  0.0375904  0.105612  
54  24.3173  23.272  23.0112  23  22.9963  22.9039  24.6579  23.4154  23.0112  23  22.9963  22.904  0 24.3902  23.3818  23.0122  23.017  23.096  22.9807  0.180628  0.020932  0.0123511  0.0209983  0.0375906  0.105614  
55  24.3173  23.272  23.0112  23  22.9963  22.9039  24.5375  23.3933  23.0112  23  22.9963  22.904  0 24.6543  23.3732  23.0127  22.9874  22.9884  22.8305  0.162454  0.0205954  0.0123512  0.0209983  0.0375907  0.105613  
56  24.3173  23.272  23.0112  23  22.9963  22.9039  24.6733  23.379  23.0112  23  22.9963  22.9039  0 24.614  23.4106  23.0106  22.9953  23.0182  22.7604  0.183092  0.0203819  0.0123512  0.0209983  0.0375911  0.105612  
57  24.3173  23.272  23.0112  23  22.9963  22.9039  24.6715  23.406  23.0112  23  22.9963  22.9039  0 24.6299  23.4105  23.0296  23.0119  23.0068  22.8464  0.182807  0.0207878  0.012351  0.0209983  0.0375896  0.105611  
58  24.3173  23.272  23.0112  23  22.9963  22.9039  24.5554  23.3801  23.0112  23  22.9963  22.904  0 24.3494  23.4307  23.013  23.0014  22.9836  22.9072  0.165022  0.020399  0.0123512  0.0209983  0.0375906  0.105613  
59  24.3173  23.272  23.0112  23  22.9963  22.9039  24.8548  23.3829  23.0112  23  22.9963  22.904  0 24.5484  23.3646  23.0259  22.9756  23.0199  22.929  0.215034  0.0204398  0.0123511  0.0209983  0.0375906  0.105615  
60  24.3173  23.272  23.0112  23  22.9963  22.9039  24.5834  23.3591  23.0112  23  22.9963  22.9039  0 24.1673  23.3821  23.0163  23.0115  22.9693  22.9208  0.169143  0.0200901  0.0123511  0.0209983  0.0375901  0.105612  
61  24.3173  23.272  23.0112  23  22.9963  22.9039  24.5907  23.3746  23.0112  23  22.9963  22.904  0 24.5332  23.3445  23.0034  23.0319  22.964  22.8523  0.170234  0.0203178  0.012351  0.0209983  0.0375899  0.105614  
62  24.3173  23.272  23.0112  23  22.9963  22.9039  24.4888  23.3885  23.0112  23  22.9963  22.904  0 24.5107  23.3861  23.0266  22.9921  22.9242  23.049  0.155648  0.0205234  0.0123512  0.0209983  0.0375905  0.105615  
63  24.3173  23.272  23.0112  23  22.9963  22.9039  24.5574  23.3772  23.0112  23  22.9963  22.904  0 24.376  23.3407  23.0038  22.985  22.9576  22.8038  0.165306  0.0203551  0.0123512  0.0209983  0.0375909  0.105613  
64  24.3173  23.272  23.0112  23  22.9963  22.9039  24.7164  23.4058  23.0112  23  22.9963  22.904  0 24.898  23.4005  23.0293  23.0155  23.0996  22.882  0.190199  0.0207852  0.0123512  0.0209983  0.0375907  0.105613  
65  24.3173  23.272  23.0112  23  22.9963  22.9039  24.5318  23.3671  23.0112  23  22.9963  22.904  0 24.6269  23.3816  23.0137  22.9878  22.9707  22.8875  0.161631  0.0202069  0.0123511  0.0209983  0.03759  0.105615  
66  24.3173  23.272  23.0112  23  22.9963  22.9039  24.6761  23.3971  23.0112  23  22.9963  22.904  0 24.6721  23.4347  23.0227  23.0354  22.9921  22.8055  0.183541  0.0206531  0.0123511  0.0209983  0.0375902  0.105614  
67  24.3173  23.272  23.0112  23  22.9963  22.9039  24.6092  23.3509  23.0112  23  22.9963  22.9039  0 24.5887  23.3387  22.9999  23.0401  23.0155  22.9634  0.173024  0.0199698  0.0123511  0.0209983  0.0375901  0.10561  
68  24.3173  23.272  23.0112  23  22.9963  22.9039  24.5284  23.3667  23.0112  23  22.9963  22.904  0 24.6679  23.3489  23.0126  23.0029  23.0227  22.926  0.161147  0.0202014  0.0123511  0.0209983  0.0375901  0.105615  
69  24.3173  23.272  23.0112  23  22.9963  22.9039  24.6269  23.4007  23.0112  23  22.9963  22.904  0 25.0143  23.4013  23.0133  23.0185  23.0193  22.87  0.175745  0.0207069  0.0123512  0.0209983  0.0375905  0.105614  
70  24.3173  23.272  23.0112  23  22.9963  22.9039  24.6242  23.3854  23.0112  23  22.9963  22.904  0 24.5403  23.4267  22.9872  23.0114  22.9478  23.0781  0.175324  0.0204769  0.0123511  0.0209983  0.0375904  0.105615  
71  24.3173  23.272  23.0112  23  22.9963  22.9039  24.5842  23.3785  23.0112  23  22.9963  22.904  0 24.4466  23.3668  22.9991  23.0206  22.9477  22.9398  0.169259  0.020375  0.0123511  0.0209983  0.03759  0.105613  
72  24.3173  23.272  23.0112  23  22.9963  22.9039  24.5438  23.3686  23.0112  23  22.9963  22.9039  0 24.7188  23.3712  23.0099  22.9797  23.038  23.0806  0.163346  0.0202283  0.0123511  0.0209983  0.0375904  0.105611  
73  24.3173  23.272  23.0112  23  22.9963  22.9039  24.5148  23.371  23.0112  23  22.9963  22.904  0 24.4805  23.3631  22.9929  23.0085  22.9865  22.9754  0.159237  0.0202632  0.0123512  0.0209983  0.0375906  0.105615  
74  24.3173  23.272  23.0112  23  22.9963  22.9039  24.6663  23.3807  23.0112  23  22.9963  22.9039  0 24.5483  23.3287  23.0063  23.0229  22.9633  22.8835  0.181962  0.0204077  0.0123511  0.0209983  0.0375903  0.105612  
75  24.3173  23.272  23.0112  23  22.9963  22.9039  24.6095  23.3635  23.0112  23  22.9963  22.9039  0 24.4951  23.3405  23.0321  22.9977  23.0125  22.9885  0.173069  0.020154  0.0123512  0.0209983  0.0375907  0.105612  
76  24.3173  23.272  23.0112  23  22.9963  22.9039  24.746  23.4015  23.0112  23  22.9964  22.904  0 24.7806  23.3598  23.0248  23.0016  23.0397  22.7979  0.19525  0.0207196  0.0123512  0.0209983  0.0375917  0.105618  
77  24.3173  23.272  23.0112  23  22.9963  22.9039  24.6272  23.4427  23.0112  23  22.9963  22.904  0 24.7208  23.4544  23.0131  22.9899  22.9876  22.8019  0.175791  0.0213557  0.0123512  0.0209983  0.0375911  0.105613  
78  24.3173  23.272  23.0112  23  22.9963  22.9039  24.6262  23.4105  23.0112  23  22.9963  22.904  0 24.6731  23.3979  22.9937  23.0017  23.0028  22.7631  0.175643  0.0208571  0.0123512  0.0209983  0.0375904  0.105615  
79  24.3173  23.272  23.0112  23  22.9963  22.9039  24.6574  23.4006  23.0112  23  22.9963  22.904  0 24.6124  23.3744  23.0028  22.9688  23.0441  22.7555  0.180539  0.0207057  0.0123512  0.0209983  0.0375909  0.105618  
80  24.3173  23.272  23.0112  23  22.9963  22.9039  24.6159  23.4129  23.0112  23  22.9963  22.904  0 24.649  23.4009  22.9918  23.0022  22.9666  22.8374  0.174056  0.0208938  0.0123512  0.0209983  0.0375906  0.105614  
81  24.3173  23.272  23.0112  23  22.9963  22.9039  24.5913  23.3489  23.0112  23  22.9963  22.9039  0 24.8033  23.3504  23.006  22.9788  23.0056  22.9062  0.170315  0.0199418  0.0123512  0.0209983  0.0375911  0.105612  
82  24.3173  23.272  23.0112  23  22.9963  22.9039  24.9138  23.4066  23.0112  23  22.9963  22.904  0 24.7451  23.397  22.9993  22.9574  22.9959  23.0482  0.226622  0.0207974  0.012351  0.0209983  0.0375906  0.105618  
83  24.3173  23.272  23.0112  23  22.9963  22.9039  24.6697  23.4005  23.0112  23  22.9963  22.904  0 24.9044  23.4108  23.0022  22.9962  23.0409  22.8228  0.182505  0.0207044  0.0123511  0.0209983  0.0375909  0.105612  
84  24.3173  23.272  23.0112  23  22.9963  22.9039  24.6301  23.4162  23.0112  23  22.9963  22.904  0 24.6244  23.4506  23.0176  22.9716  22.9671  22.9153  0.176246  0.0209442  0.0123512  0.0209983  0.0375906  0.105614  
85  24.3173  23.272  23.0112  23  22.9963  22.9039  24.5339  23.373  23.0112  23  22.9963  22.904  0 24.2979  23.3881  23.0038  22.9921  22.9664  22.9554  0.161936  0.0202931  0.0123512  0.0209983  0.0375906  0.105613  
86  24.3173  23.272  23.0112  23  22.9963  22.9039  24.6404  23.3989  23.0112  23  22.9963  22.904  0 24.6023  23.4076  23.0168  23.0092  23.05  22.9492  0.177856  0.0206797  0.0123512  0.0209983  0.0375908  0.105614  
87  24.3173  23.272  23.0112  23  22.9963  22.9039  24.6253  23.3849  23.0112  23  22.9963  22.904  0 24.482  23.4045  23.0175  22.9793  22.9371  23.032  0.175499  0.0204696  0.0123511  0.0209983  0.0375901  0.105613  
88  24.3173  23.272  23.0112  23  22.9963  22.9039  24.6464  23.3463  23.0112  23  22.9963  22.9039  0 24.8315  23.3208  22.9941  23.0247  23.0477  22.9963  0.17879  0.0199039  0.0123511  0.0209983  0.0375901  0.105612  
89  24.3173  23.272  23.0112  23  22.9963  22.9039  24.5933  23.4198  23.0112  23  22.9963  22.904  0 24.7746  23.433  22.9902  23.0449  23.0114  22.8111  0.170616  0.0209996  0.0123512  0.0209983  0.0375912  0.105616  
90  24.3173  23.272  23.0112  23  22.9963  22.9039  24.7486  23.3962  23.0112  23  22.9963  22.9039  0 24.6765  23.4248  23.0321  23.0243  22.9828  22.8557  0.195708  0.0206397  0.0123511  0.0209983  0.0375912  0.105611  
91  24.3173  23.272  23.0112  23  22.9963  22.9039  24.6905  23.3855  23.0112  23  22.9963  22.904  0 24.7866  23.4128  23.024  23.0048  23.0217  22.8747  0.185904  0.0204783  0.0123511  0.0209983  0.0375905  0.105613  
92  24.3173  23.272  23.0112  23  22.9963  22.9039  24.5191  23.4177  23.0112  23  22.9963  22.904  0 24.2927  23.3833  23.017  23.0305  22.9961  22.9003  0.159845  0.0209665  0.0123512  0.0209983  0.0375902  0.105612  
93  24.3173  23.272  23.0112  23  22.9963  22.9039  24.6867  23.3999  23.0112  23  22.9963  22.904  0 24.8301  23.3809  23.0186  22.9616  22.9847  22.8121  0.185274  0.0206959  0.0123511  0.0209983  0.0375909  0.105613  
94  24.3173  23.272  23.0112  23  22.9963  22.9039  24.6487  23.369  23.0112  23  22.9963  22.904  0 24.5053  23.4  23.0079  22.943  22.9955  22.7717  0.17916  0.0202343  0.0123512  0.0209983  0.0375911  0.105614  
95  24.3173  23.272  23.0112  23  22.9963  22.9039  24.6721  23.3944  23.0112  23  22.9963  22.904  0 24.7532  23.3923  23.0306  22.9988  23.0793  22.7447  0.182892  0.0206117  0.0123511  0.0209983  0.0375901  0.105613  
96  24.3173  23.272  23.0112  23  22.9963  22.9039  24.6379  23.39  23.0112  23  22.9963  22.904  0 24.4993  23.4239  22.9933  23.0296  22.988  22.8441  0.177454  0.0205469  0.0123512  0.0209983  0.0375905  0.105617  
97  24.3173  23.272  23.0112  23  22.9963  22.9039  24.5085  23.4181  23.0112  23  22.9963  22.904  0 24.3206  23.385  23.0131  22.9773  23.0375  22.9552  0.158363  0.0209732  0.0123512  0.0209983  0.0375904  0.105614  
98  24.3173  23.272  23.0112  23  22.9963  22.9039  24.7105  23.4004  23.0112  23  22.9963  22.904  0 24.7053  23.3872  22.9916  22.9791  23.001  22.8375  0.189214  0.0207028  0.0123512  0.0209983  0.0375902  0.105613  
99  24.3173  23.272  23.0112  23  22.9963  22.9039  24.6949  23.3689  23.0112  23  22.9963  22.904  0 24.785  23.3749  22.9971  22.9924  22.9728  22.9936  0.186618  0.0202337  0.0123511  0.0209983  0.0375906  0.105616  
100  24.3173  23.272  23.0112  23  22.9963  22.9039  24.7657  23.4086  23.0112  23  22.9963  22.904  0 24.5467  23.4185  23.0094  22.9799  22.9765  23.0682  0.198681  0.0208273  0.0123512  0.0209983  0.0375904  0.105617  
