1  23.5152  23.124  22.9822  23  22.9002  22.8692  23.6593  23.1609  22.9822  23  22.9002  22.8692  0 23.5801  23.1458  22.9796  22.9817  22.921  22.8948  0.0763947  0.0174388  0.0120919  0.0209983  0.0344212  0.102288  
2  23.5152  23.124  22.9822  23  22.9002  22.8692  23.681  23.144  22.9822  23  22.9002  22.8692  0 23.7006  23.1411  22.973  22.9992  22.889  22.8223  0.0777934  0.017233  0.012092  0.0209983  0.0344215  0.102285  
3  23.5152  23.124  22.9822  23  22.9002  22.8692  23.6499  23.1505  22.9822  23  22.9003  22.8692  0 23.5976  23.1262  22.9888  23.0205  22.8957  22.7729  0.0757969  0.0173112  0.012092  0.0209983  0.0344219  0.102286  
4  23.5152  23.124  22.9822  23  22.9002  22.8692  23.6523  23.153  22.9822  23  22.9003  22.8692  0 23.6562  23.1425  22.9834  23.0015  22.917  22.835  0.0759494  0.0173422  0.012092  0.0209983  0.034422  0.102287  
5  23.5152  23.124  22.9822  23  22.9002  22.8692  23.6759  23.1644  22.9822  23  22.9003  22.8692  0 23.6874  23.1572  22.9899  23.0027  22.9258  22.9552  0.0774615  0.0174812  0.012092  0.0209983  0.0344218  0.102288  
6  23.5152  23.124  22.9822  23  22.9002  22.8692  23.7014  23.1644  22.9822  23  22.9003  22.8692  0 23.7133  23.1625  22.9791  23.0223  22.8703  23.0385  0.0791329  0.0174808  0.012092  0.0209983  0.0344219  0.102288  
7  23.5152  23.124  22.9822  23  22.9002  22.8692  23.7111  23.1417  22.9822  23  22.9002  22.8692  0 23.5495  23.1668  22.9778  23.0105  22.9215  22.8688  0.0797743  0.0172057  0.0120919  0.0209983  0.0344214  0.102288  
8  23.5152  23.124  22.9822  23  22.9002  22.8692  23.704  23.147  22.9822  23  22.9003  22.8692  0 23.846  23.1481  22.9758  22.9938  22.9428  22.9316  0.0793017  0.0172693  0.012092  0.0209983  0.0344219  0.102287  
9  23.5152  23.124  22.9822  23  22.9002  22.8692  23.6666  23.1718  22.9822  23  22.9002  22.8692  0 23.5807  23.1852  22.9881  23.0203  22.8753  22.9738  0.0768619  0.017572  0.012092  0.0209983  0.0344217  0.10229  
10  23.5152  23.124  22.9822  23  22.9002  22.8692  23.721  23.1573  22.9822  23  22.9003  22.8692  0 23.6552  23.1632  22.9719  22.9843  22.9087  22.8972  0.080441  0.0173941  0.012092  0.0209983  0.0344221  0.102287  
11  23.5152  23.124  22.9822  23  22.9002  22.8692  23.6905  23.1522  22.9822  23  22.9002  22.8692  0 23.7985  23.1601  22.9905  22.9729  22.9289  23.042  0.0784086  0.0173322  0.0120919  0.0209983  0.0344214  0.102289  
12  23.5152  23.124  22.9822  23  22.9002  22.8692  23.7075  23.1563  22.9822  23  22.9002  22.8692  0 23.8817  23.1622  22.9789  23.0032  22.9258  22.7508  0.0795395  0.0173823  0.0120918  0.0209983  0.0344208  0.102289  
13  23.5152  23.124  22.9822  23  22.9002  22.8692  23.7319  23.1641  22.9822  23  22.9002  22.8692  0 23.7582  23.1269  22.9936  22.9928  22.9323  22.9808  0.0811843  0.017477  0.0120919  0.0209983  0.0344214  0.10229  
14  23.5152  23.124  22.9822  23  22.9002  22.8692  23.7331  23.1656  22.9822  23  22.9002  22.8692  0 23.8337  23.1497  22.9806  22.9896  22.8865  22.9231  0.0812627  0.0174961  0.012092  0.0209983  0.0344215  0.102286  
15  23.5152  23.124  22.9822  23  22.9002  22.8692  23.685  23.1684  22.9822  23  22.9002  22.8692  0 23.8248  23.1459  22.9925  23.0255  22.9029  23.0362  0.0780532  0.0175301  0.012092  0.0209983  0.0344216  0.102286  
16  23.5152  23.124  22.9822  23  22.9002  22.8692  23.774  23.1474  22.9822  23  22.9003  22.8692  0 23.9664  23.1432  22.9977  23.0113  22.8109  22.8624  0.0841048  0.0172739  0.012092  0.0209983  0.0344223  0.102287  
17  23.5152  23.124  22.9822  23  22.9002  22.8692  23.7865  23.1646  22.9822  23  22.9002  22.8692  0 23.7499  23.1875  22.9666  22.9702  22.9307  22.9153  0.0849961  0.0174831  0.0120919  0.0209983  0.0344212  0.10229  
18  23.5152  23.124  22.9822  23  22.9002  22.8692  23.6208  23.1494  22.9822  23  22.9002  22.8692  0 23.7219  23.1466  22.9634  23.0013  22.871  22.9058  0.0739796  0.0172986  0.012092  0.0209983  0.0344217  0.102286  
19  23.5152  23.124  22.9822  23  22.9002  22.8692  23.6555  23.1578  22.9822  23  22.9002  22.8692  0 23.7957  23.1562  22.9956  23.0111  22.8875  22.7907  0.0761533  0.0174005  0.0120919  0.0209983  0.0344211  0.10229  
20  23.5152  23.124  22.9822  23  22.9002  22.8692  23.7617  23.1652  22.9822  23  22.9002  22.8692  0 23.7979  23.1721  22.9728  22.9971  22.8052  22.7267  0.0832439  0.0174913  0.012092  0.0209983  0.0344218  0.102286  
21  23.5152  23.124  22.9822  23  22.9002  22.8692  23.7602  23.1608  22.9822  23  22.9002  22.8692  0 23.7131  23.1797  23.0009  23.0133  22.8963  23.0084  0.0831355  0.0174373  0.0120919  0.0209983  0.0344213  0.102287  
22  23.5152  23.124  22.9822  23  22.9002  22.8692  23.6786  23.1479  22.9822  23  22.9003  22.8692  0 23.6907  23.1566  22.9888  23.009  22.9532  22.8113  0.0776376  0.0172806  0.012092  0.0209983  0.0344221  0.102285  
23  23.5152  23.124  22.9822  23  22.9002  22.8692  23.7209  23.1525  22.9822  23  22.9002  22.8692  0 23.6805  23.1453  22.9918  22.9838  22.8949  23.0741  0.0804356  0.0173359  0.012092  0.0209983  0.0344217  0.102286  
24  23.5152  23.124  22.9822  23  22.9002  22.8692  23.6178  23.1481  22.9822  23  22.9002  22.8692  0 23.6131  23.1357  22.9793  22.9812  22.9151  22.8018  0.0737953  0.0172818  0.012092  0.0209983  0.0344217  0.102287  
25  23.5152  23.124  22.9822  23  22.9002  22.8692  23.6488  23.1519  22.9822  23  22.9002  22.8692  0 23.6646  23.1396  23.0098  22.9948  22.8393  22.8391  0.0757245  0.0173284  0.012092  0.0209983  0.0344217  0.102286  
26  23.5152  23.124  22.9822  23  22.9002  22.8692  23.7667  23.1643  22.9822  23  22.9002  22.8692  0 23.75  23.1617  22.9828  23.0302  22.8846  22.8574  0.0835913  0.0174805  0.012092  0.0209983  0.0344215  0.102286  
27  23.5152  23.124  22.9822  23  22.9002  22.8692  23.6831  23.1727  22.9822  23  22.9002  22.8692  0 23.7126  23.2119  22.982  23.0267  22.9161  22.7006  0.0779274  0.0175841  0.012092  0.0209983  0.0344217  0.102288  
28  23.5152  23.124  22.9822  23  22.9002  22.8692  23.6903  23.1667  22.9822  23  22.9002  22.8692  0 23.6748  23.1774  22.9819  22.9583  22.8821  22.8202  0.0784  0.0175098  0.012092  0.0209983  0.0344216  0.102286  
29  23.5152  23.124  22.9822  23  22.9002  22.8692  23.6748  23.165  22.9822  23  22.9002  22.8692  0 23.6644  23.1674  22.9831  23.0108  22.8304  22.9238  0.0773906  0.0174887  0.0120919  0.0209983  0.0344218  0.102288  
30  23.5152  23.124  22.9822  23  22.9002  22.8692  23.7392  23.1465  22.9822  23  22.9003  22.8692  0 23.8151  23.1431  22.9773  22.9738  22.8985  22.9687  0.0816801  0.0172637  0.012092  0.0209983  0.0344219  0.102287  
31  23.5152  23.124  22.9822  23  22.9002  22.8692  23.6243  23.1344  22.9822  23  22.9002  22.8692  0 23.5661  23.1258  22.9998  22.9874  22.9708  22.6455  0.0741973  0.0171175  0.0120919  0.0209983  0.0344212  0.102288  
32  23.5152  23.124  22.9822  23  22.9002  22.8692  23.6608  23.1567  22.9822  23  22.9002  22.8692  0 23.6734  23.1265  22.9903  22.9826  22.8513  22.8585  0.0764865  0.0173868  0.0120921  0.0209983  0.0344217  0.102288  
33  23.5152  23.124  22.9822  23  22.9002  22.8692  23.6378  23.1533  22.9822  23  22.9002  22.8692  0 23.6322  23.1691  22.9823  23.0667  22.9564  23.0009  0.0750355  0.0173451  0.012092  0.0209983  0.0344217  0.102286  
34  23.5152  23.124  22.9822  23  22.9002  22.8692  23.6306  23.1663  22.9822  23  22.9003  22.8692  0 23.5395  23.1615  22.9721  22.9884  22.9077  23.034  0.0745821  0.0175045  0.012092  0.0209983  0.0344219  0.102287  
35  23.5152  23.124  22.9822  23  22.9002  22.8692  23.7166  23.1613  22.9822  23  22.9003  22.8692  0 23.7839  23.1501  22.9711  22.9848  22.8827  22.6778  0.0801456  0.0174431  0.012092  0.0209983  0.0344219  0.102288  
36  23.5152  23.124  22.9822  23  22.9002  22.8692  23.6871  23.1506  22.9822  23  22.9003  22.8692  0 23.7189  23.1324  22.9662  22.9771  22.9385  23.0356  0.0781912  0.0173127  0.0120921  0.0209983  0.0344221  0.102285  
37  23.5152  23.124  22.9822  23  22.9002  22.8692  23.7013  23.1471  22.9822  23  22.9002  22.8692  0 23.7903  23.1487  22.9859  22.9651  22.8982  22.7892  0.0791237  0.0172698  0.0120919  0.0209983  0.0344212  0.102289  
38  23.5152  23.124  22.9822  23  22.9002  22.8692  23.7146  23.1607  22.9822  23  22.9002  22.8692  0 23.805  23.1634  22.9866  23.0127  22.9148  22.7858  0.0800082  0.0174361  0.012092  0.0209983  0.0344214  0.102287  
39  23.5152  23.124  22.9822  23  22.9002  22.8692  23.7495  23.1632  22.9822  23  22.9002  22.8692  0 23.63  23.1659  22.9748  23.0527  22.8286  23.0332  0.0823933  0.0174661  0.012092  0.0209983  0.0344215  0.102285  
40  23.5152  23.124  22.9822  23  22.9002  22.8692  23.6215  23.1443  22.9822  23  22.9003  22.8692  0 23.7237  23.1511  22.9738  23.0141  22.9377  22.8772  0.0740221  0.0172364  0.012092  0.0209983  0.0344218  0.102287  
41  23.5152  23.124  22.9822  23  22.9002  22.8692  23.7183  23.1578  22.9822  23  22.9003  22.8692  0 23.6324  23.1532  22.9591  23.0304  22.8224  22.939  0.0802621  0.0174007  0.012092  0.0209983  0.0344219  0.102286  
42  23.5152  23.124  22.9822  23  22.9002  22.8692  23.7397  23.1644  22.9822  23  22.9003  22.8692  0 23.7633  23.1566  22.9796  22.989  22.9428  22.86  0.0817165  0.0174809  0.012092  0.0209983  0.0344218  0.102287  
43  23.5152  23.124  22.9822  23  22.9002  22.8692  23.6501  23.1555  22.9822  23  22.9003  22.8692  0 23.5176  23.1373  23.0028  23.0171  22.9231  22.7956  0.0758049  0.0173717  0.0120921  0.0209983  0.034422  0.102287  
44  23.5152  23.124  22.9822  23  22.9002  22.8692  23.7861  23.1416  22.9822  23  22.9003  22.8692  0 23.8223  23.1459  22.9758  23.022  22.9172  22.7989  0.0849718  0.0172043  0.012092  0.0209983  0.0344225  0.102286  
45  23.5152  23.124  22.9822  23  22.9002  22.8692  23.7716  23.1638  22.9822  23  22.9002  22.8692  0 23.9296  23.1636  22.9885  23.0248  22.897  22.8076  0.0839358  0.0174742  0.0120918  0.0209983  0.0344215  0.102288  
46  23.5152  23.124  22.9822  23  22.9002  22.8692  23.7218  23.1503  22.9822  23  22.9002  22.8692  0 23.6783  23.1259  22.9604  22.9592  22.8687  22.7547  0.0804948  0.0173096  0.0120921  0.0209983  0.0344217  0.102287  
47  23.5152  23.124  22.9822  23  22.9002  22.8692  23.6554  23.1647  22.9822  23  22.9002  22.8692  0 23.8438  23.1727  22.9754  23.0065  22.8428  22.8578  0.0761413  0.0174853  0.012092  0.0209983  0.0344216  0.102287  
48  23.5152  23.124  22.9822  23  22.9002  22.8692  23.7655  23.1576  22.9822  23  22.9003  22.8692  0 23.7787  23.1538  22.9939  22.9974  22.8758  23.0846  0.0835053  0.0173978  0.0120921  0.0209983  0.0344224  0.102286  
49  23.5152  23.124  22.9822  23  22.9002  22.8692  23.8524  23.1476  22.9822  23  22.9002  22.8692  0 23.8653  23.134  22.9961  22.9938  22.9313  22.8167  0.0898664  0.0172762  0.0120918  0.0209983  0.0344208  0.102285  
50  23.5152  23.124  22.9822  23  22.9002  22.8692  23.7947  23.1555  22.9822  23  22.9002  22.8692  0 23.7702  23.1444  22.9585  22.9519  22.8969  22.8738  0.0855892  0.0173719  0.012092  0.0209983  0.0344214  0.102285  
51  23.5152  23.124  22.9822  23  22.9002  22.8692  23.7987  23.1473  22.9822  23  22.9002  22.8692  0 23.7837  23.1507  22.9726  22.986  22.913  22.9333  0.08588  0.0172723  0.012092  0.0209983  0.0344217  0.102285  
52  23.5152  23.124  22.9822  23  22.9002  22.8692  23.7387  23.1564  22.9822  23  22.9002  22.8692  0 23.7574  23.1471  22.9852  22.9919  22.849  22.7991  0.081647  0.0173839  0.012092  0.0209983  0.0344216  0.102285  
53  23.5152  23.124  22.9822  23  22.9002  22.8692  23.6396  23.1476  22.9822  23  22.9003  22.8692  0 23.5026  23.1506  23.0019  22.9849  22.9247  22.7759  0.0751454  0.0172767  0.012092  0.0209983  0.0344219  0.102287  
54  23.5152  23.124  22.9822  23  22.9002  22.8692  23.6588  23.1644  22.9822  23  22.9002  22.8692  0 23.5375  23.1363  22.9832  23.017  22.9911  22.9435  0.0763589  0.0174814  0.012092  0.0209983  0.0344217  0.102286  
55  23.5152  23.124  22.9822  23  22.9002  22.8692  23.6845  23.1509  22.9822  23  22.9003  22.8692  0 23.739  23.134  22.9837  22.9874  22.893  22.798  0.0780202  0.0173164  0.0120921  0.0209983  0.034422  0.102286  
56  23.5152  23.124  22.9822  23  22.9002  22.8692  23.6694  23.1507  22.9822  23  22.9002  22.8692  0 23.6441  23.1775  22.9816  22.9953  22.9202  22.7299  0.0770402  0.0173136  0.012092  0.0209983  0.0344215  0.102287  
57  23.5152  23.124  22.9822  23  22.9002  22.8692  23.6517  23.1426  22.9822  23  22.9002  22.8692  0 23.6342  23.1464  23.0002  23.0119  22.9099  22.8134  0.0759085  0.0172165  0.012092  0.0209983  0.0344212  0.102285  
58  23.5152  23.124  22.9822  23  22.9002  22.8692  23.671  23.1761  22.9822  23  22.9002  22.8692  0 23.5698  23.2197  22.984  23.0014  22.8886  22.8724  0.0771412  0.0176262  0.012092  0.0209983  0.0344216  0.102288  
59  23.5152  23.124  22.9822  23  22.9002  22.8692  23.6645  23.1469  22.9822  23  22.9002  22.8692  0 23.545  23.1315  22.9966  22.9756  22.9218  22.8934  0.0767244  0.0172682  0.012092  0.0209983  0.0344218  0.102288  
60  23.5152  23.124  22.9822  23  22.9002  22.8692  23.7057  23.152  22.9822  23  22.9002  22.8692  0 23.4904  23.1718  22.9872  23.0115  22.8754  22.8855  0.0794152  0.01733  0.012092  0.0209983  0.0344216  0.102288  
61  23.5152  23.124  22.9822  23  22.9002  22.8692  23.7004  23.183  22.9822  23  22.9002  22.8692  0 23.6733  23.1567  22.9746  23.0319  22.8706  22.8191  0.0790673  0.017712  0.012092  0.0209983  0.0344215  0.102287  
62  23.5152  23.124  22.9822  23  22.9002  22.8692  23.7216  23.1422  22.9822  23  22.9002  22.8692  0 23.7328  23.1402  22.9972  22.9921  22.834  23.0093  0.0804813  0.0172112  0.012092  0.0209983  0.0344216  0.102286  
63  23.5152  23.124  22.9822  23  22.9002  22.8692  23.6628  23.1451  22.9822  23  22.9003  22.8692  0 23.575  23.1141  22.975  22.985  22.8647  22.772  0.0766183  0.0172456  0.012092  0.0209983  0.0344221  0.102286  
64  23.5152  23.124  22.9822  23  22.9002  22.8692  23.7775  23.1443  22.9822  23  22.9002  22.8692  0 23.8543  23.1399  22.9999  23.0155  22.9944  22.8479  0.0843561  0.0172369  0.0120919  0.0209983  0.0344214  0.102287  
65  23.5152  23.124  22.9822  23  22.9002  22.8692  23.7037  23.1489  22.9822  23  22.9002  22.8692  0 23.7493  23.1613  22.9846  22.9878  22.8768  22.8532  0.0792822  0.0172925  0.012092  0.0209983  0.0344216  0.102286  
66  23.5152  23.124  22.9822  23  22.9002  22.8692  23.6177  23.1625  22.9822  23  22.9002  22.8692  0 23.6161  23.1942  22.9934  23.0354  22.8964  22.7737  0.0737899  0.0174579  0.012092  0.0209983  0.0344215  0.102287  
67  23.5152  23.124  22.9822  23  22.9002  22.8692  23.6764  23.1441  22.9822  23  22.9002  22.8692  0 23.6671  23.1336  22.9712  23.0401  22.9178  22.9267  0.0774897  0.0172347  0.012092  0.0209983  0.0344217  0.102286  
68  23.5152  23.124  22.9822  23  22.9002  22.8692  23.7263  23.1463  22.9822  23  22.9002  22.8692  0 23.794  23.131  22.9835  23.0029  22.9244  22.8905  0.0807989  0.0172603  0.012092  0.0209983  0.0344218  0.102285  
69  23.5152  23.124  22.9822  23  22.9002  22.8692  23.6826  23.1651  22.9822  23  22.9002  22.8692  0 23.8375  23.1656  22.9843  23.0185  22.9213  22.8363  0.0778925  0.0174897  0.012092  0.0209983  0.0344218  0.102287  
70  23.5152  23.124  22.9822  23  22.9002  22.8692  23.6992  23.1495  22.9822  23  22.9002  22.8692  0 23.6606  23.1844  22.9587  23.0114  22.8558  23.0374  0.0789874  0.0172995  0.0120919  0.0209983  0.0344214  0.102286  
71  23.5152  23.124  22.9822  23  22.9002  22.8692  23.6437  23.1452  22.9822  23  22.9002  22.8692  0 23.5803  23.1352  22.9703  23.0206  22.8556  22.9039  0.0754071  0.017247  0.012092  0.0209983  0.0344217  0.102285  
72  23.5152  23.124  22.9822  23  22.9002  22.8692  23.7967  23.1485  22.9822  23  22.9002  22.8692  0 23.8851  23.1508  22.981  22.9797  22.9383  23.0398  0.0857364  0.0172877  0.0120919  0.0209983  0.0344218  0.102286  
73  23.5152  23.124  22.9822  23  22.9002  22.8692  23.702  23.1659  22.9822  23  22.9002  22.8692  0 23.6848  23.1592  22.9643  23.0085  22.8913  22.9383  0.0791675  0.0175001  0.012092  0.0209983  0.0344216  0.102287  
74  23.5152  23.124  22.9822  23  22.9002  22.8692  23.7067  23.1407  22.9822  23  22.9002  22.8692  0 23.6536  23.0967  22.9774  23.0229  22.87  22.8493  0.0794856  0.0171933  0.012092  0.0209983  0.0344217  0.102286  
75  23.5152  23.124  22.9822  23  22.9002  22.8692  23.7297  23.1563  22.9822  23  22.9002  22.8692  0 23.6746  23.1364  23.0026  22.9977  22.915  22.951  0.0810288  0.0173822  0.0120918  0.0209983  0.034421  0.102285  
76  23.5152  23.124  22.9822  23  22.9002  22.8692  23.6658  23.1532  22.9822  23  22.9003  22.8692  0 23.6793  23.1182  22.9955  23.0016  22.9398  22.7662  0.0768083  0.0173438  0.012092  0.0209983  0.0344222  0.102286  
77  23.5152  23.124  22.9822  23  22.9002  22.8692  23.7441  23.1615  22.9822  23  22.9003  22.8692  0 23.7868  23.171  22.984  22.9899  22.8923  22.7702  0.0820176  0.0174462  0.012092  0.0209983  0.0344223  0.102286  
78  23.5152  23.124  22.9822  23  22.9002  22.8692  23.7483  23.1633  22.9822  23  22.9002  22.8692  0 23.7701  23.1527  22.9651  23.0017  22.9061  22.7325  0.0823107  0.0174679  0.0120919  0.0209983  0.0344211  0.102287  
79  23.5152  23.124  22.9822  23  22.9002  22.8692  23.6833  23.1406  22.9822  23  22.9002  22.8692  0 23.6637  23.1188  22.974  22.9688  22.9439  22.7251  0.0779428  0.0171919  0.012092  0.0209983  0.0344215  0.102288  
80  23.5152  23.124  22.9822  23  22.9002  22.8692  23.7372  23.1462  22.9822  23  22.9003  22.8692  0 23.7526  23.1362  22.9632  23.0022  22.873  22.8047  0.0815432  0.017259  0.012092  0.0209983  0.0344218  0.102286  
81  23.5152  23.124  22.9822  23  22.9002  22.8692  23.7056  23.1599  22.9822  23  22.9003  22.8692  0 23.7994  23.1612  22.9771  22.9788  22.9087  22.8714  0.079413  0.0174262  0.0120921  0.0209983  0.034422  0.102288  
82  23.5152  23.124  22.9822  23  22.9002  22.8692  23.7359  23.1553  22.9822  23  22.9002  22.8692  0 23.6722  23.1472  22.9705  22.9574  22.8998  23.0085  0.0814533  0.0173693  0.012092  0.0209983  0.0344216  0.102284  
83  23.5152  23.124  22.9822  23  22.9002  22.8692  23.6714  23.1633  22.9822  23  22.9002  22.8692  0 23.7645  23.172  22.9734  22.9962  22.941  22.7905  0.0771657  0.0174674  0.012092  0.0209983  0.0344216  0.102286  
84  23.5152  23.124  22.9822  23  22.9002  22.8692  23.6338  23.1493  22.9822  23  22.9002  22.8692  0 23.6314  23.1776  22.9885  22.9716  22.8735  22.8801  0.0747863  0.0172974  0.012092  0.0209983  0.0344216  0.102286  
85  23.5152  23.124  22.9822  23  22.9002  22.8692  23.7009  23.1568  22.9822  23  22.9002  22.8692  0 23.5792  23.1697  22.9749  22.9921  22.8728  22.9189  0.0790971  0.0173876  0.012092  0.0209983  0.0344217  0.102286  
86  23.5152  23.124  22.9822  23  22.9002  22.8692  23.73  23.1516  22.9822  23  22.9002  22.8692  0 23.7124  23.1589  22.9877  23.0092  22.9493  22.913  0.0810503  0.017325  0.012092  0.0209983  0.0344218  0.102286  
87  23.5152  23.124  22.9822  23  22.9002  22.8692  23.7441  23.1551  22.9822  23  22.9002  22.8692  0 23.6748  23.1717  22.9884  22.9793  22.8459  22.993  0.0820164  0.0173669  0.012092  0.0209983  0.0344215  0.102285  
88  23.5152  23.124  22.9822  23  22.9002  22.8692  23.6551  23.1483  22.9822  23  22.9002  22.8692  0 23.7301  23.1261  22.9655  23.0247  22.9472  22.9585  0.0761224  0.0172854  0.012092  0.0209983  0.0344214  0.102285  
89  23.5152  23.124  22.9822  23  22.9002  22.8692  23.7084  23.1591  22.9822  23  22.9003  22.8692  0 23.7892  23.17  22.9616  23.0449  22.9141  22.7791  0.0795939  0.0174158  0.0120921  0.0209983  0.0344224  0.102288  
90  23.5152  23.124  22.9822  23  22.9002  22.8692  23.6621  23.1563  22.9822  23  22.9003  22.8692  0 23.6333  23.1803  23.0026  23.0243  22.8879  22.8224  0.0765728  0.0173819  0.012092  0.0209983  0.0344218  0.102287  
91  23.5152  23.124  22.9822  23  22.9002  22.8692  23.6942  23.154  22.9822  23  22.9002  22.8692  0 23.7338  23.1772  22.9948  23.0048  22.9234  22.8409  0.0786544  0.0173545  0.0120921  0.0209983  0.0344217  0.102286  
92  23.5152  23.124  22.9822  23  22.9002  22.8692  23.7529  23.1449  22.9822  23  22.9003  22.8692  0 23.63  23.1165  22.9879  23.0305  22.9  22.8656  0.0826282  0.0172434  0.012092  0.0209983  0.0344219  0.102285  
93  23.5152  23.124  22.9822  23  22.9002  22.8692  23.7204  23.1603  22.9822  23  22.9003  22.8692  0 23.7803  23.1443  22.9895  22.9616  22.8896  22.7801  0.080403  0.017431  0.012092  0.0209983  0.0344219  0.102286  
94  23.5152  23.124  22.9822  23  22.9002  22.8692  23.6426  23.1574  22.9822  23  22.9002  22.8692  0 23.58  23.184  22.979  22.943  22.8995  22.7409  0.0753378  0.017395  0.012092  0.0209983  0.0344217  0.102289  
95  23.5152  23.124  22.9822  23  22.9002  22.8692  23.6278  23.1473  22.9822  23  22.9002  22.8692  0 23.6601  23.1456  23.0012  22.9988  22.976  22.7146  0.0744125  0.0172725  0.012092  0.0209983  0.0344217  0.102285  
96  23.5152  23.124  22.9822  23  22.9002  22.8692  23.7474  23.1516  22.9822  23  22.9002  22.8692  0 23.681  23.1801  22.9647  23.0296  22.8927  22.8112  0.0822444  0.0173244  0.0120919  0.0209983  0.0344213  0.10229  
97  23.5152  23.124  22.9822  23  22.9002  22.8692  23.6764  23.1766  22.9822  23  22.9003  22.8692  0 23.5804  23.1487  22.984  22.9773  22.9379  22.9188  0.0774942  0.017632  0.012092  0.0209983  0.0344223  0.102288  
98  23.5152  23.124  22.9822  23  22.9002  22.8692  23.6867  23.1392  22.9822  23  22.9002  22.8692  0 23.6846  23.1283  22.963  22.9791  22.9045  22.8047  0.0781655  0.0171752  0.012092  0.0209983  0.0344217  0.102286  
99  23.5152  23.124  22.9822  23  22.9002  22.8692  23.6818  23.1512  22.9822  23  22.9003  22.8692  0 23.7185  23.1563  22.9684  22.9924  22.8787  22.9558  0.0778403  0.0173202  0.0120921  0.0209983  0.0344219  0.102287  
100  23.5152  23.124  22.9822  23  22.9002  22.8692  23.6919  23.157  22.9822  23  22.9003  22.8692  0 23.6001  23.1652  22.9804  22.9799  22.8821  23.0278  0.0785043  0.0173904  0.012092  0.0209983  0.0344219  0.102286  
