1  23.4612  23.1228  23.0177  23  22.9229  22.9246  23.5667  23.1276  23.0177  23  22.9229  22.9246  0 23.4931  23.1128  23.015  22.9817  22.9441  22.9516  0.0707258  0.0170361  0.0124101  0.0209983  0.035144  0.107642  
2  23.4612  23.1228  23.0177  23  22.9229  22.9246  23.5735  23.1265  23.0177  23  22.9229  22.9246  0 23.5914  23.1236  23.0082  22.9992  22.9114  22.8754  0.0711287  0.0170235  0.0124102  0.0209983  0.0351443  0.107642  
3  23.4612  23.1228  23.0177  23  22.9229  22.9246  23.6697  23.1258  23.0177  23  22.9229  22.9246  0 23.6165  23.1019  23.0244  23.0205  22.9183  22.8235  0.0770586  0.0170152  0.0124101  0.0209983  0.035144  0.107642  
4  23.4612  23.1228  23.0177  23  22.9229  22.9246  23.6302  23.1254  23.0177  23  22.9229  22.9246  0 23.634  23.1151  23.0189  23.0015  22.9401  22.8886  0.0745614  0.0170099  0.0124102  0.0209983  0.0351445  0.107642  
5  23.4612  23.1228  23.0177  23  22.9229  22.9246  23.6117  23.1254  23.0177  23  22.9229  22.9246  0 23.6225  23.1184  23.0256  23.0027  22.949  23.0153  0.0734177  0.0170101  0.0124101  0.0209983  0.0351443  0.107644  
6  23.4612  23.1228  23.0177  23  22.9229  22.9246  23.5769  23.1254  23.0177  23  22.9229  22.9246  0 23.5876  23.1236  23.0145  23.0223  22.8923  23.1036  0.071326  0.0170101  0.0124101  0.0209983  0.035144  0.107642  
7  23.4612  23.1228  23.0177  23  22.9229  22.9246  23.6132  23.1293  23.0177  23  22.9229  22.9246  0 23.4635  23.1541  23.0132  23.0105  22.9446  22.9242  0.0735141  0.0170567  0.0124101  0.0209983  0.0351441  0.107642  
8  23.4612  23.1228  23.0177  23  22.9229  22.9246  23.5575  23.1252  23.0177  23  22.9229  22.9246  0 23.6823  23.1262  23.0112  22.9938  22.9663  22.9905  0.0701929  0.0170077  0.0124101  0.0209983  0.0351439  0.107643  
9  23.4612  23.1228  23.0177  23  22.9229  22.9246  23.6224  23.1239  23.0177  23  22.9229  22.9246  0 23.5394  23.1369  23.0238  23.0203  22.8975  23.035  0.0740754  0.0169929  0.0124102  0.0209983  0.0351447  0.107643  
10  23.4612  23.1228  23.0177  23  22.9229  22.9246  23.5352  23.1235  23.0177  23  22.9229  22.9246  0 23.4786  23.1293  23.0071  22.9843  22.9316  22.9541  0.0689073  0.0169877  0.0124102  0.0209983  0.0351444  0.107642  
11  23.4612  23.1228  23.0177  23  22.9229  22.9246  23.6094  23.1244  23.0177  23  22.9229  22.9246  0 23.7101  23.1321  23.0262  22.9729  22.9522  23.1072  0.0732824  0.0169979  0.0124102  0.0209983  0.0351442  0.107643  
12  23.4612  23.1228  23.0177  23  22.9229  22.9246  23.7439  23.1274  23.0177  23  22.9229  22.9246  0 23.9239  23.1331  23.0144  23.0032  22.9491  22.8003  0.0820014  0.0170338  0.0124102  0.0209983  0.0351442  0.107642  
13  23.4612  23.1228  23.0177  23  22.9229  22.9246  23.641  23.1311  23.0177  23  22.9229  22.9246  0 23.6653  23.0948  23.0294  22.9928  22.9556  23.0424  0.075236  0.0170786  0.0124102  0.0209983  0.0351442  0.107642  
14  23.4612  23.1228  23.0177  23  22.9229  22.9246  23.6175  23.1251  23.0177  23  22.9229  22.9246  0 23.7085  23.1097  23.0161  22.9896  22.9089  22.9815  0.0737744  0.017007  0.0124101  0.0209983  0.0351437  0.107643  
15  23.4612  23.1228  23.0177  23  22.9229  22.9246  23.6724  23.1257  23.0177  23  22.9229  22.9247  0 23.8106  23.1038  23.0283  23.0255  22.9257  23.1012  0.0772308  0.0170134  0.01241  0.0209983  0.0351435  0.107644  
16  23.4612  23.1228  23.0177  23  22.9229  22.9246  23.6402  23.1272  23.0177  23  22.9229  22.9246  0 23.8105  23.1231  23.0336  23.0113  22.8317  22.9175  0.0751842  0.0170323  0.0124102  0.0209983  0.0351442  0.107642  
17  23.4612  23.1228  23.0177  23  22.9229  22.9246  23.6367  23.1238  23.0177  23  22.9229  22.9246  0 23.6044  23.1461  23.0017  22.9702  22.9541  22.9731  0.0749671  0.0169913  0.0124101  0.0209983  0.035144  0.107641  
18  23.4612  23.1228  23.0177  23  22.9229  22.9246  23.6558  23.1251  23.0177  23  22.9229  22.9246  0 23.76  23.1223  22.9984  23.0013  22.8931  22.9633  0.0761666  0.0170073  0.0124102  0.0209983  0.0351442  0.107642  
19  23.4612  23.1228  23.0177  23  22.9229  22.9246  23.6322  23.1249  23.0177  23  22.9229  22.9246  0 23.7695  23.1233  23.0314  23.0111  22.9099  22.8422  0.0746842  0.0170042  0.0124101  0.0209983  0.0351437  0.107642  
20  23.4612  23.1228  23.0177  23  22.9229  22.9246  23.601  23.1293  23.0177  23  22.9229  22.9246  0 23.6326  23.136  23.008  22.9971  22.8259  22.7752  0.0727721  0.017057  0.0124101  0.0209983  0.035144  0.107643  
21  23.4612  23.1228  23.0177  23  22.9229  22.9246  23.5756  23.1248  23.0177  23  22.9229  22.9247  0 23.5351  23.1432  23.0369  23.0133  22.9189  23.0716  0.0712499  0.0170031  0.01241  0.0209983  0.0351437  0.107645  
22  23.4612  23.1228  23.0177  23  22.9229  22.9246  23.5843  23.1246  23.0177  23  22.9229  22.9246  0 23.5954  23.1331  23.0245  23.009  22.977  22.8638  0.071767  0.0170006  0.0124102  0.0209983  0.0351444  0.107642  
23  23.4612  23.1228  23.0177  23  22.9229  22.9246  23.6985  23.126  23.0177  23  22.9229  22.9247  0 23.6588  23.1189  23.0275  22.9838  22.9174  23.1415  0.078936  0.0170172  0.01241  0.0209983  0.0351435  0.107644  
24  23.4612  23.1228  23.0177  23  22.9229  22.9246  23.6423  23.1247  23.0177  23  22.9229  22.9246  0 23.6375  23.1126  23.0147  22.9812  22.9381  22.8538  0.0753163  0.0170026  0.0124102  0.0209983  0.0351444  0.107642  
25  23.4612  23.1228  23.0177  23  22.9229  22.9246  23.6523  23.1256  23.0177  23  22.9229  22.9246  0 23.6682  23.1135  23.046  22.9948  22.8607  22.893  0.0759488  0.0170132  0.0124101  0.0209983  0.0351438  0.107642  
26  23.4612  23.1228  23.0177  23  22.9229  22.9246  23.6132  23.1257  23.0177  23  22.9229  22.9246  0 23.5985  23.1232  23.0183  23.0302  22.907  22.9123  0.0735138  0.0170143  0.0124101  0.0209983  0.035144  0.107642  
27  23.4612  23.1228  23.0177  23  22.9229  22.9246  23.6518  23.132  23.0177  23  22.9229  22.9246  0 23.6805  23.17  23.0175  23.0267  22.9391  22.7479  0.0759152  0.0170884  0.0124102  0.0209983  0.0351442  0.107642  
28  23.4612  23.1228  23.0177  23  22.9229  22.9246  23.5925  23.1275  23.0177  23  22.9229  22.9246  0 23.5782  23.1379  23.0174  22.9583  22.9044  22.8731  0.0722579  0.0170353  0.0124102  0.0209983  0.0351444  0.107642  
29  23.4612  23.1228  23.0177  23  22.9229  22.9246  23.608  23.1234  23.0177  23  22.9229  22.9246  0 23.5981  23.1257  23.0186  23.0108  22.8517  22.9822  0.073195  0.0169861  0.0124102  0.0209983  0.0351445  0.107642  
30  23.4612  23.1228  23.0177  23  22.9229  22.9246  23.6292  23.1273  23.0177  23  22.9229  22.9246  0 23.6981  23.1239  23.0127  22.9738  22.9212  23.0296  0.0744957  0.0170325  0.0124102  0.0209983  0.0351442  0.107643  
31  23.4612  23.1228  23.0177  23  22.9229  22.9246  23.5343  23.1287  23.0177  23  22.9229  22.9246  0 23.4802  23.1202  23.0358  22.9874  22.995  22.6904  0.0688564  0.01705  0.0124102  0.0209983  0.0351441  0.107642  
32  23.4612  23.1228  23.0177  23  22.9229  22.9246  23.698  23.1256  23.0177  23  22.9229  22.9246  0 23.711  23.0961  23.026  22.9826  22.873  22.9133  0.0789083  0.0170127  0.0124101  0.0209983  0.0351449  0.107643  
33  23.4612  23.1228  23.0177  23  22.9229  22.9246  23.5189  23.1279  23.0177  23  22.9229  22.9246  0 23.5138  23.1435  23.0178  23.0667  22.9803  23.0637  0.0679841  0.0170405  0.0124101  0.0209983  0.0351439  0.107642  
34  23.4612  23.1228  23.0177  23  22.9229  22.9246  23.6282  23.1315  23.0177  23  22.9229  22.9246  0 23.5373  23.1269  23.0073  22.9884  22.9305  23.0988  0.0744338  0.0170831  0.0124101  0.0209983  0.0351437  0.107642  
35  23.4612  23.1228  23.0177  23  22.9229  22.9246  23.5414  23.124  23.0177  23  22.9229  22.9246  0 23.5993  23.113  23.0063  22.9848  22.905  22.7241  0.0692587  0.0169933  0.0124102  0.0209983  0.0351444  0.107642  
36  23.4612  23.1228  23.0177  23  22.9229  22.9246  23.5661  23.1237  23.0177  23  22.9229  22.9246  0 23.5948  23.1058  23.0012  22.9771  22.962  23.1006  0.0706928  0.0169898  0.0124102  0.0209983  0.0351444  0.107642  
37  23.4612  23.1228  23.0177  23  22.9229  22.9246  23.562  23.1254  23.0177  23  22.9229  22.9246  0 23.6409  23.127  23.0216  22.9651  22.9209  22.8406  0.0704515  0.0170106  0.0124102  0.0209983  0.0351442  0.107643  
38  23.4612  23.1228  23.0177  23  22.9229  22.9246  23.7118  23.1254  23.0177  23  22.9229  22.9247  0 23.802  23.128  23.0222  23.0127  22.9378  22.8371  0.079821  0.0170101  0.01241  0.0209983  0.0351441  0.107646  
39  23.4612  23.1228  23.0177  23  22.9229  22.9246  23.6674  23.1268  23.0177  23  22.9229  22.9246  0 23.5554  23.1295  23.0102  23.0527  22.8499  23.0979  0.076909  0.0170272  0.0124102  0.0209983  0.0351441  0.107642  
40  23.4612  23.1228  23.0177  23  22.9229  22.9246  23.6359  23.1253  23.0177  23  22.9229  22.9247  0 23.7394  23.1319  23.0091  23.0141  22.9612  22.9331  0.0749164  0.0170088  0.0124101  0.0209983  0.0351444  0.107644  
41  23.4612  23.1228  23.0177  23  22.9229  22.9246  23.5575  23.125  23.0177  23  22.9229  22.9246  0 23.4819  23.1205  22.994  23.0304  22.8435  22.9982  0.0701881  0.017005  0.0124102  0.0209983  0.0351441  0.107642  
42  23.4612  23.1228  23.0177  23  22.9229  22.9246  23.5963  23.1236  23.0177  23  22.9229  22.9246  0 23.6171  23.1161  23.0151  22.989  22.9664  22.9149  0.0724836  0.0169894  0.0124102  0.0209983  0.0351442  0.107642  
43  23.4612  23.1228  23.0177  23  22.9229  22.9246  23.6383  23.127  23.0177  23  22.9229  22.9247  0 23.5071  23.1091  23.0389  23.0171  22.9462  22.8474  0.0750673  0.0170289  0.01241  0.0209983  0.0351443  0.107645  
44  23.4612  23.1228  23.0177  23  22.9229  22.9246  23.5904  23.1264  23.0177  23  22.9229  22.9246  0 23.6211  23.1306  23.0112  23.022  22.9402  22.8508  0.0721339  0.0170225  0.0124102  0.0209983  0.0351443  0.107642  
45  23.4612  23.1228  23.0177  23  22.9229  22.9246  23.5898  23.125  23.0177  23  22.9229  22.9246  0 23.7241  23.1248  23.0242  23.0248  22.9197  22.8599  0.0720975  0.0170061  0.0124101  0.0209983  0.0351441  0.107642  
46  23.4612  23.1228  23.0177  23  22.9229  22.9246  23.6158  23.1257  23.0177  23  22.9229  22.9246  0 23.5759  23.1017  22.9954  22.9592  22.8908  22.8045  0.0736707  0.0170143  0.0124102  0.0209983  0.0351446  0.107642  
47  23.4612  23.1228  23.0177  23  22.9229  22.9246  23.6789  23.1353  23.0177  23  22.9229  22.9247  0 23.8714  23.1431  23.0107  23.0065  22.8642  22.9127  0.0776512  0.0171285  0.01241  0.0209983  0.0351435  0.107645  
48  23.4612  23.1228  23.0177  23  22.9229  22.9246  23.6122  23.1264  23.0177  23  22.9229  22.9246  0 23.6238  23.1227  23.0297  22.9974  22.898  23.1526  0.07345  0.0170226  0.0124101  0.0209983  0.0351438  0.107642  
49  23.4612  23.1228  23.0177  23  22.9229  22.9246  23.6472  23.1276  23.0177  23  22.9229  22.9246  0 23.6581  23.1142  23.032  22.9938  22.9547  22.8695  0.0756252  0.0170362  0.0124102  0.0209983  0.0351448  0.107642  
50  23.4612  23.1228  23.0177  23  22.9229  22.9246  23.6002  23.1264  23.0177  23  22.9229  22.9246  0 23.5794  23.1156  22.9934  22.9519  22.9195  22.9295  0.0727244  0.0170226  0.0124101  0.0209983  0.0351441  0.107643  
51  23.4612  23.1228  23.0177  23  22.9229  22.9246  23.6382  23.1272  23.0177  23  22.9229  22.9246  0 23.625  23.1306  23.0079  22.986  22.936  22.9922  0.0750581  0.0170316  0.0124102  0.0209983  0.0351449  0.107642  
52  23.4612  23.1228  23.0177  23  22.9229  22.9246  23.6261  23.1255  23.0177  23  22.9229  22.9246  0 23.6431  23.1164  23.0208  22.9919  22.8706  22.851  0.0743063  0.0170114  0.0124102  0.0209983  0.0351442  0.107643  
53  23.4612  23.1228  23.0177  23  22.9229  22.9246  23.6708  23.126  23.0177  23  22.9229  22.9246  0 23.5304  23.1289  23.0379  22.9849  22.9479  22.8267  0.0771307  0.0170173  0.0124102  0.0209983  0.0351445  0.107642  
54  23.4612  23.1228  23.0177  23  22.9229  22.9246  23.6016  23.1251  23.0177  23  22.9229  22.9246  0 23.4857  23.0977  23.0187  23.017  23.0158  23.0029  0.0728078  0.0170064  0.0124101  0.0209983  0.035144  0.107642  
55  23.4612  23.1228  23.0177  23  22.9229  22.9246  23.6087  23.1266  23.0177  23  22.9229  22.9246  0 23.6598  23.11  23.0192  22.9874  22.9155  22.8498  0.0732399  0.0170248  0.0124102  0.0209983  0.0351443  0.107642  
56  23.4612  23.1228  23.0177  23  22.9229  22.9246  23.5758  23.1245  23.0177  23  22.9229  22.9246  0 23.5524  23.1508  23.0171  22.9953  22.9433  22.7785  0.0712646  0.0169998  0.01241  0.0209983  0.0351435  0.107641  
57  23.4612  23.1228  23.0177  23  22.9229  22.9246  23.5636  23.1241  23.0177  23  22.9229  22.9246  0 23.5473  23.1278  23.0362  23.0119  22.9327  22.866  0.0705428  0.0169947  0.0124101  0.0209983  0.0351441  0.107643  
58  23.4612  23.1228  23.0177  23  22.9229  22.9246  23.7372  23.1279  23.0177  23  22.9229  22.9247  0 23.6305  23.17  23.0195  23.0014  22.911  22.928  0.0815447  0.0170399  0.0124101  0.0209983  0.0351444  0.107645  
59  23.4612  23.1228  23.0177  23  22.9229  22.9246  23.6726  23.1287  23.0177  23  22.9229  22.9247  0 23.5524  23.1134  23.0325  22.9756  22.9449  22.9502  0.0772492  0.0170496  0.0124101  0.0209983  0.035144  0.107644  
60  23.4612  23.1228  23.0177  23  22.9229  22.9246  23.6161  23.1312  23.0177  23  22.9229  22.9246  0 23.415  23.1507  23.0228  23.0115  22.8976  22.9418  0.0736917  0.0170794  0.0124102  0.0209983  0.0351445  0.107642  
61  23.4612  23.1228  23.0177  23  22.9229  22.9246  23.5968  23.1295  23.0177  23  22.9229  22.9246  0 23.5719  23.1041  23.0099  23.0319  22.8926  22.872  0.0725139  0.0170591  0.0124102  0.0209983  0.0351442  0.107643  
62  23.4612  23.1228  23.0177  23  22.9229  22.9246  23.6574  23.1332  23.0177  23  22.9229  22.9247  0 23.668  23.1312  23.0331  22.9921  22.8553  23.0727  0.0762683  0.0171038  0.01241  0.0209983  0.0351441  0.107645  
63  23.4612  23.1228  23.0177  23  22.9229  22.9246  23.6602  23.1264  23.0177  23  22.9229  22.9246  0 23.5725  23.0958  23.0103  22.985  22.8866  22.8226  0.0764482  0.0170219  0.0124101  0.0209983  0.0351444  0.107642  
64  23.4612  23.1228  23.0177  23  22.9229  22.9246  23.5525  23.1258  23.0177  23  22.9229  22.9246  0 23.6157  23.1214  23.0359  23.0155  23.0191  22.9023  0.0698974  0.017015  0.0124102  0.0209983  0.0351443  0.107642  
65  23.4612  23.1228  23.0177  23  22.9229  22.9246  23.6783  23.1299  23.0177  23  22.9229  22.9246  0 23.7229  23.1421  23.0202  22.9878  22.899  22.9078  0.0776133  0.0170635  0.0124101  0.0209983  0.0351443  0.107641  
66  23.4612  23.1228  23.0177  23  22.9229  22.9246  23.6309  23.1314  23.0177  23  22.9229  22.9246  0 23.6293  23.1624  23.0292  23.0354  22.919  22.8244  0.0746054  0.0170823  0.0124101  0.0209983  0.0351448  0.107643  
67  23.4612  23.1228  23.0177  23  22.9229  22.9246  23.6562  23.1303  23.0177  23  22.9229  22.9246  0 23.6472  23.1199  23.0064  23.0401  22.9408  22.9853  0.0761969  0.0170685  0.0124101  0.0209983  0.0351442  0.107643  
68  23.4612  23.1228  23.0177  23  22.9229  22.9246  23.6062  23.132  23.0177  23  22.9229  22.9246  0 23.6673  23.1169  23.0191  23.0029  22.9476  22.9471  0.0730839  0.0170888  0.0124101  0.0209983  0.0351443  0.107642  
69  23.4612  23.1228  23.0177  23  22.9229  22.9246  23.5831  23.1244  23.0177  23  22.9229  22.9246  0 23.7249  23.1249  23.0198  23.0185  22.9444  22.89  0.0716983  0.0169982  0.0124101  0.0209983  0.0351437  0.107642  
70  23.4612  23.1228  23.0177  23  22.9229  22.9246  23.5725  23.1257  23.0177  23  22.9229  22.9246  0 23.5377  23.16  22.9936  23.0114  22.8775  23.1024  0.0710653  0.0170144  0.0124101  0.0209983  0.0351437  0.107643  
71  23.4612  23.1228  23.0177  23  22.9229  22.9246  23.5602  23.1303  23.0177  23  22.9229  22.9246  0 23.5008  23.1204  23.0055  23.0206  22.8774  22.9612  0.0703448  0.0170685  0.0124102  0.0209983  0.0351441  0.107642  
72  23.4612  23.1228  23.0177  23  22.9229  22.9246  23.5594  23.1255  23.0177  23  22.9229  22.9247  0 23.6313  23.1277  23.0164  22.9797  22.9618  23.105  0.0702993  0.0170111  0.0124101  0.0209983  0.0351437  0.107645  
73  23.4612  23.1228  23.0177  23  22.9229  22.9246  23.62  23.1276  23.0177  23  22.9229  22.9247  0 23.604  23.121  22.9993  23.0085  22.9137  22.9976  0.0739292  0.0170367  0.01241  0.0209983  0.0351437  0.107645  
74  23.4612  23.1228  23.0177  23  22.9229  22.9246  23.5297  23.1256  23.0177  23  22.9229  22.9246  0 23.4837  23.0821  23.0128  23.0229  22.892  22.9038  0.0685952  0.0170131  0.0124102  0.0209983  0.0351442  0.107643  
75  23.4612  23.1228  23.0177  23  22.9229  22.9246  23.6156  23.1255  23.0177  23  22.9229  22.9246  0 23.5655  23.106  23.0387  22.9977  22.938  23.0109  0.0736608  0.0170118  0.0124102  0.0209983  0.0351443  0.107642  
76  23.4612  23.1228  23.0177  23  22.9229  22.9246  23.6003  23.1245  23.0177  23  22.9229  22.9247  0 23.613  23.0902  23.0314  23.0016  22.9633  22.8166  0.0727258  0.0169995  0.0124101  0.0209983  0.0351438  0.107645  
77  23.4612  23.1228  23.0177  23  22.9229  22.9246  23.5699  23.125  23.0177  23  22.9229  22.9246  0 23.6067  23.1343  23.0196  22.9899  22.9147  22.8207  0.0709154  0.0170059  0.0124101  0.0209983  0.035144  0.107643  
78  23.4612  23.1228  23.0177  23  22.9229  22.9246  23.6365  23.1295  23.0177  23  22.9229  22.9246  0 23.6563  23.1191  23.0001  23.0017  22.9289  22.7813  0.0749555  0.0170587  0.0124101  0.0209983  0.0351439  0.107644  
79  23.4612  23.1228  23.0177  23  22.9229  22.9246  23.6793  23.1269  23.0177  23  22.9229  22.9246  0 23.6597  23.1052  23.0093  22.9688  22.9675  22.7735  0.0776817  0.0170277  0.0124101  0.0209983  0.0351439  0.107641  
80  23.4612  23.1228  23.0177  23  22.9229  22.9246  23.5472  23.1255  23.0177  23  22.9229  22.9246  0 23.5603  23.1157  22.9982  23.0022  22.8951  22.8569  0.0695931  0.017012  0.0124102  0.0209983  0.0351441  0.107643  
81  23.4612  23.1228  23.0177  23  22.9229  22.9246  23.6465  23.1241  23.0177  23  22.9229  22.9246  0 23.7355  23.1253  23.0125  22.9788  22.9316  22.9269  0.0755812  0.0169945  0.0124102  0.0209983  0.0351445  0.107642  
82  23.4612  23.1228  23.0177  23  22.9229  22.9246  23.5939  23.1284  23.0177  23  22.9229  22.9246  0 23.5371  23.1205  23.0057  22.9574  22.9225  23.0718  0.0723392  0.0170459  0.01241  0.0209983  0.0351437  0.107642  
83  23.4612  23.1228  23.0177  23  22.9229  22.9246  23.7007  23.1262  23.0177  23  22.9229  22.9246  0 23.7962  23.1347  23.0086  22.9962  22.9645  22.8419  0.0790841  0.0170197  0.0124102  0.0209983  0.0351444  0.107642  
84  23.4612  23.1228  23.0177  23  22.9229  22.9246  23.6919  23.1281  23.0177  23  22.9229  22.9246  0 23.6893  23.1559  23.0241  22.9716  22.8956  22.9362  0.078501  0.0170423  0.0124101  0.0209983  0.0351441  0.107643  
85  23.4612  23.1228  23.0177  23  22.9229  22.9246  23.6155  23.1237  23.0177  23  22.9229  22.9246  0 23.5017  23.1364  23.0102  22.9921  22.8949  22.977  0.0736503  0.0169907  0.0124102  0.0209983  0.0351444  0.107642  
86  23.4612  23.1228  23.0177  23  22.9229  22.9246  23.5427  23.1248  23.0177  23  22.9229  22.9246  0 23.5277  23.132  23.0233  23.0092  22.973  22.9708  0.0693375  0.0170033  0.0124102  0.0209983  0.0351443  0.107643  
87  23.4612  23.1228  23.0177  23  22.9229  22.9246  23.6366  23.1261  23.0177  23  22.9229  22.9246  0 23.5731  23.1424  23.024  22.9793  22.8675  23.0553  0.0749599  0.0170189  0.0124101  0.0209983  0.0351452  0.107643  
88  23.4612  23.1228  23.0177  23  22.9229  22.9246  23.5606  23.126  23.0177  23  22.9229  22.9246  0 23.6297  23.1042  23.0005  23.0247  22.9708  23.0188  0.070368  0.0170179  0.0124101  0.0209983  0.0351439  0.107643  
89  23.4612  23.1228  23.0177  23  22.9229  22.9246  23.6229  23.1239  23.0177  23  22.9229  22.9246  0 23.698  23.1345  22.9966  23.0449  22.937  22.8301  0.0741085  0.0169923  0.0124102  0.0209983  0.0351442  0.107642  
90  23.4612  23.1228  23.0177  23  22.9229  22.9246  23.6086  23.1284  23.0177  23  22.9229  22.9246  0 23.5811  23.152  23.0387  23.0243  22.9103  22.8755  0.0732319  0.0170463  0.0124102  0.0209983  0.0351441  0.107643  
91  23.4612  23.1228  23.0177  23  22.9229  22.9246  23.5948  23.1262  23.0177  23  22.9229  22.9247  0 23.6312  23.1489  23.0306  23.0048  22.9466  22.8949  0.0723942  0.01702  0.01241  0.0209983  0.0351438  0.107645  
92  23.4612  23.1228  23.0177  23  22.9229  22.9246  23.6167  23.1278  23.0177  23  22.9229  22.9246  0 23.5063  23.0998  23.0235  23.0305  22.9227  22.9209  0.073724  0.017039  0.0124102  0.0209983  0.0351442  0.107642  
93  23.4612  23.1228  23.0177  23  22.9229  22.9246  23.6067  23.127  23.0177  23  22.9229  22.9246  0 23.6611  23.1113  23.0252  22.9616  22.9121  22.8311  0.0731188  0.0170291  0.01241  0.0209983  0.0351438  0.107643  
94  23.4612  23.1228  23.0177  23  22.9229  22.9246  23.6207  23.1264  23.0177  23  22.9229  22.9246  0 23.5592  23.1525  23.0144  22.943  22.9222  22.79  0.0739726  0.0170224  0.0124102  0.0209983  0.0351442  0.107642  
95  23.4612  23.1228  23.0177  23  22.9229  22.9246  23.6566  23.1265  23.0177  23  22.9229  22.9246  0 23.6897  23.1249  23.0372  22.9988  23.0003  22.7625  0.0762224  0.0170237  0.0124101  0.0209983  0.0351444  0.107642  
96  23.4612  23.1228  23.0177  23  22.9229  22.9246  23.6468  23.1256  23.0177  23  22.9229  22.9246  0 23.5856  23.1536  22.9997  23.0296  22.9152  22.8637  0.0755999  0.0170129  0.0124101  0.0209983  0.0351443  0.107644  
97  23.4612  23.1228  23.0177  23  22.9229  22.9246  23.5571  23.1266  23.0177  23  22.9229  22.9246  0 23.4698  23.0996  23.0196  22.9773  22.9613  22.9769  0.0701647  0.0170246  0.0124101  0.0209983  0.0351441  0.107643  
98  23.4612  23.1228  23.0177  23  22.9229  22.9246  23.56  23.1242  23.0177  23  22.9229  22.9246  0 23.5581  23.1134  22.998  22.9791  22.9273  22.8569  0.0703346  0.0169957  0.0124102  0.0209983  0.0351443  0.107643  
99  23.4612  23.1228  23.0177  23  22.9229  22.9246  23.5872  23.1331  23.0177  23  22.9229  22.9246  0 23.6211  23.1381  23.0035  22.9924  22.9009  23.016  0.0719416  0.0171019  0.0124102  0.0209983  0.0351442  0.107642  
100  23.4612  23.1228  23.0177  23  22.9229  22.9246  23.5885  23.125  23.0177  23  22.9229  22.9246  0 23.504  23.133  23.0159  22.9799  22.9044  23.0922  0.0720181  0.0170052  0.0124102  0.0209983  0.0351442  0.107642  
