1  23.3519  23.1101  23.1211  23  23.0026  22.7911  23.3894  23.1101  23.1211  23  23.0026  22.7911  0 23.3256  23.0955  23.1183  22.9817  23.0254  22.8149  0.0611306  0.0168299  0.0133987  0.0209983  0.0378061  0.0951948  
2  23.3519  23.1101  23.1211  23  23.0026  22.7911  23.3788  23.1101  23.1211  23  23.0026  22.7911  0 23.394  23.1072  23.1109  22.9992  22.9902  22.7474  0.0606035  0.0168299  0.0133987  0.0209983  0.0378061  0.0951949  
3  23.3519  23.1101  23.1211  23  23.0026  22.7911  23.3729  23.1101  23.1211  23  23.0026  22.7911  0 23.331  23.0865  23.1284  23.0205  22.9976  22.7012  0.0603093  0.0168299  0.0133987  0.0209983  0.0378061  0.0951949  
4  23.3519  23.1101  23.1211  23  23.0026  22.7911  23.3611  23.1101  23.1211  23  23.0026  22.7911  0 23.3641  23.0999  23.1225  23.0015  23.021  22.7592  0.0597348  0.0168299  0.0133987  0.0209983  0.0378061  0.0951949  
5  23.3519  23.1101  23.1211  23  23.0026  22.7911  23.3618  23.1101  23.1211  23  23.0026  22.7911  0 23.3707  23.1032  23.1297  23.0027  23.0307  22.8709  0.0597704  0.0168299  0.0133987  0.0209983  0.0378061  0.0951949  
6  23.3519  23.1101  23.1211  23  23.0026  22.7911  23.4579  23.1101  23.1211  23  23.0026  22.7911  0 23.4677  23.1083  23.1177  23.0223  22.9697  22.9478  0.0646566  0.0168299  0.0133987  0.0209983  0.0378061  0.0951946  
7  23.3519  23.1101  23.1211  23  23.0026  22.7911  23.3952  23.1101  23.1211  23  23.0026  22.7911  0 23.2687  23.1346  23.1162  23.0105  23.0259  22.7908  0.0614199  0.0168299  0.0133987  0.0209983  0.0378061  0.0951948  
8  23.3519  23.1101  23.1211  23  23.0026  22.7911  23.3901  23.1101  23.1211  23  23.0026  22.7911  0 23.498  23.1112  23.1141  22.9938  23.0493  22.8491  0.0611636  0.0168299  0.0133987  0.0209983  0.0378061  0.0951948  
9  23.3519  23.1101  23.1211  23  23.0026  22.7911  23.3751  23.1101  23.1211  23  23.0026  22.7911  0 23.307  23.123  23.1277  23.0203  22.9752  22.8881  0.0604202  0.0168299  0.0133987  0.0209983  0.0378061  0.0951948  
10  23.3519  23.1101  23.1211  23  23.0026  22.7911  23.3677  23.1101  23.1211  23  23.0026  22.7911  0 23.3182  23.1158  23.1097  22.9843  23.0118  22.8171  0.0600585  0.0168299  0.0133987  0.0209983  0.0378061  0.0951949  
11  23.3519  23.1101  23.1211  23  23.0026  22.7911  23.376  23.1101  23.1211  23  23.0026  22.7911  0 23.4583  23.1177  23.1304  22.9729  23.0341  22.951  0.0604628  0.0168299  0.0133987  0.0209983  0.0378061  0.0951948  
12  23.3519  23.1101  23.1211  23  23.0026  22.7911  23.4115  23.1101  23.1211  23  23.0026  22.7911  0 23.5453  23.1158  23.1176  23.0032  23.0307  22.6805  0.0622404  0.0168299  0.0133987  0.0209983  0.0378061  0.0951948  
13  23.3519  23.1101  23.1211  23  23.0026  22.7911  23.4201  23.1101  23.1211  23  23.0026  22.7911  0 23.4403  23.0742  23.1338  22.9928  23.0378  22.8946  0.0626819  0.0168299  0.0133987  0.0209983  0.0378061  0.0951947  
14  23.3519  23.1101  23.1211  23  23.0026  22.7911  23.3816  23.1101  23.1211  23  23.0026  22.7911  0 23.456  23.0948  23.1194  22.9896  22.9875  22.8412  0.060742  0.0168299  0.0133987  0.0209983  0.0378061  0.0951948  
15  23.3519  23.1101  23.1211  23  23.0026  22.7911  23.3856  23.1101  23.1211  23  23.0026  22.7911  0 23.4932  23.0885  23.1326  23.0255  23.0055  22.9457  0.0609397  0.0168299  0.0133987  0.0209983  0.0378061  0.0951948  
16  23.3519  23.1101  23.1211  23  23.0026  22.7911  23.3687  23.1101  23.1211  23  23.0026  22.7911  0 23.5027  23.106  23.1384  23.0113  22.9048  22.7848  0.0601065  0.0168299  0.0133987  0.0209983  0.0378061  0.0951949  
17  23.3519  23.1101  23.1211  23  23.0026  22.7911  23.4786  23.1101  23.1211  23  23.0026  22.7911  0 23.4503  23.1322  23.1038  22.9702  23.0361  22.8339  0.0657662  0.0168299  0.0133987  0.0209983  0.0378061  0.0951946  
18  23.3519  23.1101  23.1211  23  23.0026  22.7911  23.3673  23.1101  23.1211  23  23.0026  22.7911  0 23.4486  23.1073  23.1003  23.0013  22.9705  22.8252  0.0600358  0.0168299  0.0133987  0.0209983  0.0378061  0.0951949  
19  23.3519  23.1101  23.1211  23  23.0026  22.7911  23.4084  23.1101  23.1211  23  23.0026  22.7911  0 23.5213  23.1085  23.136  23.0111  22.9886  22.7179  0.0620837  0.0168299  0.0133987  0.0209983  0.0378061  0.0951948  
20  23.3519  23.1101  23.1211  23  23.0026  22.7911  23.371  23.1101  23.1211  23  23.0026  22.7911  0 23.397  23.1167  23.1107  22.9971  22.8986  22.658  0.0602172  0.0168299  0.0133987  0.0209983  0.0378061  0.0951949  
21  23.3519  23.1101  23.1211  23  23.0026  22.7911  23.3808  23.1101  23.1211  23  23.0026  22.7911  0 23.3462  23.1283  23.1419  23.0133  22.9982  22.9201  0.0606984  0.0168299  0.0133987  0.0209983  0.0378061  0.0951948  
22  23.3519  23.1101  23.1211  23  23.0026  22.7911  23.4262  23.1101  23.1211  23  23.0026  22.7911  0 23.4359  23.1185  23.1284  23.009  23.0608  22.7371  0.0629939  0.0168299  0.0133987  0.0209983  0.0378061  0.0951947  
23  23.3519  23.1101  23.1211  23  23.0026  22.7911  23.3683  23.1101  23.1211  23  23.0026  22.7911  0 23.338  23.1031  23.1317  22.9838  22.9967  22.9805  0.0600837  0.0168299  0.0133987  0.0209983  0.0378061  0.0951948  
24  23.3519  23.1101  23.1211  23  23.0026  22.7911  23.4364  23.1101  23.1211  23  23.0026  22.7911  0 23.4324  23.0981  23.1179  22.9812  23.0189  22.7282  0.0635253  0.0168299  0.0133987  0.0209983  0.0378061  0.0951947  
25  23.3519  23.1101  23.1211  23  23.0026  22.7911  23.432  23.1101  23.1211  23  23.0026  22.7911  0 23.4452  23.0981  23.1518  22.9948  22.9358  22.7631  0.0632929  0.0168299  0.0133987  0.0209983  0.0378061  0.0951947  
26  23.3519  23.1101  23.1211  23  23.0026  22.7911  23.403  23.1101  23.1211  23  23.0026  22.7911  0 23.3906  23.1076  23.1218  23.0302  22.9854  22.7802  0.0618114  0.0168299  0.0133987  0.0209983  0.0378061  0.0951947  
27  23.3519  23.1101  23.1211  23  23.0026  22.7911  23.3738  23.1101  23.1211  23  23.0026  22.7911  0 23.3966  23.1476  23.1209  23.0267  23.02  22.6334  0.0603533  0.0168299  0.0133987  0.0209983  0.0378061  0.0951949  
28  23.3519  23.1101  23.1211  23  23.0026  22.7911  23.4045  23.1101  23.1211  23  23.0026  22.7911  0 23.3922  23.1203  23.1208  22.9583  22.9826  22.7455  0.0618877  0.0168299  0.0133987  0.0209983  0.0378061  0.0951947  
29  23.3519  23.1101  23.1211  23  23.0026  22.7911  23.3744  23.1101  23.1211  23  23.0026  22.7911  0 23.3662  23.1124  23.1222  23.0108  22.9261  22.8419  0.0603832  0.0168299  0.0133987  0.0209983  0.0378061  0.0951948  
30  23.3519  23.1101  23.1211  23  23.0026  22.7911  23.3891  23.1101  23.1211  23  23.0026  22.7911  0 23.4453  23.1068  23.1157  22.9738  23.0007  22.8834  0.0611113  0.0168299  0.0133987  0.0209983  0.0378061  0.0951948  
31  23.3519  23.1101  23.1211  23  23.0026  22.7911  23.401  23.1101  23.1211  23  23.0026  22.7911  0 23.3524  23.1016  23.1407  22.9874  23.0803  22.5815  0.0617087  0.0168299  0.0133987  0.0209983  0.0378061  0.0951948  
32  23.3519  23.1101  23.1211  23  23.0026  22.7911  23.3903  23.1101  23.1211  23  23.0026  22.7911  0 23.4004  23.0809  23.1301  22.9826  22.9489  22.7811  0.0611724  0.0168299  0.0133987  0.0209983  0.0378061  0.0951948  
33  23.3519  23.1101  23.1211  23  23.0026  22.7911  23.3859  23.1101  23.1211  23  23.0026  22.7911  0 23.3813  23.1254  23.1212  23.0667  23.0644  22.9132  0.0609537  0.0168299  0.0133987  0.0209983  0.0378061  0.0951948  
34  23.3519  23.1101  23.1211  23  23.0026  22.7911  23.3908  23.1101  23.1211  23  23.0026  22.7911  0 23.3156  23.1055  23.1099  22.9884  23.0108  22.9437  0.0612002  0.0168299  0.0133987  0.0209983  0.0378061  0.0951948  
35  23.3519  23.1101  23.1211  23  23.0026  22.7911  23.3773  23.1101  23.1211  23  23.0026  22.7911  0 23.4277  23.0993  23.1089  22.9848  22.9833  22.612  0.0605276  0.0168299  0.0133987  0.0209983  0.0378061  0.0951949  
36  23.3519  23.1101  23.1211  23  23.0026  22.7911  23.3793  23.1101  23.1211  23  23.0026  22.7911  0 23.4038  23.0924  23.1034  22.9771  23.0446  22.9452  0.0606261  0.0168299  0.0133987  0.0209983  0.0378061  0.0951948  
37  23.3519  23.1101  23.1211  23  23.0026  22.7911  23.4394  23.1101  23.1211  23  23.0026  22.7911  0 23.5105  23.1117  23.1253  22.9651  23.0004  22.7165  0.0636816  0.0168299  0.0133987  0.0209983  0.0378061  0.0951947  
38  23.3519  23.1101  23.1211  23  23.0026  22.7911  23.4386  23.1101  23.1211  23  23.0026  22.7911  0 23.5099  23.1127  23.126  23.0127  23.0186  22.7133  0.0636406  0.0168299  0.0133987  0.0209983  0.0378061  0.0951946  
39  23.3519  23.1101  23.1211  23  23.0026  22.7911  23.4274  23.1101  23.1211  23  23.0026  22.7911  0 23.3347  23.1127  23.113  23.0527  22.9242  22.9429  0.0630564  0.0168299  0.0133987  0.0209983  0.0378061  0.0951947  
40  23.3519  23.1101  23.1211  23  23.0026  22.7911  23.4096  23.1101  23.1211  23  23.0026  22.7911  0 23.4947  23.1167  23.1118  23.0141  23.0438  22.7986  0.0621474  0.0168299  0.0133987  0.0209983  0.0378061  0.0951948  
41  23.3519  23.1101  23.1211  23  23.0026  22.7911  23.3928  23.1101  23.1211  23  23.0026  22.7911  0 23.3265  23.1057  23.0956  23.0304  22.9174  22.8559  0.0612956  0.0168299  0.0133987  0.0209983  0.0378061  0.0951949  
42  23.3519  23.1101  23.1211  23  23.0026  22.7911  23.4364  23.1101  23.1211  23  23.0026  22.7911  0 23.4547  23.1026  23.1183  22.989  23.0494  22.7825  0.0635234  0.0168299  0.0133987  0.0209983  0.0378061  0.0951948  
43  23.3519  23.1101  23.1211  23  23.0026  22.7911  23.3745  23.1101  23.1211  23  23.0026  22.7911  0 23.2677  23.0925  23.144  23.0171  23.0276  22.7225  0.0603888  0.0168299  0.0133987  0.0209983  0.0378061  0.0951948  
44  23.3519  23.1101  23.1211  23  23.0026  22.7911  23.3872  23.1101  23.1211  23  23.0026  22.7911  0 23.4131  23.1142  23.1141  23.022  23.0212  22.7256  0.0610205  0.0168299  0.0133987  0.0209983  0.0378061  0.0951948  
45  23.3519  23.1101  23.1211  23  23.0026  22.7911  23.3889  23.1101  23.1211  23  23.0026  22.7911  0 23.5016  23.1099  23.1282  23.0248  22.9991  22.7337  0.0611021  0.0168299  0.0133987  0.0209983  0.0378061  0.0951948  
46  23.3519  23.1101  23.1211  23  23.0026  22.7911  23.3755  23.1101  23.1211  23  23.0026  22.7911  0 23.3427  23.0864  23.0971  22.9592  22.968  22.6842  0.06044  0.0168299  0.0133987  0.0209983  0.0378061  0.0951948  
47  23.3519  23.1101  23.1211  23  23.0026  22.7911  23.375  23.1101  23.1211  23  23.0026  22.7911  0 23.5218  23.1178  23.1136  23.0065  22.9396  22.7806  0.060415  0.0168299  0.0133987  0.0209983  0.0378061  0.0951949  
48  23.3519  23.1101  23.1211  23  23.0026  22.7911  23.4003  23.1101  23.1211  23  23.0026  22.7911  0 23.4101  23.1064  23.1341  22.9974  22.9758  22.9902  0.061677  0.0168299  0.0133987  0.0209983  0.0378061  0.0951948  
49  23.3519  23.1101  23.1211  23  23.0026  22.7911  23.3613  23.1101  23.1211  23  23.0026  22.7911  0 23.3698  23.0968  23.1366  22.9938  23.0368  22.7422  0.059743  0.0168299  0.0133987  0.0209983  0.0378061  0.0951949  
50  23.3519  23.1101  23.1211  23  23.0026  22.7911  23.3699  23.1101  23.1211  23  23.0026  22.7911  0 23.3526  23.0994  23.0949  22.9519  22.9989  22.7954  0.060164  0.0168299  0.0133987  0.0209983  0.0378061  0.0951949  
51  23.3519  23.1101  23.1211  23  23.0026  22.7911  23.408  23.1101  23.1211  23  23.0026  22.7911  0 23.3971  23.1135  23.1106  22.986  23.0166  22.8507  0.062064  0.0168299  0.0133987  0.0209983  0.0378061  0.0951948  
52  23.3519  23.1101  23.1211  23  23.0026  22.7911  23.4212  23.1101  23.1211  23  23.0026  22.7911  0 23.4356  23.1011  23.1244  22.9919  22.9464  22.7258  0.0627382  0.0168299  0.0133987  0.0209983  0.0378061  0.0951948  
53  23.3519  23.1101  23.1211  23  23.0026  22.7911  23.3847  23.1101  23.1211  23  23.0026  22.7911  0 23.2724  23.113  23.143  22.9849  23.0295  22.704  0.0608951  0.0168299  0.0133987  0.0209983  0.0378061  0.0951948  
54  23.3519  23.1101  23.1211  23  23.0026  22.7911  23.4123  23.1101  23.1211  23  23.0026  22.7911  0 23.3123  23.083  23.1222  23.017  23.1028  22.8601  0.0622808  0.0168299  0.0133987  0.0209983  0.0378061  0.0951947  
55  23.3519  23.1101  23.1211  23  23.0026  22.7911  23.4067  23.1101  23.1211  23  23.0026  22.7911  0 23.4498  23.0936  23.1228  22.9874  22.9946  22.7247  0.0619985  0.0168299  0.0133987  0.0209983  0.0378061  0.0951948  
56  23.3519  23.1101  23.1211  23  23.0026  22.7911  23.3817  23.1101  23.1211  23  23.0026  22.7911  0 23.3617  23.1362  23.1205  22.9953  23.0245  22.6609  0.0607456  0.0168299  0.0133987  0.0209983  0.0378061  0.0951949  
57  23.3519  23.1101  23.1211  23  23.0026  22.7911  23.405  23.1101  23.1211  23  23.0026  22.7911  0 23.3907  23.1137  23.1411  23.0119  23.0131  22.7391  0.0619123  0.0168299  0.0133987  0.0209983  0.0378061  0.0951947  
58  23.3519  23.1101  23.1211  23  23.0026  22.7911  23.3833  23.1101  23.1211  23  23.0026  22.7911  0 23.3027  23.1517  23.1231  23.0014  22.9897  22.7941  0.0608243  0.0168299  0.0133987  0.0209983  0.0378061  0.0951948  
59  23.3519  23.1101  23.1211  23  23.0026  22.7911  23.4013  23.1101  23.1211  23  23.0026  22.7911  0 23.3042  23.095  23.1371  22.9756  23.0263  22.8137  0.0617258  0.0168299  0.0133987  0.0209983  0.0378061  0.0951948  
60  23.3519  23.1101  23.1211  23  23.0026  22.7911  23.4134  23.1101  23.1211  23  23.0026  22.7911  0 23.2409  23.1293  23.1267  23.0115  22.9754  22.8063  0.0623368  0.0168299  0.0133987  0.0209983  0.0378061  0.0951947  
61  23.3519  23.1101  23.1211  23  23.0026  22.7911  23.405  23.1101  23.1211  23  23.0026  22.7911  0 23.3837  23.085  23.1127  23.0319  22.97  22.7445  0.0619105  0.0168299  0.0133987  0.0209983  0.0378061  0.0951948  
62  23.3519  23.1101  23.1211  23  23.0026  22.7911  23.4123  23.1101  23.1211  23  23.0026  22.7911  0 23.421  23.1081  23.1378  22.9921  22.93  22.9209  0.0622816  0.0168299  0.0133987  0.0209983  0.0378061  0.0951948  
63  23.3519  23.1101  23.1211  23  23.0026  22.7911  23.3655  23.1101  23.1211  23  23.0026  22.7911  0 23.2962  23.0798  23.1131  22.985  22.9636  22.7004  0.05995  0.0168299  0.0133987  0.0209983  0.0378061  0.0951948  
64  23.3519  23.1101  23.1211  23  23.0026  22.7911  23.3687  23.1101  23.1211  23  23.0026  22.7911  0 23.4229  23.1057  23.1408  23.0155  23.1064  22.7713  0.0601066  0.0168299  0.0133987  0.0209983  0.0378061  0.0951949  
65  23.3519  23.1101  23.1211  23  23.0026  22.7911  23.3964  23.1101  23.1211  23  23.0026  22.7911  0 23.4316  23.1221  23.1238  22.9878  22.9769  22.7763  0.0614774  0.0168299  0.0133987  0.0209983  0.0378061  0.0951948  
66  23.3519  23.1101  23.1211  23  23.0026  22.7911  23.3934  23.1101  23.1211  23  23.0026  22.7911  0 23.3921  23.1406  23.1336  23.0354  22.9984  22.702  0.0613296  0.0168299  0.0133987  0.0209983  0.0378061  0.0951948  
67  23.3519  23.1101  23.1211  23  23.0026  22.7911  23.3752  23.1101  23.1211  23  23.0026  22.7911  0 23.368  23.0998  23.1089  23.0401  23.0218  22.8446  0.0604238  0.0168299  0.0133987  0.0209983  0.0378061  0.0951948  
68  23.3519  23.1101  23.1211  23  23.0026  22.7911  23.3639  23.1101  23.1211  23  23.0026  22.7911  0 23.4137  23.0952  23.1226  23.0029  23.0291  22.811  0.0598707  0.0168299  0.0133987  0.0209983  0.0378061  0.0951949  
69  23.3519  23.1101  23.1211  23  23.0026  22.7911  23.3904  23.1101  23.1211  23  23.0026  22.7911  0 23.5103  23.1106  23.1234  23.0185  23.0257  22.7605  0.0611804  0.0168299  0.0133987  0.0209983  0.0378061  0.0951948  
70  23.3519  23.1101  23.1211  23  23.0026  22.7911  23.3997  23.1101  23.1211  23  23.0026  22.7911  0 23.3694  23.144  23.0951  23.0114  22.9538  22.9468  0.0616434  0.0168299  0.0133987  0.0209983  0.0378061  0.0951948  
71  23.3519  23.1101  23.1211  23  23.0026  22.7911  23.3903  23.1101  23.1211  23  23.0026  22.7911  0 23.3385  23.1004  23.108  23.0206  22.9536  22.8234  0.0611722  0.0168299  0.0133987  0.0209983  0.0378061  0.0951949  
72  23.3519  23.1101  23.1211  23  23.0026  22.7911  23.3949  23.1101  23.1211  23  23.0026  22.7911  0 23.4574  23.1123  23.1198  22.9797  23.0444  22.949  0.061403  0.0168299  0.0133987  0.0209983  0.0378061  0.0951948  
73  23.3519  23.1101  23.1211  23  23.0026  22.7911  23.3781  23.1101  23.1211  23  23.0026  22.7911  0 23.3649  23.1036  23.1013  23.0085  22.9927  22.8553  0.060566  0.0168299  0.0133987  0.0209983  0.0378061  0.0951948  
74  23.3519  23.1101  23.1211  23  23.0026  22.7911  23.3732  23.1101  23.1211  23  23.0026  22.7911  0 23.3327  23.067  23.1158  23.0229  22.9693  22.7726  0.0603282  0.0168299  0.0133987  0.0209983  0.0378061  0.0951948  
75  23.3519  23.1101  23.1211  23  23.0026  22.7911  23.4141  23.1101  23.1211  23  23.0026  22.7911  0 23.3715  23.0908  23.1438  22.9977  23.0188  22.867  0.0623764  0.0168299  0.0133987  0.0209983  0.0378061  0.0951948  
76  23.3519  23.1101  23.1211  23  23.0026  22.7911  23.3858  23.1101  23.1211  23  23.0026  22.7911  0 23.3965  23.0761  23.1359  23.0016  23.0461  22.695  0.0609497  0.0168299  0.0133987  0.0209983  0.0378061  0.0951949  
77  23.3519  23.1101  23.1211  23  23.0026  22.7911  23.3993  23.1101  23.1211  23  23.0026  22.7911  0 23.4312  23.1192  23.1232  22.9899  22.9938  22.6987  0.0616252  0.0168299  0.0133987  0.0209983  0.0378061  0.0951948  
78  23.3519  23.1101  23.1211  23  23.0026  22.7911  23.3776  23.1101  23.1211  23  23.0026  22.7911  0 23.3936  23.0999  23.1022  23.0017  23.009  22.6634  0.0605435  0.0168299  0.0133987  0.0209983  0.0378061  0.0951948  
79  23.3519  23.1101  23.1211  23  23.0026  22.7911  23.3614  23.1101  23.1211  23  23.0026  22.7911  0 23.3463  23.0887  23.1121  22.9688  23.0506  22.6564  0.0597471  0.0168299  0.0133987  0.0209983  0.0378061  0.0951949  
80  23.3519  23.1101  23.1211  23  23.0026  22.7911  23.4007  23.1101  23.1211  23  23.0026  22.7911  0 23.4123  23.1004  23.1001  23.0022  22.9727  22.731  0.0616956  0.0168299  0.0133987  0.0209983  0.0378061  0.0951948  
81  23.3519  23.1101  23.1211  23  23.0026  22.7911  23.3932  23.1101  23.1211  23  23.0026  22.7911  0 23.4648  23.1113  23.1155  22.9788  23.0119  22.7931  0.0613156  0.0168299  0.0133987  0.0209983  0.0378061  0.0951948  
82  23.3519  23.1101  23.1211  23  23.0026  22.7911  23.3661  23.1101  23.1211  23  23.0026  22.7911  0 23.3189  23.1023  23.1082  22.9574  23.0021  22.9202  0.0599802  0.0168299  0.0133987  0.0209983  0.0378061  0.0951949  
83  23.3519  23.1101  23.1211  23  23.0026  22.7911  23.3875  23.1101  23.1211  23  23.0026  22.7911  0 23.4605  23.1185  23.1114  22.9962  23.0474  22.7177  0.0610336  0.0168299  0.0133987  0.0209983  0.0378061  0.0951948  
84  23.3519  23.1101  23.1211  23  23.0026  22.7911  23.3656  23.1101  23.1211  23  23.0026  22.7911  0 23.3637  23.1376  23.1281  22.9716  22.9732  22.8013  0.0599559  0.0168299  0.0133987  0.0209983  0.0378061  0.0951948  
85  23.3519  23.1101  23.1211  23  23.0026  22.7911  23.3871  23.1101  23.1211  23  23.0026  22.7911  0 23.292  23.1227  23.1131  22.9921  22.9725  22.8373  0.0610129  0.0168299  0.0133987  0.0209983  0.0378061  0.0951948  
86  23.3519  23.1101  23.1211  23  23.0026  22.7911  23.371  23.1101  23.1211  23  23.0026  22.7911  0 23.358  23.1172  23.1272  23.0092  23.0566  22.8318  0.0602193  0.0168299  0.0133987  0.0209983  0.0378061  0.0951949  
87  23.3519  23.1101  23.1211  23  23.0026  22.7911  23.3763  23.1101  23.1211  23  23.0026  22.7911  0 23.3247  23.1262  23.128  22.9793  22.943  22.9059  0.0604768  0.0168299  0.0133987  0.0209983  0.0378061  0.0951948  
88  23.3519  23.1101  23.1211  23  23.0026  22.7911  23.4487  23.1101  23.1211  23  23.0026  22.7911  0 23.5116  23.0885  23.1026  23.0247  23.0542  22.874  0.0641663  0.0168299  0.0133987  0.0209983  0.0378061  0.0951947  
89  23.3519  23.1101  23.1211  23  23.0026  22.7911  23.3662  23.1101  23.1211  23  23.0026  22.7911  0 23.4265  23.1206  23.0983  23.0449  23.0177  22.7071  0.0599815  0.0168299  0.0133987  0.0209983  0.0378061  0.0951949  
90  23.3519  23.1101  23.1211  23  23.0026  22.7911  23.3944  23.1101  23.1211  23  23.0026  22.7911  0 23.3713  23.1333  23.1438  23.0243  22.989  22.7475  0.0613781  0.0168299  0.0133987  0.0209983  0.0378061  0.0951948  
91  23.3519  23.1101  23.1211  23  23.0026  22.7911  23.3985  23.1101  23.1211  23  23.0026  22.7911  0 23.4294  23.1325  23.1351  23.0048  23.028  22.7647  0.0615848  0.0168299  0.0133987  0.0209983  0.0378061  0.0951948  
92  23.3519  23.1101  23.1211  23  23.0026  22.7911  23.4076  23.1101  23.1211  23  23.0026  22.7911  0 23.314  23.0824  23.1274  23.0305  23.0023  22.7878  0.0620445  0.0168299  0.0133988  0.0209983  0.0378061  0.0951948  
93  23.3519  23.1101  23.1211  23  23.0026  22.7911  23.3801  23.1101  23.1211  23  23.0026  22.7911  0 23.425  23.0946  23.1292  22.9616  22.9909  22.708  0.0606673  0.0168299  0.0133987  0.0209983  0.0378061  0.0951948  
94  23.3519  23.1101  23.1211  23  23.0026  22.7911  23.4024  23.1101  23.1211  23  23.0026  22.7911  0 23.3508  23.1359  23.1176  22.943  23.0017  22.6712  0.0617807  0.0168299  0.0133987  0.0209983  0.0378061  0.0951948  
95  23.3519  23.1101  23.1211  23  23.0026  22.7911  23.3875  23.1101  23.1211  23  23.0026  22.7911  0 23.4139  23.1084  23.1422  22.9988  23.0861  22.6466  0.0610344  0.0168299  0.0133987  0.0209983  0.0378061  0.0951948  
96  23.3519  23.1101  23.1211  23  23.0026  22.7911  23.4805  23.1101  23.1211  23  23.0026  22.7911  0 23.427  23.1378  23.1017  23.0296  22.9942  22.737  0.0658656  0.0168299  0.0133987  0.0209983  0.0378061  0.0951946  
97  23.3519  23.1101  23.1211  23  23.0026  22.7911  23.3767  23.1101  23.1211  23  23.0026  22.7911  0 23.301  23.0834  23.1232  22.9773  23.0439  22.8372  0.0604963  0.0168299  0.0133987  0.0209983  0.0378061  0.0951948  
98  23.3519  23.1101  23.1211  23  23.0026  22.7911  23.4068  23.1101  23.1211  23  23.0026  22.7911  0 23.4051  23.0994  23.0999  22.9791  23.0073  22.731  0.0620028  0.0168299  0.0133987  0.0209983  0.0378061  0.0951948  
99  23.3519  23.1101  23.1211  23  23.0026  22.7911  23.4229  23.1101  23.1211  23  23.0026  22.7911  0 23.4524  23.115  23.1058  22.9924  22.9789  22.8715  0.0628258  0.0168299  0.0133988  0.0209983  0.0378061  0.0951948  
100  23.3519  23.1101  23.1211  23  23.0026  22.7911  23.3847  23.1101  23.1211  23  23.0026  22.7911  0 23.3128  23.1181  23.1192  22.9799  22.9826  22.938  0.0608964  0.0168299  0.0133987  0.0209983  0.0378061  0.0951949  
101  23.3519  23.1101  23.1211  23  23.0026  22.7911  23.3881  23.1101  23.1211  23  23.0026  22.7911  0 23.4643  23.1325  23.1193  23.0086  23.0423  22.8385  0.0610615  0.0168299  0.0133987  0.0209983  0.0378061  0.0951948  
102  23.3519  23.1101  23.1211  23  23.0026  22.7911  23.3649  23.1101  23.1211  23  23.0026  22.7911  0 23.3557  23.1143  23.1004  23.005  22.9943  22.8409  0.0599173  0.0168299  0.0133987  0.0209983  0.0378061  0.0951949  
103  23.3519  23.1101  23.1211  23  23.0026  22.7911  23.4125  23.1101  23.1211  23  23.0026  22.7911  0 23.4153  23.0967  23.1519  22.9926  23.017  22.815  0.0622914  0.0168299  0.0133987  0.0209983  0.0378061  0.0951947  
104  23.3519  23.1101  23.1211  23  23.0026  22.7911  23.3815  23.1101  23.1211  23  23.0026  22.7911  0 23.3523  23.1022  23.1058  23.0191  23.0491  23.0026  0.0607366  0.0168299  0.0133987  0.0209983  0.0378061  0.0951948  
105  23.3519  23.1101  23.1211  23  23.0026  22.7911  23.3931  23.1101  23.1211  23  23.0026  22.7911  0 23.3539  23.0851  23.1118  22.9613  23.0263  22.7763  0.0613127  0.0168299  0.0133987  0.0209983  0.0378061  0.0951948  
106  23.3519  23.1101  23.1211  23  23.0026  22.7911  23.3899  23.1101  23.1211  23  23.0026  22.7911  0 23.297  23.127  23.1318  23.0245  23.0399  22.7016  0.0611545  0.0168299  0.0133987  0.0209983  0.0378061  0.0951948  
107  23.3519  23.1101  23.1211  23  23.0026  22.7911  23.3945  23.1101  23.1211  23  23.0026  22.7911  0 23.286  23.1135  23.1356  23.0137  22.9615  22.6499  0.0613829  0.0168299  0.0133987  0.0209983  0.0378061  0.0951948  
108  23.3519  23.1101  23.1211  23  23.0026  22.7911  23.3818  23.1101  23.1211  23  23.0026  22.7911  0 23.4296  23.0861  23.0872  23.0225  23.0237  22.7564  0.0607499  0.0168299  0.0133987  0.0209983  0.0378061  0.0951948  
109  23.3519  23.1101  23.1211  23  23.0026  22.7911  23.4423  23.1101  23.1211  23  23.0026  22.7911  0 23.4083  23.0963  23.1264  23.0258  22.9314  22.6972  0.0638342  0.0168299  0.0133987  0.0209983  0.0378061  0.0951948  
110  23.3519  23.1101  23.1211  23  23.0026  22.7911  23.3844  23.1101  23.1211  23  23.0026  22.7911  0 23.3097  23.1182  23.1374  23.0187  23.1042  22.9018  0.0608815  0.0168299  0.0133987  0.0209983  0.0378061  0.0951948  
111  23.3519  23.1101  23.1211  23  23.0026  22.7911  23.3803  23.1101  23.1211  23  23.0026  22.7911  0 23.4396  23.0849  23.1014  22.9689  23.0341  22.8248  0.0606737  0.0168299  0.0133987  0.0209983  0.0378061  0.0951948  
112  23.3519  23.1101  23.1211  23  23.0026  22.7911  23.4036  23.1101  23.1211  23  23.0026  22.7911  0 23.3879  23.0926  23.1093  23.0223  23.0592  22.9334  0.0618414  0.0168299  0.0133987  0.0209983  0.0378061  0.0951948  
113  23.3519  23.1101  23.1211  23  23.0026  22.7911  23.4492  23.1101  23.1211  23  23.0026  22.7911  0 23.3478  23.1038  23.116  23.0066  22.9596  23.0887  0.064195  0.0168299  0.0133987  0.0209983  0.0378061  0.0951947  
114  23.3519  23.1101  23.1211  23  23.0026  22.7911  23.37  23.1101  23.1211  23  23.0026  22.7911  0 23.457  23.1217  23.1152  22.9976  22.9788  22.9324  0.060171  0.0168299  0.0133987  0.0209983  0.0378061  0.0951949  
115  23.3519  23.1101  23.1211  23  23.0026  22.7911  23.3777  23.1101  23.1211  23  23.0026  22.7911  0 23.4469  23.1245  23.0988  23.0103  23.0096  22.9957  0.0605463  0.0168299  0.0133987  0.0209983  0.0378061  0.0951949  
116  23.3519  23.1101  23.1211  23  23.0026  22.7911  23.4184  23.1101  23.1211  23  23.0026  22.7911  0 23.5433  23.1389  23.1168  23.0198  23.0453  22.8554  0.0625953  0.0168299  0.0133987  0.0209983  0.0378061  0.0951947  
117  23.3519  23.1101  23.1211  23  23.0026  22.7911  23.419  23.1101  23.1211  23  23.0026  22.7911  0 23.3718  23.1373  23.1201  23.0196  22.9849  22.8275  0.0626247  0.0168299  0.0133987  0.0209983  0.0378061  0.0951948  
118  23.3519  23.1101  23.1211  23  23.0026  22.7911  23.363  23.1101  23.1211  23  23.0026  22.7911  0 23.3451  23.0926  23.114  23.0036  23.0164  22.7695  0.0598248  0.0168299  0.0133987  0.0209983  0.0378061  0.0951949  
119  23.3519  23.1101  23.1211  23  23.0026  22.7911  23.3779  23.1101  23.1211  23  23.0026  22.7911  0 23.3967  23.0995  23.1409  22.9451  23.0253  22.7063  0.0605597  0.0168299  0.0133987  0.0209983  0.0378061  0.0951949  
120  23.3519  23.1101  23.1211  23  23.0026  22.7911  23.3734  23.1101  23.1211  23  23.0026  22.7911  0 23.3707  23.1013  23.1259  22.9934  23.0599  22.661  0.0603373  0.0168299  0.0133987  0.0209983  0.0378061  0.0951948  
121  23.3519  23.1101  23.1211  23  23.0026  22.7911  23.399  23.1101  23.1211  23  23.0026  22.7911  0 23.3461  23.1233  23.147  23.0198  22.9828  22.8397  0.0616116  0.0168299  0.0133987  0.0209983  0.0378061  0.0951948  
122  23.3519  23.1101  23.1211  23  23.0026  22.7911  23.3769  23.1101  23.1211  23  23.0026  22.7911  0 23.4035  23.0738  23.0954  23.0306  22.9709  22.886  0.0605101  0.0168299  0.0133987  0.0209983  0.0378061  0.0951949  
123  23.3519  23.1101  23.1211  23  23.0026  22.7911  23.4156  23.1101  23.1211  23  23.0026  22.7911  0 23.4298  23.1393  23.1326  23.0071  23.0211  22.859  0.0624498  0.0168299  0.0133987  0.0209983  0.0378061  0.0951948  
124  23.3519  23.1101  23.1211  23  23.0026  22.7911  23.406  23.1101  23.1211  23  23.0026  22.7911  0 23.4155  23.0937  23.1402  23.0176  23.0378  22.863  0.0619606  0.0168299  0.0133987  0.0209983  0.0378061  0.0951947  
125  23.3519  23.1101  23.1211  23  23.0026  22.7911  23.3647  23.1101  23.1211  23  23.0026  22.7911  0 23.3194  23.116  23.1393  23.0227  23.0402  22.6456  0.0599109  0.0168299  0.0133987  0.0209983  0.0378061  0.0951948  
126  23.3519  23.1101  23.1211  23  23.0026  22.7911  23.3898  23.1101  23.1211  23  23.0026  22.7911  0 23.3706  23.1147  23.1008  23.019  23.048  22.7572  0.0611463  0.0168299  0.0133987  0.0209983  0.0378061  0.0951948  
127  23.3519  23.1101  23.1211  23  23.0026  22.7911  23.3809  23.1101  23.1211  23  23.0026  22.7911  0 23.4546  23.1092  23.1256  23.0088  22.9973  22.7934  0.0607053  0.0168299  0.0133987  0.0209983  0.0378061  0.0951948  
128  23.3519  23.1101  23.1211  23  23.0026  22.7911  23.3908  23.1101  23.1211  23  23.0026  22.7911  0 23.2983  23.1189  23.1287  23.0004  23.0005  23.1081  0.0611958  0.0168299  0.0133987  0.0209983  0.0378061  0.0951948  
129  23.3519  23.1101  23.1211  23  23.0026  22.7911  23.4352  23.1101  23.1211  23  23.0026  22.7911  0 23.4163  23.1021  23.1138  23.0023  23.0865  22.7724  0.0634593  0.0168299  0.0133987  0.0209983  0.0378061  0.0951948  
130  23.3519  23.1101  23.1211  23  23.0026  22.7911  23.3946  23.1101  23.1211  23  23.0026  22.7911  0 23.4201  23.1197  23.093  22.9876  22.9994  22.7854  0.0613867  0.0168299  0.0133987  0.0209983  0.0378061  0.0951948  
131  23.3519  23.1101  23.1211  23  23.0026  22.7911  23.4144  23.1101  23.1211  23  23.0026  22.7911  0 23.3835  23.1084  23.1098  22.9985  22.9682  22.8627  0.0623884  0.0168299  0.0133987  0.0209983  0.0378061  0.0951948  
132  23.3519  23.1101  23.1211  23  23.0026  22.7911  23.3908  23.1101  23.1211  23  23.0026  22.7911  0 23.4416  23.1182  23.103  22.995  22.9852  22.9628  0.0611988  0.0168299  0.0133987  0.0209983  0.0378061  0.0951948  
133  23.3519  23.1101  23.1211  23  23.0026  22.7911  23.4272  23.1101  23.1211  23  23.0026  22.7911  0 23.4387  23.1247  23.1043  23.0404  22.9851  22.8469  0.0630493  0.0168299  0.0133987  0.0209983  0.0378061  0.0951947  
134  23.3519  23.1101  23.1211  23  23.0026  22.7911  23.4018  23.1101  23.1211  23  23.0026  22.7911  0 23.4284  23.0768  23.1417  23.0286  23.0091  22.8087  0.0617519  0.0168299  0.0133987  0.0209983  0.0378061  0.0951948  
135  23.3519  23.1101  23.1211  23  23.0026  22.7911  23.3922  23.1101  23.1211  23  23.0026  22.7911  0 23.4356  23.1429  23.1403  23.0148  23.037  22.993  0.0612665  0.0168299  0.0133987  0.0209983  0.0378061  0.0951949  
136  23.3519  23.1101  23.1211  23  23.0026  22.7911  23.4038  23.1101  23.1211  23  23.0026  22.7911  0 23.4511  23.136  23.127  23.0024  22.9966  22.6356  0.0618533  0.0168299  0.0133987  0.0209983  0.0378061  0.0951948  
137  23.3519  23.1101  23.1211  23  23.0026  22.7911  23.409  23.1101  23.1211  23  23.0026  22.7911  0 23.4372  23.1382  23.1032  22.9961  23.0434  22.85  0.0621143  0.0168299  0.0133987  0.0209983  0.0378061  0.0951947  
138  23.3519  23.1101  23.1211  23  23.0026  22.7911  23.4134  23.1101  23.1211  23  23.0026  22.7911  0 23.4506  23.1066  23.1242  23.0124  23.0106  22.7738  0.0623367  0.0168299  0.0133987  0.0209983  0.0378061  0.0951947  
139  23.3519  23.1101  23.1211  23  23.0026  22.7911  23.3725  23.1101  23.1211  23  23.0026  22.7911  0 23.457  23.0986  23.1308  23.0259  23.0566  22.7737  0.06029  0.0168299  0.0133987  0.0209983  0.0378061  0.0951948  
140  23.3519  23.1101  23.1211  23  23.0026  22.7911  23.3752  23.1101  23.1211  23  23.0026  22.7911  0 23.379  23.092  23.1109  22.9584  22.968  22.7092  0.0604222  0.0168299  0.0133987  0.0209983  0.0378061  0.0951949  
141  23.3519  23.1101  23.1211  23  23.0026  22.7911  23.3698  23.1101  23.1211  23  23.0026  22.7911  0 23.3701  23.1217  23.1074  23.0355  23.0344  22.6814  0.0601589  0.0168299  0.0133987  0.0209983  0.0378061  0.0951949  
142  23.3519  23.1101  23.1211  23  23.0026  22.7911  23.3649  23.1101  23.1211  23  23.0026  22.7911  0 23.2752  23.1231  23.1225  23.0216  22.9956  22.5813  0.0599187  0.0168299  0.0133987  0.0209983  0.0378061  0.0951949  
143  23.3519  23.1101  23.1211  23  23.0026  22.7911  23.3664  23.1101  23.1211  23  23.0026  22.7911  0 23.3079  23.0837  23.1155  22.9979  22.9807  22.9003  0.0599945  0.0168299  0.0133987  0.0209983  0.0378061  0.0951949  
144  23.3519  23.1101  23.1211  23  23.0026  22.7911  23.4146  23.1101  23.1211  23  23.0026  22.7911  0 23.4148  23.1022  23.1273  22.9888  23.0142  22.7637  0.0623995  0.0168299  0.0133987  0.0209983  0.0378061  0.0951947  
145  23.3519  23.1101  23.1211  23  23.0026  22.7911  23.4133  23.1101  23.1211  23  23.0026  22.7911  0 23.4532  23.1337  23.1112  22.9996  23.0519  22.7608  0.0623334  0.0168299  0.0133987  0.0209983  0.0378062  0.0951948  
146  23.3519  23.1101  23.1211  23  23.0026  22.7911  23.4107  23.1101  23.1211  23  23.0026  22.7911  0 23.3893  23.1012  23.1288  23.035  23.039  22.8403  0.0621993  0.0168299  0.0133987  0.0209983  0.0378061  0.0951948  
147  23.3519  23.1101  23.1211  23  23.0026  22.7911  23.377  23.1101  23.1211  23  23.0026  22.7911  0 23.3255  23.105  23.1268  22.9968  22.9818  22.875  0.0605133  0.0168299  0.0133987  0.0209983  0.0378061  0.0951949  
148  23.3519  23.1101  23.1211  23  23.0026  22.7911  23.3757  23.1101  23.1211  23  23.0026  22.7911  0 23.3484  23.1181  23.1128  23.0057  22.9742  22.7059  0.060451  0.0168299  0.0133987  0.0209983  0.0378061  0.0951949  
149  23.3519  23.1101  23.1211  23  23.0026  22.7911  23.4525  23.1101  23.1211  23  23.0026  22.7911  0 23.4738  23.1262  23.1283  23.009  23.0286  22.6592  0.0643695  0.0168299  0.0133987  0.0209983  0.0378061  0.0951946  
150  23.3519  23.1101  23.1211  23  23.0026  22.7911  23.3769  23.1101  23.1211  23  23.0026  22.7911  0 23.5042  23.1292  23.1319  22.9748  23.0621  22.8051  0.0605057  0.0168299  0.0133987  0.0209983  0.0378061  0.0951949  
151  23.3519  23.1101  23.1211  23  23.0026  22.7911  23.3868  23.1101  23.1211  23  23.0026  22.7911  0 23.3061  23.1046  23.1091  22.9969  22.966  22.8582  0.0609983  0.0168299  0.0133987  0.0209983  0.0378061  0.0951948  
152  23.3519  23.1101  23.1211  23  23.0026  22.7911  23.3875  23.1101  23.1211  23  23.0026  22.7911  0 23.4004  23.1078  23.1349  23.0139  23.0183  22.8941  0.0610319  0.0168299  0.0133987  0.0209983  0.0378061  0.0951948  
153  23.3519  23.1101  23.1211  23  23.0026  22.7911  23.3827  23.1101  23.1211  23  23.0026  22.7911  0 23.2775  23.0933  23.1205  22.984  23.0325  22.9099  0.0607949  0.0168299  0.0133987  0.0209983  0.0378061  0.0951948  
154  23.3519  23.1101  23.1211  23  23.0026  22.7911  23.3743  23.1101  23.1211  23  23.0026  22.7911  0 23.372  23.0884  23.1119  23.0155  23.0527  22.9162  0.0603804  0.0168299  0.0133987  0.0209983  0.0378061  0.0951949  
155  23.3519  23.1101  23.1211  23  23.0026  22.7911  23.4204  23.1101  23.1211  23  23.0026  22.7911  0 23.3948  23.1079  23.1092  23.0159  23.0746  22.9384  0.0626992  0.0168299  0.0133987  0.0209983  0.0378061  0.0951947  
156  23.3519  23.1101  23.1211  23  23.0026  22.7911  23.3936  23.1101  23.1211  23  23.0026  22.7911  0 23.3979  23.1091  23.1144  23.0035  22.9961  22.7619  0.0613405  0.0168299  0.0133987  0.0209983  0.0378061  0.0951948  
157  23.3519  23.1101  23.1211  23  23.0026  22.7911  23.3909  23.1101  23.1211  23  23.0026  22.7911  0 23.2926  23.1089  23.1058  23.0495  22.9984  22.7816  0.0612042  0.0168299  0.0133987  0.0209983  0.0378061  0.0951948  
158  23.3519  23.1101  23.1211  23  23.0026  22.7911  23.3821  23.1101  23.1211  23  23.0026  22.7911  0 23.41  23.0975  23.1165  22.9601  23.0076  22.8935  0.0607633  0.0168299  0.0133987  0.0209983  0.0378061  0.0951947  
159  23.3519  23.1101  23.1211  23  23.0026  22.7911  23.4152  23.1101  23.1211  23  23.0026  22.7911  0 23.5662  23.1142  23.1157  23.0002  23.0534  22.815  0.0624294  0.0168299  0.0133987  0.0209983  0.0378061  0.0951948  
160  23.3519  23.1101  23.1211  23  23.0026  22.7911  23.4023  23.1101  23.1211  23  23.0026  22.7911  0 23.2449  23.1304  23.1227  23.0021  22.9943  22.85  0.0617743  0.0168299  0.0133987  0.0209983  0.0378061  0.0951947  
161  23.3519  23.1101  23.1211  23  23.0026  22.7911  23.3599  23.1101  23.1211  23  23.0026  22.7911  0 23.4454  23.1089  23.1366  23.0379  22.9681  22.65  0.0596784  0.0168299  0.0133987  0.0209983  0.0378061  0.0951949  
162  23.3519  23.1101  23.1211  23  23.0026  22.7911  23.4164  23.1101  23.1211  23  23.0026  22.7911  0 23.4661  23.0799  23.1211  22.9832  23.032  22.8095  0.0624921  0.0168299  0.0133987  0.0209983  0.0378061  0.0951947  
163  23.3519  23.1101  23.1211  23  23.0026  22.7911  23.3859  23.1101  23.1211  23  23.0026  22.7911  0 23.3543  23.0952  23.1293  23.022  22.9865  22.787  0.0609529  0.0168299  0.0133987  0.0209983  0.0378061  0.0951948  
164  23.3519  23.1101  23.1211  23  23.0026  22.7911  23.3966  23.1101  23.1211  23  23.0026  22.7911  0 23.4161  23.0824  23.1272  22.9793  23.0308  22.7668  0.0614894  0.0168299  0.0133987  0.0209983  0.0378061  0.0951948  
165  23.3519  23.1101  23.1211  23  23.0026  22.7911  23.3956  23.1101  23.1211  23  23.0026  22.7911  0 23.3851  23.0862  23.1399  23.0079  22.9627  22.7069  0.0614362  0.0168299  0.0133987  0.0209983  0.0378061  0.0951948  
166  23.3519  23.1101  23.1211  23  23.0026  22.7911  23.4369  23.1101  23.1211  23  23.0026  22.7911  0 23.5071  23.1234  23.1437  22.989  23.0245  22.7252  0.0635488  0.0168299  0.0133987  0.0209983  0.0378061  0.0951947  
167  23.3519  23.1101  23.1211  23  23.0026  22.7911  23.3998  23.1101  23.1211  23  23.0026  22.7911  0 23.3968  23.1161  23.1312  22.988  22.997  22.9896  0.0616509  0.0168299  0.0133987  0.0209983  0.0378061  0.0951948  
168  23.3519  23.1101  23.1211  23  23.0026  22.7911  23.4312  23.1101  23.1211  23  23.0026  22.7911  0 23.4473  23.1277  23.1185  23.0168  23.0335  22.987  0.0632525  0.0168299  0.0133987  0.0209983  0.0378061  0.0951947  
169  23.3519  23.1101  23.1211  23  23.0026  22.7911  23.4209  23.1101  23.1211  23  23.0026  22.7911  0 23.4844  23.1388  23.1269  23.0057  23.0325  22.7669  0.0627221  0.0168299  0.0133987  0.0209983  0.0378061  0.0951947  
170  23.3519  23.1101  23.1211  23  23.0026  22.7911  23.42  23.1101  23.1211  23  23.0026  22.7911  0 23.3485  23.1263  23.097  22.965  23.0369  22.7971  0.062675  0.0168299  0.0133987  0.0209983  0.0378061  0.0951948  
171  23.3519  23.1101  23.1211  23  23.0026  22.7911  23.3744  23.1101  23.1211  23  23.0026  22.7911  0 23.3544  23.0885  23.128  23.0158  23.0931  22.9072  0.0603861  0.0168299  0.0133987  0.0209983  0.0378061  0.0951949  
172  23.3519  23.1101  23.1211  23  23.0026  22.7911  23.4214  23.1101  23.1211  23  23.0026  22.7911  0 23.4217  23.1073  23.1087  23.0229  23.0115  22.7705  0.0627487  0.0168299  0.0133987  0.0209983  0.0378061  0.0951948  
173  23.3519  23.1101  23.1211  23  23.0026  22.7911  23.3797  23.1101  23.1211  23  23.0026  22.7911  0 23.3488  23.1087  23.1052  22.9981  23.0061  22.8616  0.0606456  0.0168299  0.0133987  0.0209983  0.0378061  0.0951948  
174  23.3519  23.1101  23.1211  23  23.0026  22.7911  23.3725  23.1101  23.1211  23  23.0026  22.7911  0 23.3362  23.0931  23.1377  23.0077  22.9704  22.9058  0.0602892  0.0168299  0.0133987  0.0209983  0.0378061  0.0951949  
175  23.3519  23.1101  23.1211  23  23.0026  22.7911  23.4033  23.1101  23.1211  23  23.0026  22.7911  0 23.2441  23.1306  23.1277  22.9783  23.0079  22.7728  0.0618247  0.0168299  0.0133988  0.0209983  0.0378061  0.0951948  
176  23.3519  23.1101  23.1211  23  23.0026  22.7911  23.4233  23.1101  23.1211  23  23.0026  22.7911  0 23.4146  23.1356  23.0948  22.9726  22.9509  22.8475  0.0628459  0.0168299  0.0133987  0.0209983  0.0378061  0.0951947  
177  23.3519  23.1101  23.1211  23  23.0026  22.7911  23.4184  23.1101  23.1211  23  23.0026  22.7911  0 23.5164  23.0978  23.1508  22.9753  22.9381  22.7715  0.0625931  0.0168299  0.0133987  0.0209983  0.0378061  0.0951947  
178  23.3519  23.1101  23.1211  23  23.0026  22.7911  23.3911  23.1101  23.1211  23  23.0026  22.7911  0 23.3191  23.1047  23.1168  23.0104  23.031  22.8473  0.0612125  0.0168299  0.0133987  0.0209983  0.0378061  0.0951948  
179  23.3519  23.1101  23.1211  23  23.0026  22.7911  23.4073  23.1101  23.1211  23  23.0026  22.7911  0 23.4465  23.1036  23.1405  23.0422  22.9679  22.8309  0.0620261  0.0168299  0.0133987  0.0209983  0.0378061  0.0951948  
180  23.3519  23.1101  23.1211  23  23.0026  22.7911  23.363  23.1101  23.1211  23  23.0026  22.7911  0 23.2819  23.1292  23.1081  22.9852  22.9672  22.9763  0.0598283  0.0168299  0.0133987  0.0209983  0.0378061  0.0951949  
181  23.3519  23.1101  23.1211  23  23.0026  22.7911  23.3995  23.1101  23.1211  23  23.0026  22.7911  0 23.4221  23.11  23.1328  22.9953  22.9601  22.6748  0.0616338  0.0168299  0.0133987  0.0209983  0.0378061  0.0951948  
182  23.3519  23.1101  23.1211  23  23.0026  22.7911  23.453  23.1101  23.1211  23  23.0026  22.7911  0 23.3494  23.0868  23.1288  22.9734  23.0428  22.8297  0.0643928  0.0168299  0.0133987  0.0209983  0.0378061  0.0951947  
183  23.3519  23.1101  23.1211  23  23.0026  22.7911  23.4186  23.1101  23.1211  23  23.0026  22.7911  0 23.4355  23.1142  23.1055  23.0098  23.0031  22.748  0.0626022  0.0168299  0.0133987  0.0209983  0.0378061  0.0951947  
184  23.3519  23.1101  23.1211  23  23.0026  22.7911  23.4075  23.1101  23.1211  23  23.0026  22.7911  0 23.4373  23.1412  23.1433  22.9963  23.0463  22.7095  0.0620392  0.0168299  0.0133987  0.0209983  0.0378061  0.0951948  
185  23.3519  23.1101  23.1211  23  23.0026  22.7911  23.3937  23.1101  23.1211  23  23.0026  22.7911  0 23.5381  23.1391  23.1317  23.0023  23.0609  22.8113  0.0613441  0.0168299  0.0133987  0.0209983  0.0378061  0.0951948  
186  23.3519  23.1101  23.1211  23  23.0026  22.7911  23.3737  23.1101  23.1211  23  23.0026  22.7911  0 23.4051  23.1515  23.1145  23.006  23.0428  22.7744  0.0603512  0.0168299  0.0133987  0.0209983  0.0378061  0.0951949  
187  23.3519  23.1101  23.1211  23  23.0026  22.7911  23.4027  23.1101  23.1211  23  23.0026  22.7911  0 23.3423  23.1342  23.1284  23.0421  22.9886  22.7212  0.0617967  0.0168299  0.0133987  0.0209983  0.0378061  0.0951948  
188  23.3519  23.1101  23.1211  23  23.0026  22.7911  23.3657  23.1101  23.1211  23  23.0026  22.7911  0 23.3845  23.1098  23.1329  22.9857  22.9575  22.7541  0.0599593  0.0168299  0.0133987  0.0209983  0.0378061  0.0951949  
189  23.3519  23.1101  23.1211  23  23.0026  22.7911  23.401  23.1101  23.1211  23  23.0026  22.7911  0 23.3412  23.1123  23.1204  23.0393  22.9815  22.7768  0.0617116  0.0168299  0.0133988  0.0209983  0.0378061  0.0951948  
190  23.3519  23.1101  23.1211  23  23.0026  22.7911  23.3789  23.1101  23.1211  23  23.0026  22.7911  0 23.3244  23.1078  23.111  22.9749  23.034  22.8264  0.0606067  0.0168299  0.0133987  0.0209983  0.0378061  0.0951948  
191  23.3519  23.1101  23.1211  23  23.0026  22.7911  23.4082  23.1101  23.1211  23  23.0026  22.7911  0 23.4279  23.1143  23.1171  23.0238  23.0047  22.7844  0.0620716  0.0168299  0.0133987  0.0209983  0.0378061  0.0951948  
192  23.3519  23.1101  23.1211  23  23.0026  22.7911  23.4048  23.1101  23.1211  23  23.0026  22.7911  0 23.5115  23.1206  23.1162  22.9621  23.0164  22.9213  0.0619023  0.0168299  0.0133987  0.0209983  0.0378061  0.0951948  
193  23.3519  23.1101  23.1211  23  23.0026  22.7911  23.4009  23.1101  23.1211  23  23.0026  22.7911  0 23.443  23.1743  23.1584  23.0132  23.0496  22.7622  0.0617062  0.0168299  0.0133987  0.0209983  0.0378061  0.0951948  
194  23.3519  23.1101  23.1211  23  23.0026  22.7911  23.4274  23.1101  23.1211  23  23.0026  22.7911  0 23.4365  23.1211  23.0953  22.9723  22.933  22.762  0.0630548  0.0168299  0.0133988  0.0209983  0.0378061  0.0951947  
195  23.3519  23.1101  23.1211  23  23.0026  22.7911  23.3773  23.1101  23.1211  23  23.0026  22.7911  0 23.3792  23.1155  23.1024  22.9856  22.9929  22.8306  0.0605296  0.0168299  0.0133987  0.0209983  0.0378061  0.0951948  
196  23.3519  23.1101  23.1211  23  23.0026  22.7911  23.3711  23.1101  23.1211  23  23.0026  22.7911  0 23.36  23.1003  23.1274  22.9909  23.0062  22.6189  0.0602227  0.0168299  0.0133987  0.0209983  0.0378061  0.0951949  
197  23.3519  23.1101  23.1211  23  23.0026  22.7911  23.3839  23.1101  23.1211  23  23.0026  22.7911  0 23.3395  23.1015  23.1167  22.9887  23.0491  22.8354  0.0608542  0.0168299  0.0133987  0.0209983  0.0378061  0.0951948  
198  23.3519  23.1101  23.1211  23  23.0026  22.7911  23.3778  23.1101  23.1211  23  23.0026  22.7911  0 23.4244  23.1124  23.1479  23.0304  23.0187  22.8539  0.060554  0.0168299  0.0133987  0.0209983  0.0378061  0.0951949  
199  23.3519  23.1101  23.1211  23  23.0026  22.7911  23.3633  23.1101  23.1211  23  23.0026  22.7911  0 23.385  23.1102  23.1004  23.0226  22.9326  22.8517  0.059842  0.0168299  0.0133987  0.0209983  0.0378061  0.0951949  
200  23.3519  23.1101  23.1211  23  23.0026  22.7911  23.3904  23.1101  23.1211  23  23.0026  22.7911  0 23.4837  23.1251  23.1567  22.9922  22.9443  22.7991  0.0611776  0.0168299  0.0133987  0.0209983  0.0378061  0.0951948  
