1  23.4749  23.1167  22.9856  23  22.8887  22.8896  23.5743  23.1389  22.9856  23  22.8887  22.8896  0 23.5003  23.124  22.983  22.9817  22.9092  22.9157  0.0711741  0.0171719  0.0121222  0.0209983  0.0340585  0.104229  
2  23.4749  23.1167  22.9856  23  22.8887  22.8896  23.5917  23.1258  22.9856  23  22.8887  22.8896  0 23.6099  23.1229  22.9764  22.9992  22.8775  22.8419  0.0722116  0.0170151  0.0121222  0.0209983  0.0340588  0.104229  
3  23.4749  23.1167  22.9856  23  22.8887  22.8896  23.6434  23.1326  22.9856  23  22.8887  22.8896  0 23.5914  23.1086  22.9922  23.0205  22.8842  22.7916  0.0753868  0.0170955  0.0121222  0.0209983  0.0340589  0.104229  
4  23.4749  23.1167  22.9856  23  22.8887  22.8896  23.6364  23.1328  22.9856  23  22.8887  22.8896  0 23.6402  23.1225  22.9868  23.0015  22.9053  22.8547  0.0749482  0.017099  0.0121221  0.0209983  0.0340583  0.104229  
5  23.4749  23.1167  22.9856  23  22.8887  22.8896  23.6832  23.1327  22.9856  23  22.8887  22.8896  0 23.6948  23.1257  22.9934  23.0027  22.914  22.9773  0.077934  0.0170974  0.0121222  0.0209983  0.0340591  0.104229  
6  23.4749  23.1167  22.9856  23  22.8887  22.8896  23.6317  23.1409  22.9856  23  22.8887  22.8896  0 23.643  23.1391  22.9825  23.0223  22.859  23.0624  0.0746558  0.0171958  0.012122  0.0209983  0.0340582  0.104228  
7  23.4749  23.1167  22.9856  23  22.8887  22.8896  23.7656  23.1261  22.9856  23  22.8887  22.8896  0 23.597  23.1509  22.9812  23.0105  22.9097  22.8893  0.0835129  0.0170191  0.012122  0.0209983  0.0340581  0.10423  
8  23.4749  23.1167  22.9856  23  22.8887  22.8896  23.7165  23.1268  22.9856  23  22.8887  22.8896  0 23.8601  23.1278  22.9792  22.9938  22.9308  22.9533  0.0801374  0.0170266  0.0121222  0.0209983  0.0340599  0.104229  
9  23.4749  23.1167  22.9856  23  22.8887  22.8896  23.6136  23.1415  22.9856  23  22.8887  22.8896  0 23.5312  23.1547  22.9916  23.0203  22.864  22.9963  0.0735369  0.0172028  0.0121222  0.0209983  0.034059  0.104229  
10  23.4749  23.1167  22.9856  23  22.8887  22.8896  23.6489  23.1427  22.9856  23  22.8887  22.8896  0 23.5868  23.1486  22.9753  22.9843  22.897  22.9181  0.0757297  0.0172174  0.0121222  0.0209983  0.0340588  0.104228  
11  23.4749  23.1167  22.9856  23  22.8887  22.8896  23.5869  23.1273  22.9856  23  22.8887  22.8896  0 23.6857  23.135  22.9939  22.9729  22.9171  23.0659  0.0719253  0.0170331  0.0121221  0.0209983  0.0340586  0.10423  
12  23.4749  23.1167  22.9856  23  22.8887  22.8896  23.6349  23.1241  22.9856  23  22.8887  22.8896  0 23.7979  23.1298  22.9824  23.0032  22.914  22.7691  0.0748521  0.0169946  0.0121222  0.0209983  0.0340589  0.104229  
13  23.4749  23.1167  22.9856  23  22.8887  22.8896  23.6115  23.1276  22.9856  23  22.8887  22.8896  0 23.6352  23.0913  22.9971  22.9928  22.9204  23.0035  0.0734075  0.0170364  0.0121222  0.0209983  0.0340586  0.104229  
14  23.4749  23.1167  22.9856  23  22.8887  22.8896  23.6809  23.1412  22.9856  23  22.8887  22.8896  0 23.7771  23.1255  22.984  22.9896  22.8751  22.9446  0.0777852  0.017199  0.0121222  0.0209983  0.0340593  0.10423  
15  23.4749  23.1167  22.9856  23  22.8887  22.8896  23.6466  23.1576  22.9856  23  22.8887  22.8896  0 23.7817  23.1353  22.996  23.0255  22.8913  23.0601  0.0755891  0.0173982  0.0121222  0.0209983  0.0340586  0.104229  
16  23.4749  23.1167  22.9856  23  22.8887  22.8896  23.592  23.1265  22.9856  23  22.8887  22.8896  0 23.7551  23.1224  23.0012  23.0113  22.8002  22.8828  0.07223  0.0170229  0.0121222  0.0209983  0.0340585  0.104229  
17  23.4749  23.1167  22.9856  23  22.8887  22.8896  23.5953  23.1303  22.9856  23  22.8887  22.8896  0 23.5641  23.1527  22.97  22.9702  22.9189  22.9366  0.0724252  0.0170686  0.0121222  0.0209983  0.034059  0.104229  
18  23.4749  23.1167  22.9856  23  22.8887  22.8896  23.705  23.1317  22.9856  23  22.8887  22.8896  0 23.8139  23.1288  22.9667  23.0013  22.8597  22.927  0.0793721  0.0170848  0.0121221  0.0209983  0.0340581  0.104228  
19  23.4749  23.1167  22.9856  23  22.8887  22.8896  23.573  23.13  22.9856  23  22.8887  22.8896  0 23.7033  23.1284  22.999  23.0111  22.8761  22.8097  0.0710997  0.017065  0.0121222  0.0209983  0.0340588  0.104229  
20  23.4749  23.1167  22.9856  23  22.8887  22.8896  23.6442  23.1311  22.9856  23  22.8887  22.8896  0 23.6769  23.1378  22.9762  22.9971  22.7946  22.7447  0.0754334  0.017078  0.0121222  0.0209983  0.0340585  0.104229  
21  23.4749  23.1167  22.9856  23  22.8887  22.8896  23.6573  23.1337  22.9856  23  22.8887  22.8896  0 23.6141  23.1522  23.0044  23.0133  22.8848  23.0316  0.0762677  0.0171097  0.0121222  0.0209983  0.0340587  0.104229  
22  23.4749  23.1167  22.9856  23  22.8887  22.8896  23.6702  23.162  22.9856  23  22.8887  22.8896  0 23.6821  23.1707  22.9922  23.009  22.941  22.8307  0.0770919  0.0174521  0.0121221  0.0209983  0.0340588  0.104231  
23  23.4749  23.1167  22.9856  23  22.8887  22.8896  23.6172  23.1258  22.9856  23  22.8887  22.8896  0 23.5801  23.1187  22.9952  22.9838  22.8834  23.0989  0.0737573  0.0170151  0.0121222  0.0209983  0.0340591  0.104229  
24  23.4749  23.1167  22.9856  23  22.8887  22.8896  23.5886  23.1314  22.9856  23  22.8887  22.8896  0 23.584  23.1192  22.9827  22.9812  22.9034  22.821  0.072024  0.017082  0.0121222  0.0209983  0.0340591  0.104229  
25  23.4749  23.1167  22.9856  23  22.8887  22.8896  23.5999  23.1361  22.9856  23  22.8887  22.8896  0 23.6151  23.124  23.0133  22.9948  22.8283  22.859  0.0727039  0.0171385  0.0121222  0.0209983  0.0340588  0.104229  
26  23.4749  23.1167  22.9856  23  22.8887  22.8896  23.6073  23.1262  22.9856  23  22.8886  22.8897  0 23.5927  23.1237  22.9862  23.0302  22.8732  22.8777  0.0731518  0.0170198  0.012122  0.0209983  0.0340579  0.104232  
27  23.4749  23.1167  22.9856  23  22.8887  22.8896  23.6021  23.1259  22.9856  23  22.8887  22.8896  0 23.6297  23.1638  22.9854  23.0267  22.9043  22.7181  0.0728386  0.0170162  0.0121221  0.0209983  0.0340587  0.104229  
28  23.4749  23.1167  22.9856  23  22.8887  22.8896  23.6017  23.1293  22.9856  23  22.8887  22.8896  0 23.5873  23.1397  22.9853  22.9583  22.8707  22.8397  0.0728119  0.0170565  0.0121222  0.0209983  0.0340586  0.104229  
29  23.4749  23.1167  22.9856  23  22.8887  22.8896  23.6193  23.1319  22.9856  23  22.8887  22.8896  0 23.6093  23.1343  22.9865  23.0108  22.8195  22.9453  0.0738841  0.0170879  0.0121222  0.0209983  0.034059  0.104229  
30  23.4749  23.1167  22.9856  23  22.8887  22.8896  23.6545  23.1291  22.9856  23  22.8887  22.8896  0 23.725  23.1258  22.9807  22.9738  22.887  22.9911  0.0760895  0.0170547  0.0121222  0.0209983  0.0340592  0.104229  
31  23.4749  23.1167  22.9856  23  22.8887  22.8896  23.5737  23.1294  22.9856  23  22.8887  22.8896  0 23.5179  23.1208  23.0033  22.9874  22.9585  22.6621  0.0711407  0.0170579  0.0121222  0.0209983  0.0340589  0.104229  
32  23.4749  23.1167  22.9856  23  22.8887  22.8896  23.7583  23.1248  22.9856  23  22.8887  22.8896  0 23.772  23.0953  22.9937  22.9826  22.8403  22.8787  0.0830035  0.0170033  0.0121222  0.0209983  0.0340592  0.104229  
33  23.4749  23.1167  22.9856  23  22.8887  22.8896  23.5685  23.1222  22.9856  23  22.8887  22.8896  0 23.5632  23.1377  22.9857  23.0667  22.9442  23.024  0.0708331  0.0169723  0.0121222  0.0209983  0.0340586  0.104229  
34  23.4749  23.1167  22.9856  23  22.8887  22.8896  23.7173  23.1324  22.9856  23  22.8887  22.8896  0 23.6198  23.1278  22.9755  22.9884  22.8961  23.0578  0.080196  0.0170939  0.0121222  0.0209983  0.0340587  0.104229  
35  23.4749  23.1167  22.9856  23  22.8887  22.8896  23.6732  23.1223  22.9856  23  22.8887  22.8896  0 23.738  23.1114  22.9745  22.9848  22.8713  22.6949  0.0772849  0.0169734  0.0121222  0.0209983  0.0340587  0.104229  
36  23.4749  23.1167  22.9856  23  22.8887  22.8896  23.593  23.1424  22.9856  23  22.8887  22.8896  0 23.6223  23.1243  22.9695  22.9771  22.9265  23.0595  0.0722866  0.0172132  0.0121222  0.0209983  0.0340587  0.10423  
37  23.4749  23.1167  22.9856  23  22.8887  22.8896  23.6272  23.132  22.9856  23  22.8887  22.8896  0 23.7106  23.1336  22.9894  22.9651  22.8867  22.8081  0.0743746  0.0170893  0.0121222  0.0209983  0.0340587  0.104229  
38  23.4749  23.1167  22.9856  23  22.8887  22.8896  23.6652  23.1245  22.9856  23  22.8887  22.8896  0 23.7518  23.1272  22.99  23.0127  22.9031  22.8047  0.0767667  0.0170002  0.0121222  0.0209983  0.0340587  0.104229  
39  23.4749  23.1167  22.9856  23  22.8887  22.8896  23.6219  23.1247  22.9856  23  22.8887  22.8896  0 23.5139  23.1273  22.9782  23.0527  22.8178  23.057  0.074048  0.0170016  0.0121222  0.0209983  0.0340589  0.104229  
40  23.4749  23.1167  22.9856  23  22.8887  22.8896  23.6581  23.1314  22.9856  23  22.8887  22.8896  0 23.7636  23.1381  22.9772  23.0141  22.9258  22.8978  0.0763154  0.0170815  0.0121221  0.0209983  0.0340585  0.104229  
41  23.4749  23.1167  22.9856  23  22.8887  22.8896  23.6348  23.1279  22.9856  23  22.8887  22.8896  0 23.5544  23.1235  22.9625  23.0304  22.8116  22.9608  0.0748451  0.0170405  0.0121222  0.0209983  0.0340586  0.104229  
42  23.4749  23.1167  22.9856  23  22.8887  22.8896  23.6209  23.1277  22.9856  23  22.8887  22.8896  0 23.6423  23.1201  22.983  22.989  22.9308  22.8802  0.0739867  0.0170382  0.0121222  0.0209983  0.0340584  0.104228  
43  23.4749  23.1167  22.9856  23  22.8887  22.8896  23.6883  23.1433  22.9856  23  22.8887  22.8896  0 23.5518  23.1253  23.0063  23.0171  22.9112  22.8147  0.0782681  0.017225  0.012122  0.0209983  0.0340585  0.10423  
44  23.4749  23.1167  22.9856  23  22.8887  22.8896  23.6345  23.1228  22.9856  23  22.8887  22.8896  0 23.6663  23.127  22.9792  23.022  22.9054  22.8181  0.0748285  0.0169793  0.0121222  0.0209983  0.0340585  0.10423  
45  23.4749  23.1167  22.9856  23  22.8887  22.8896  23.5937  23.1272  22.9856  23  22.8887  22.8896  0 23.7284  23.127  22.992  23.0248  22.8855  22.8269  0.0723275  0.0170317  0.0121222  0.0209983  0.0340587  0.104229  
46  23.4749  23.1167  22.9856  23  22.8887  22.8896  23.6223  23.1242  22.9856  23  22.8887  22.8896  0 23.5823  23.1003  22.9638  22.9592  22.8575  22.7731  0.0740735  0.0169967  0.0121221  0.0209983  0.0340585  0.104229  
47  23.4749  23.1167  22.9856  23  22.8887  22.8896  23.6737  23.1254  22.9856  23  22.8887  22.8896  0 23.8654  23.1331  22.9788  23.0065  22.8318  22.878  0.0773172  0.0170101  0.0121222  0.0209983  0.0340588  0.104228  
48  23.4749  23.1167  22.9856  23  22.8887  22.8896  23.589  23.1278  22.9856  23  22.8887  22.8896  0 23.6004  23.124  22.9973  22.9974  22.8645  23.1096  0.0720453  0.0170384  0.0121222  0.0209983  0.0340586  0.104229  
49  23.4749  23.1167  22.9856  23  22.8887  22.8896  23.773  23.135  22.9856  23  22.8887  22.8896  0 23.7851  23.1215  22.9996  22.9938  22.9195  22.8362  0.0840372  0.017125  0.0121222  0.0209983  0.0340591  0.104229  
50  23.4749  23.1167  22.9856  23  22.8887  22.8896  23.6308  23.1389  22.9856  23  22.8887  22.8896  0 23.6095  23.128  22.9618  22.9519  22.8854  22.8943  0.0745987  0.0171714  0.0121222  0.0209983  0.0340591  0.104228  
51  23.4749  23.1167  22.9856  23  22.8887  22.8896  23.6061  23.1406  22.9856  23  22.8887  22.8896  0 23.5932  23.144  22.976  22.986  22.9013  22.955  0.073078  0.0171918  0.012122  0.0209983  0.0340582  0.104229  
52  23.4749  23.1167  22.9856  23  22.8887  22.8896  23.6498  23.131  22.9856  23  22.8887  22.8896  0 23.6672  23.1219  22.9886  22.9919  22.8379  22.8183  0.0757875  0.0170775  0.0121221  0.0209983  0.0340583  0.104231  
53  23.4749  23.1167  22.9856  23  22.8887  22.8896  23.6482  23.1305  22.9856  23  22.8887  22.8896  0 23.5103  23.1335  23.0054  22.9849  22.9129  22.7946  0.0756902  0.0170715  0.0121222  0.0209983  0.0340589  0.104229  
54  23.4749  23.1167  22.9856  23  22.8887  22.8896  23.5958  23.1326  22.9856  23  22.8887  22.8896  0 23.4804  23.1051  22.9866  23.017  22.9785  22.9654  0.0724589  0.0170965  0.0121222  0.0209983  0.0340586  0.104229  
55  23.4749  23.1167  22.9856  23  22.8887  22.8896  23.6226  23.1286  22.9856  23  22.8887  22.8896  0 23.6743  23.112  22.9871  22.9874  22.8815  22.8171  0.0740892  0.0170489  0.0121222  0.0209983  0.0340589  0.104229  
56  23.4749  23.1167  22.9856  23  22.8887  22.8896  23.5735  23.1382  22.9856  23  22.8887  22.8896  0 23.5501  23.1648  22.9851  22.9953  22.9085  22.7479  0.0711295  0.0171632  0.0121222  0.0209983  0.0340586  0.104229  
57  23.4749  23.1167  22.9856  23  22.8887  22.8896  23.6173  23.1236  22.9856  23  22.8887  22.8896  0 23.6003  23.1273  23.0036  23.0119  22.8982  22.8328  0.0737614  0.0169887  0.0121222  0.0209983  0.0340586  0.104228  
58  23.4749  23.1167  22.9856  23  22.8887  22.8896  23.6593  23.1278  22.9856  23  22.8887  22.8896  0 23.5591  23.1699  22.9874  23.0014  22.8771  22.8928  0.076393  0.0170387  0.012122  0.0209983  0.0340583  0.104228  
59  23.4749  23.1167  22.9856  23  22.8887  22.8896  23.6053  23.1232  22.9856  23  22.8887  22.8896  0 23.4913  23.108  23.0001  22.9756  22.91  22.9143  0.0730316  0.0169846  0.0121222  0.0209983  0.0340588  0.104229  
60  23.4749  23.1167  22.9856  23  22.8887  22.8896  23.7269  23.1221  22.9856  23  22.8887  22.8896  0 23.5082  23.1414  22.9906  23.0115  22.8642  22.9063  0.0808439  0.0169713  0.0121222  0.0209983  0.0340594  0.104229  
61  23.4749  23.1167  22.9856  23  22.8887  22.8896  23.6122  23.1228  22.9856  23  22.8887  22.8896  0 23.587  23.0975  22.978  23.0319  22.8593  22.8386  0.0734507  0.0169794  0.0121222  0.0209983  0.0340592  0.104229  
62  23.4749  23.1167  22.9856  23  22.8887  22.8896  23.6471  23.1317  22.9856  23  22.8887  22.8896  0 23.6577  23.1297  23.0007  22.9921  22.8231  23.0326  0.0756196  0.0170851  0.0121222  0.0209983  0.0340588  0.104228  
63  23.4749  23.1167  22.9856  23  22.8887  22.8896  23.6516  23.14  22.9856  23  22.8887  22.8896  0 23.5645  23.1091  22.9784  22.985  22.8535  22.7907  0.0759008  0.0171845  0.0121222  0.0209983  0.0340587  0.104231  
64  23.4749  23.1167  22.9856  23  22.8887  22.8896  23.6442  23.1325  22.9856  23  22.8887  22.8896  0 23.7126  23.1281  23.0034  23.0155  22.9818  22.868  0.0754325  0.0170953  0.0121222  0.0209983  0.0340589  0.104229  
65  23.4749  23.1167  22.9856  23  22.8887  22.8896  23.5363  23.1364  22.9856  23  22.8887  22.8896  0 23.5758  23.1486  22.9881  22.9878  22.8655  22.8734  0.0689672  0.017141  0.0121222  0.0209983  0.0340586  0.104229  
66  23.4749  23.1167  22.9856  23  22.8887  22.8896  23.6805  23.1347  22.9856  23  22.8887  22.8896  0 23.6788  23.1658  22.9969  23.0354  22.8849  22.7924  0.0777564  0.0171218  0.0121221  0.0209983  0.0340587  0.104229  
67  23.4749  23.1167  22.9856  23  22.8887  22.8896  23.6385  23.1342  22.9856  23  22.8887  22.8896  0 23.6295  23.1237  22.9746  23.0401  22.906  22.9483  0.0750759  0.0171149  0.0121222  0.0209983  0.0340587  0.104229  
68  23.4749  23.1167  22.9856  23  22.8887  22.8896  23.5956  23.1224  22.9856  23  22.8887  22.8896  0 23.6561  23.1074  22.987  23.0029  22.9126  22.9114  0.0724419  0.0169743  0.0121222  0.0209983  0.0340587  0.104229  
69  23.4749  23.1167  22.9856  23  22.8887  22.8896  23.6154  23.1428  22.9856  23  22.8887  22.8896  0 23.7613  23.1433  22.9877  23.0185  22.9095  22.8561  0.0736465  0.0172182  0.0121221  0.0209983  0.0340583  0.104229  
70  23.4749  23.1167  22.9856  23  22.8887  22.8896  23.7174  23.125  22.9856  23  22.8887  22.8896  0 23.6782  23.1592  22.962  23.0114  22.8447  23.0613  0.080197  0.0170055  0.0121222  0.0209983  0.0340594  0.104229  
71  23.4749  23.1167  22.9856  23  22.8887  22.8896  23.7069  23.1292  22.9856  23  22.8887  22.8896  0 23.6401  23.1193  22.9737  23.0206  22.8445  22.925  0.0794996  0.0170552  0.0121222  0.0209983  0.0340589  0.104229  
72  23.4749  23.1167  22.9856  23  22.8887  22.8896  23.6278  23.1264  22.9856  23  22.8887  22.8896  0 23.704  23.1287  22.9844  22.9797  22.9263  23.0638  0.0744115  0.0170226  0.0121222  0.0209983  0.0340591  0.104229  
73  23.4749  23.1167  22.9856  23  22.8887  22.8896  23.6257  23.1292  22.9856  23  22.8887  22.8896  0 23.6096  23.1226  22.9676  23.0085  22.8798  22.9601  0.0742841  0.0170556  0.0121222  0.0209983  0.0340585  0.104228  
74  23.4749  23.1167  22.9856  23  22.8887  22.8896  23.6532  23.134  22.9856  23  22.8887  22.8896  0 23.6024  23.0902  22.9808  23.0229  22.8587  22.8694  0.076005  0.0171125  0.0121221  0.0209983  0.0340586  0.104228  
75  23.4749  23.1167  22.9856  23  22.8887  22.8896  23.7329  23.1384  22.9856  23  22.8887  22.8896  0 23.6777  23.1188  23.0061  22.9977  22.9033  22.973  0.0812464  0.0171661  0.0121221  0.0209983  0.0340585  0.104228  
76  23.4749  23.1167  22.9856  23  22.8887  22.8896  23.6054  23.1309  22.9856  23  22.8887  22.8896  0 23.6182  23.0965  22.999  23.0016  22.9278  22.7848  0.0730382  0.0170764  0.0121222  0.0209983  0.0340586  0.104229  
77  23.4749  23.1167  22.9856  23  22.8887  22.8896  23.635  23.133  22.9856  23  22.8887  22.8896  0 23.6739  23.1423  22.9875  22.9899  22.8808  22.7888  0.0748587  0.0171009  0.0121222  0.0209983  0.034059  0.104229  
78  23.4749  23.1167  22.9856  23  22.8887  22.8896  23.7239  23.1297  22.9856  23  22.8887  22.8896  0 23.7452  23.1194  22.9685  23.0017  22.8945  22.7505  0.080638  0.0170612  0.0121222  0.0209983  0.034059  0.104228  
79  23.4749  23.1167  22.9856  23  22.8887  22.8896  23.6861  23.139  22.9856  23  22.8887  22.8896  0 23.6663  23.1172  22.9774  22.9688  22.9319  22.743  0.0781205  0.017173  0.0121221  0.0209983  0.0340585  0.104229  
80  23.4749  23.1167  22.9856  23  22.8887  22.8896  23.6213  23.1315  22.9856  23  22.8887  22.8896  0 23.6352  23.1216  22.9665  23.0022  22.8617  22.8239  0.0740065  0.0170824  0.0121222  0.0209983  0.0340587  0.104229  
81  23.4749  23.1167  22.9856  23  22.8887  22.8896  23.664  23.1275  22.9856  23  22.8887  22.8896  0 23.7544  23.1288  22.9805  22.9788  22.8971  22.8919  0.0766934  0.0170358  0.0121221  0.0209983  0.0340584  0.10423  
82  23.4749  23.1167  22.9856  23  22.8887  22.8896  23.644  23.1288  22.9856  23  22.8887  22.8896  0 23.5849  23.1209  22.9739  22.9574  22.8883  23.0318  0.0754245  0.0170509  0.0121222  0.0209983  0.0340588  0.104228  
83  23.4749  23.1167  22.9856  23  22.8887  22.8896  23.6574  23.1404  22.9856  23  22.8887  22.8896  0 23.7494  23.1489  22.9768  22.9962  22.929  22.8095  0.0762713  0.0171892  0.0121222  0.0209983  0.0340595  0.104229  
84  23.4749  23.1167  22.9856  23  22.8887  22.8896  23.6951  23.1279  22.9856  23  22.8887  22.8896  0 23.6926  23.1557  22.9919  22.9716  22.8622  22.9008  0.0787174  0.0170396  0.0121222  0.0209983  0.034059  0.104229  
85  23.4749  23.1167  22.9856  23  22.8887  22.8896  23.7549  23.1372  22.9856  23  22.8887  22.8896  0 23.6279  23.15  22.9783  22.9921  22.8615  22.9404  0.0827685  0.0171511  0.0121221  0.0209983  0.0340589  0.10423  
86  23.4749  23.1167  22.9856  23  22.8887  22.8896  23.6725  23.1416  22.9856  23  22.8887  22.8896  0 23.6558  23.1489  22.9911  23.0092  22.9372  22.9343  0.0772408  0.0172042  0.0121222  0.0209983  0.0340586  0.10423  
87  23.4749  23.1167  22.9856  23  22.8887  22.8896  23.6718  23.1256  22.9856  23  22.8887  22.8896  0 23.6064  23.1418  22.9918  22.9793  22.8349  23.0159  0.0771941  0.0170122  0.0121222  0.0209983  0.0340587  0.104229  
88  23.4749  23.1167  22.9856  23  22.8887  22.8896  23.5757  23.1263  22.9856  23  22.8887  22.8896  0 23.6458  23.1044  22.9688  23.0247  22.9351  22.9807  0.0712595  0.0170209  0.0121222  0.0209983  0.0340587  0.104229  
89  23.4749  23.1167  22.9856  23  22.8887  22.8896  23.5765  23.1268  22.9856  23  22.8887  22.8896  0 23.6486  23.1375  22.965  23.0449  22.9023  22.7979  0.0713053  0.0170273  0.0121222  0.0209983  0.0340585  0.104229  
90  23.4749  23.1167  22.9856  23  22.8887  22.8896  23.6975  23.1261  22.9856  23  22.8887  22.8896  0 23.6678  23.1496  23.0061  23.0243  22.8764  22.842  0.0788701  0.0170185  0.0121221  0.0209983  0.0340588  0.104231  
91  23.4749  23.1167  22.9856  23  22.8887  22.8896  23.671  23.1372  22.9856  23  22.8887  22.8896  0 23.7098  23.1601  22.9982  23.0048  22.9116  22.8608  0.0771431  0.0171513  0.0121222  0.0209983  0.0340588  0.104229  
92  23.4749  23.1167  22.9856  23  22.8887  22.8896  23.6883  23.1214  22.9856  23  22.8887  22.8896  0 23.5716  23.0935  22.9913  23.0305  22.8884  22.886  0.0782706  0.0169627  0.0121223  0.0209983  0.0340587  0.104229  
93  23.4749  23.1167  22.9856  23  22.8887  22.8896  23.6181  23.1275  22.9856  23  22.8887  22.8896  0 23.673  23.1119  22.9929  22.9616  22.8782  22.7989  0.073813  0.0170358  0.0121222  0.0209983  0.0340585  0.104228  
94  23.4749  23.1167  22.9856  23  22.8887  22.8896  23.709  23.1335  22.9856  23  22.8887  22.8896  0 23.6429  23.1597  22.9824  22.943  22.888  22.759  0.0796364  0.0171066  0.0121222  0.0209983  0.0340592  0.104229  
95  23.4749  23.1167  22.9856  23  22.8887  22.8896  23.6634  23.1391  22.9856  23  22.8887  22.8896  0 23.6966  23.1374  23.0046  22.9988  22.9636  22.7323  0.076653  0.0171735  0.0121222  0.0209983  0.0340588  0.104229  
96  23.4749  23.1167  22.9856  23  22.8887  22.8896  23.6364  23.1359  22.9856  23  22.8887  22.8896  0 23.5757  23.1641  22.968  23.0296  22.8812  22.8305  0.0749458  0.0171354  0.0121222  0.0209983  0.0340587  0.104229  
97  23.4749  23.1167  22.9856  23  22.8887  22.8896  23.5713  23.1436  22.9856  23  22.8887  22.8896  0 23.483  23.1164  22.9875  22.9773  22.9259  22.9402  0.0709951  0.0172285  0.0121222  0.0209983  0.0340587  0.10423  
98  23.4749  23.1167  22.9856  23  22.8887  22.8896  23.6436  23.1354  22.9856  23  22.8887  22.8896  0 23.6416  23.1245  22.9664  22.9791  22.8929  22.824  0.0753988  0.0171292  0.0121222  0.0209983  0.0340585  0.104229  
99  23.4749  23.1167  22.9856  23  22.8887  22.8896  23.7165  23.1284  22.9856  23  22.8887  22.8896  0 23.7543  23.1334  22.9718  22.9924  22.8673  22.978  0.0801419  0.0170459  0.0121222  0.0209983  0.0340591  0.104229  
100  23.4749  23.1167  22.9856  23  22.8887  22.8896  23.5796  23.1287  22.9856  23  22.8887  22.8896  0 23.4957  23.1368  22.9838  22.9799  22.8707  23.0515  0.0714889  0.0170499  0.0121222  0.0209983  0.0340586  0.104229  
101  23.4749  23.1167  22.9856  23  22.8887  22.8896  23.6139  23.1326  22.9856  23  22.8887  22.8896  0 23.7063  23.1553  22.984  23.0086  22.9244  22.9416  0.0735526  0.017096  0.0121222  0.0209983  0.0340588  0.104228  
102  23.4749  23.1167  22.9856  23  22.8887  22.8896  23.6936  23.1261  22.9856  23  22.8887  22.8896  0 23.6816  23.1304  22.9668  23.005  22.8813  22.9442  0.0786141  0.0170192  0.0121222  0.0209983  0.034059  0.104228  
103  23.4749  23.1167  22.9856  23  22.8887  22.8896  23.6448  23.1255  22.9856  23  22.8887  22.8896  0 23.6482  23.1119  23.0134  22.9926  22.9017  22.9158  0.075473  0.0170115  0.0121222  0.0209983  0.0340588  0.104228  
104  23.4749  23.1167  22.9856  23  22.8887  22.8896  23.6131  23.1285  22.9856  23  22.8887  22.8896  0 23.5778  23.1206  22.9717  23.0191  22.9305  23.1235  0.073507  0.0170477  0.0121222  0.0209983  0.0340587  0.104229  
105  23.4749  23.1167  22.9856  23  22.8887  22.8896  23.7416  23.1295  22.9856  23  22.8887  22.8896  0 23.6896  23.1042  22.9772  22.9613  22.91  22.8734  0.081843  0.0170586  0.0121222  0.0209983  0.0340588  0.10423  
106  23.4749  23.1167  22.9856  23  22.8887  22.8896  23.6425  23.1252  22.9856  23  22.8887  22.8896  0 23.5292  23.1423  22.9952  23.0245  22.9223  22.7919  0.0753267  0.0170081  0.012122  0.0209983  0.0340581  0.104228  
107  23.4749  23.1167  22.9856  23  22.8887  22.8896  23.6008  23.131  22.9856  23  22.8887  22.8896  0 23.4734  23.1344  22.9987  23.0137  22.8516  22.7359  0.0727592  0.0170765  0.0121222  0.0209983  0.0340591  0.104229  
108  23.4749  23.1167  22.9856  23  22.8887  22.8896  23.572  23.1347  22.9856  23  22.8887  22.8896  0 23.6281  23.1103  22.9549  23.0225  22.9077  22.8517  0.0710395  0.017121  0.0121222  0.0209983  0.0340586  0.104229  
109  23.4749  23.1167  22.9856  23  22.8887  22.8896  23.6333  23.1263  22.9856  23  22.8887  22.8896  0 23.5935  23.1124  22.9904  23.0258  22.8243  22.7872  0.0747503  0.017021  0.0121222  0.0209983  0.0340588  0.104229  
110  23.4749  23.1167  22.9856  23  22.8887  22.8896  23.6903  23.1363  22.9856  23  22.8887  22.8896  0 23.595  23.1446  23.0003  23.0187  22.9798  23.0114  0.0783966  0.0171408  0.0121222  0.0209983  0.0340586  0.104228  
111  23.4749  23.1167  22.9856  23  22.8887  22.8896  23.6612  23.1268  22.9856  23  22.8887  22.8896  0 23.7365  23.1014  22.9677  22.9689  22.917  22.9265  0.0765123  0.0170275  0.0121222  0.0209983  0.034059  0.104228  
112  23.4749  23.1167  22.9856  23  22.8887  22.8896  23.5673  23.1377  22.9856  23  22.8887  22.8896  0 23.5494  23.1199  22.9749  23.0223  22.9396  23.0464  0.0707615  0.0171574  0.0121222  0.0209983  0.0340589  0.104229  
113  23.4749  23.1167  22.9856  23  22.8887  22.8896  23.6594  23.1325  22.9856  23  22.8887  22.8896  0 23.5398  23.1261  22.9809  23.0066  22.8499  23.2202  0.0764017  0.017095  0.0121221  0.0209983  0.0340593  0.10423  
114  23.4749  23.1167  22.9856  23  22.8887  22.8896  23.7058  23.1291  22.9856  23  22.8887  22.8896  0 23.8222  23.1408  22.9803  22.9976  22.8673  23.0453  0.0794257  0.0170538  0.0121221  0.0209983  0.0340586  0.104229  
115  23.4749  23.1167  22.9856  23  22.8887  22.8896  23.6089  23.1386  22.9856  23  22.8887  22.8896  0 23.6932  23.1534  22.9653  23.0103  22.895  23.1157  0.073247  0.0171685  0.0121221  0.0209983  0.0340582  0.104229  
116  23.4749  23.1167  22.9856  23  22.8887  22.8896  23.6298  23.1332  22.9856  23  22.8887  22.8896  0 23.7802  23.1624  22.9816  23.0198  22.927  22.9602  0.074534  0.0171028  0.0121221  0.0209983  0.0340581  0.10423  
117  23.4749  23.1167  22.9856  23  22.8887  22.8896  23.6365  23.122  22.9856  23  22.8887  22.8896  0 23.5802  23.1495  22.9847  23.0196  22.8728  22.9295  0.07495  0.0169704  0.0121222  0.0209983  0.0340593  0.104229  
118  23.4749  23.1167  22.9856  23  22.8887  22.8896  23.6284  23.1351  22.9856  23  22.8887  22.8896  0 23.6063  23.1173  22.9792  23.0036  22.9012  22.866  0.0744515  0.017126  0.0121222  0.0209983  0.0340594  0.104229  
119  23.4749  23.1167  22.9856  23  22.8887  22.8896  23.6433  23.1471  22.9856  23  22.8887  22.8896  0 23.6667  23.1362  23.0034  22.9451  22.9091  22.7971  0.0753791  0.0172702  0.0121221  0.0209983  0.0340585  0.104229  
120  23.4749  23.1167  22.9856  23  22.8887  22.8896  23.6901  23.136  22.9856  23  22.8887  22.8896  0 23.6865  23.1271  22.9899  22.9934  22.9402  22.7479  0.0783849  0.0171371  0.0121221  0.0209983  0.0340586  0.104228  
121  23.4749  23.1167  22.9856  23  22.8887  22.8896  23.5921  23.1374  22.9856  23  22.8887  22.8896  0 23.5303  23.1508  23.009  23.0198  22.8709  22.943  0.0722346  0.0171533  0.0121222  0.0209983  0.0340587  0.104229  
122  23.4749  23.1167  22.9856  23  22.8887  22.8896  23.586  23.134  22.9856  23  22.8887  22.8896  0 23.6176  23.0971  22.9623  23.0306  22.8601  22.994  0.0718708  0.0171125  0.0121222  0.0209983  0.0340585  0.104231  
123  23.4749  23.1167  22.9856  23  22.8887  22.8896  23.6913  23.1388  22.9856  23  22.8887  22.8896  0 23.7093  23.1686  22.9959  23.0071  22.9054  22.9642  0.0784665  0.01717  0.0121222  0.0209983  0.0340592  0.104229  
124  23.4749  23.1167  22.9856  23  22.8887  22.8896  23.6945  23.121  22.9856  23  22.8887  22.8896  0 23.7066  23.1045  23.0028  23.0176  22.9204  22.9685  0.0786715  0.0169587  0.0121221  0.0209983  0.0340586  0.104229  
125  23.4749  23.1167  22.9856  23  22.8887  22.8896  23.627  23.1269  22.9856  23  22.8887  22.8896  0 23.5711  23.1329  23.0021  23.0227  22.9225  22.7312  0.0743639  0.0170287  0.0121222  0.0209983  0.0340587  0.104228  
126  23.4749  23.1167  22.9856  23  22.8887  22.8896  23.6656  23.1252  22.9856  23  22.8887  22.8896  0 23.6416  23.1299  22.9672  23.019  22.9295  22.8525  0.0767935  0.0170081  0.0121222  0.0209983  0.0340588  0.104228  
127  23.4749  23.1167  22.9856  23  22.8887  22.8896  23.6705  23.1368  22.9856  23  22.8887  22.8896  0 23.765  23.1359  22.9897  23.0088  22.884  22.8922  0.077113  0.0171458  0.0121222  0.0209983  0.034059  0.104229  
128  23.4749  23.1167  22.9856  23  22.8887  22.8896  23.5608  23.1322  22.9856  23  22.8887  22.8896  0 23.4552  23.1411  22.9925  23.0004  22.8868  23.2422  0.0703824  0.0170912  0.0121222  0.0209983  0.0340586  0.10423  
129  23.4749  23.1167  22.9856  23  22.8887  22.8896  23.6169  23.1215  22.9856  23  22.8887  22.8896  0 23.5951  23.1134  22.9789  23.0023  22.964  22.8692  0.0737415  0.0169647  0.0121222  0.0209983  0.0340587  0.104229  
130  23.4749  23.1167  22.9856  23  22.8887  22.8896  23.5853  23.1314  22.9856  23  22.8887  22.8896  0 23.6153  23.1411  22.9602  22.9876  22.8858  22.8834  0.0718296  0.0170818  0.0121222  0.0209983  0.0340588  0.104229  
131  23.4749  23.1167  22.9856  23  22.8887  22.8896  23.6247  23.1341  22.9856  23  22.8887  22.8896  0 23.5881  23.1325  22.9754  22.9985  22.8577  22.9682  0.0742218  0.0171143  0.0121222  0.0209983  0.0340595  0.104229  
132  23.4749  23.1167  22.9856  23  22.8887  22.8896  23.6723  23.1292  22.9856  23  22.8887  22.8896  0 23.7367  23.1373  22.9691  22.995  22.873  23.0791  0.077224  0.017055  0.0121222  0.0209983  0.0340592  0.104229  
133  23.4749  23.1167  22.9856  23  22.8887  22.8896  23.6561  23.1322  22.9856  23  22.8887  22.8896  0 23.6699  23.147  22.9703  23.0404  22.873  22.9509  0.0761866  0.0170917  0.0121221  0.0209983  0.0340583  0.104229  
134  23.4749  23.1167  22.9856  23  22.8887  22.8896  23.6806  23.1219  22.9856  23  22.8887  22.8896  0 23.7141  23.0883  23.0042  23.0286  22.8946  22.9089  0.0777655  0.0169688  0.0121222  0.0209983  0.0340594  0.104228  
135  23.4749  23.1167  22.9856  23  22.8887  22.8896  23.6131  23.1264  22.9856  23  22.8887  22.8896  0 23.6654  23.1595  23.0029  23.0148  22.9196  23.1128  0.0735046  0.0170221  0.0121222  0.0209983  0.0340587  0.104229  
136  23.4749  23.1167  22.9856  23  22.8887  22.8896  23.6193  23.1422  22.9856  23  22.8887  22.8896  0 23.6761  23.1687  22.9909  23.0024  22.8833  22.7205  0.0738892  0.0172109  0.0121221  0.0209983  0.0340581  0.10423  
137  23.4749  23.1167  22.9856  23  22.8887  22.8896  23.6491  23.1243  22.9856  23  22.8887  22.8896  0 23.6836  23.1527  22.9693  22.9961  22.9254  22.9543  0.0757426  0.0169974  0.0121221  0.0209983  0.0340585  0.104229  
138  23.4749  23.1167  22.9856  23  22.8887  22.8896  23.6187  23.1392  22.9856  23  22.8887  22.8896  0 23.6629  23.1357  22.9884  23.0124  22.8959  22.8707  0.0738495  0.0171754  0.0121222  0.0209983  0.034059  0.104229  
139  23.4749  23.1167  22.9856  23  22.8887  22.8896  23.689  23.145  22.9856  23  22.8887  22.8896  0 23.8002  23.1333  22.9943  23.0259  22.9373  22.8705  0.0783124  0.0172455  0.0121222  0.0209983  0.0340586  0.104228  
140  23.4749  23.1167  22.9856  23  22.8887  22.8896  23.6164  23.1362  22.9856  23  22.8887  22.8896  0 23.6211  23.1178  22.9764  22.9584  22.8575  22.8003  0.0737083  0.0171396  0.0121222  0.0209983  0.0340586  0.104228  
141  23.4749  23.1167  22.9856  23  22.8887  22.8896  23.5923  23.1307  22.9856  23  22.8887  22.8896  0 23.5927  23.1425  22.9732  23.0355  22.9173  22.77  0.0722476  0.0170737  0.0121222  0.0209983  0.0340587  0.104228  
142  23.4749  23.1167  22.9856  23  22.8887  22.8896  23.5611  23.1258  22.9856  23  22.8887  22.8896  0 23.4565  23.1389  22.9869  23.0216  22.8824  22.6619  0.0704024  0.017015  0.0121222  0.0209983  0.0340587  0.10423  
143  23.4749  23.1167  22.9856  23  22.8887  22.8896  23.6401  23.1365  22.9856  23  22.8887  22.8896  0 23.5673  23.1096  22.9806  22.9979  22.869  23.0098  0.0751804  0.0171424  0.0121222  0.0209983  0.0340589  0.10423  
144  23.4749  23.1167  22.9856  23  22.8887  22.8896  23.6387  23.1319  22.9856  23  22.8887  22.8896  0 23.6389  23.1238  22.9912  22.9888  22.8991  22.8596  0.0750913  0.0170878  0.0121222  0.0209983  0.0340588  0.104229  
145  23.4749  23.1167  22.9856  23  22.8887  22.8896  23.609  23.1229  22.9856  23  22.8887  22.8896  0 23.656  23.1468  22.9766  22.9996  22.933  22.8565  0.0732545  0.0169809  0.0121222  0.0209983  0.0340589  0.104229  
146  23.4749  23.1167  22.9856  23  22.8887  22.8896  23.6141  23.14  22.9856  23  22.8887  22.8896  0 23.5888  23.1309  22.9925  23.035  22.9214  22.9435  0.0735655  0.0171846  0.0121222  0.0209983  0.0340588  0.10423  
147  23.4749  23.1167  22.9856  23  22.8887  22.8896  23.7128  23.1331  22.9856  23  22.8887  22.8896  0 23.6453  23.1279  22.9907  22.9968  22.87  22.9818  0.0798898  0.0171019  0.0121222  0.0209983  0.0340593  0.104229  
148  23.4749  23.1167  22.9856  23  22.8887  22.8896  23.649  23.1327  22.9856  23  22.8887  22.8896  0 23.6148  23.1409  22.9781  23.0057  22.8631  22.7967  0.0757378  0.0170975  0.0121222  0.0209983  0.0340588  0.104229  
149  23.4749  23.1167  22.9856  23  22.8887  22.8896  23.5993  23.1293  22.9856  23  22.8887  22.8896  0 23.6233  23.1457  22.9921  23.009  22.9121  22.7459  0.0726683  0.0170571  0.0121222  0.0209983  0.0340593  0.104229  
150  23.4749  23.1167  22.9856  23  22.8887  22.8896  23.6543  23.1408  22.9856  23  22.8887  22.8896  0 23.817  23.1604  22.9953  22.9748  22.9422  22.9049  0.0760764  0.0171946  0.0121221  0.0209983  0.0340584  0.10423  
151  23.4749  23.1167  22.9856  23  22.8887  22.8896  23.5928  23.1195  22.9856  23  22.8887  22.8896  0 23.4979  23.1139  22.9747  22.9969  22.8557  22.9633  0.0722786  0.01694  0.0121222  0.0209983  0.0340591  0.104229  
152  23.4749  23.1167  22.9856  23  22.8887  22.8896  23.6033  23.1251  22.9856  23  22.8887  22.8896  0 23.6188  23.1228  22.9981  23.0139  22.9028  23.0029  0.0729098  0.0170064  0.0121222  0.0209983  0.0340587  0.104229  
153  23.4749  23.1167  22.9856  23  22.8887  22.8896  23.5582  23.1311  22.9856  23  22.8887  22.8896  0 23.4376  23.1141  22.985  22.984  22.9156  23.0204  0.0702325  0.0170784  0.0121222  0.0209983  0.0340587  0.104229  
154  23.4749  23.1167  22.9856  23  22.8887  22.8896  23.6125  23.1327  22.9856  23  22.8887  22.8896  0 23.6097  23.1106  22.9773  23.0155  22.9338  23.0274  0.0734709  0.0170967  0.0121222  0.0209983  0.0340589  0.104229  
155  23.4749  23.1167  22.9856  23  22.8887  22.8896  23.7155  23.1261  22.9856  23  22.8887  22.8896  0 23.6828  23.1238  22.9748  23.0159  22.9533  23.052  0.0800696  0.0170185  0.0121222  0.0209983  0.0340586  0.104229  
156  23.4749  23.1167  22.9856  23  22.8887  22.8896  23.6065  23.1346  22.9856  23  22.8887  22.8896  0 23.6116  23.1336  22.9795  23.0035  22.8829  22.8577  0.0731052  0.0171203  0.0121221  0.0209983  0.0340583  0.104231  
157  23.4749  23.1167  22.9856  23  22.8887  22.8896  23.675  23.129  22.9856  23  22.8887  22.8896  0 23.552  23.1278  22.9717  23.0495  22.8849  22.8793  0.0774002  0.0170533  0.0121221  0.0209983  0.0340591  0.104229  
158  23.4749  23.1167  22.9856  23  22.8887  22.8896  23.6317  23.129  22.9856  23  22.8887  22.8896  0 23.6661  23.1162  22.9814  22.9601  22.8932  23.0022  0.0746535  0.0170531  0.0121222  0.0209983  0.0340587  0.104228  
159  23.4749  23.1167  22.9856  23  22.8887  22.8896  23.6501  23.1332  22.9856  23  22.8887  22.8896  0 23.8365  23.1374  22.9807  23.0002  22.9344  22.9158  0.0758091  0.0171035  0.0121222  0.0209983  0.0340592  0.104229  
160  23.4749  23.1167  22.9856  23  22.8887  22.8896  23.5748  23.1265  22.9856  23  22.8887  22.8896  0 23.3953  23.1471  22.987  23.0021  22.8813  22.9543  0.0712028  0.0170237  0.0121222  0.0209983  0.0340587  0.104229  
161  23.4749  23.1167  22.9856  23  22.8887  22.8896  23.6408  23.1289  22.9856  23  22.8887  22.8896  0 23.7497  23.1277  22.9996  23.0379  22.8576  22.7361  0.0752234  0.0170521  0.0121222  0.0209983  0.0340587  0.104229  
162  23.4749  23.1167  22.9856  23  22.8887  22.8896  23.5846  23.1264  22.9856  23  22.8887  22.8896  0 23.6418  23.0959  22.9856  22.9832  22.9151  22.9098  0.0717844  0.0170224  0.0121222  0.0209983  0.034059  0.104229  
163  23.4749  23.1167  22.9856  23  22.8887  22.8896  23.6724  23.1319  22.9856  23  22.8887  22.8896  0 23.6325  23.1168  22.993  23.022  22.8742  22.8851  0.0772338  0.0170871  0.0121222  0.0209983  0.0340585  0.104229  
164  23.4749  23.1167  22.9856  23  22.8887  22.8896  23.65  23.1435  22.9856  23  22.8887  22.8896  0 23.674  23.1151  22.9911  22.9793  22.9141  22.863  0.075799  0.0172263  0.0121222  0.0209983  0.0340586  0.104231  
165  23.4749  23.1167  22.9856  23  22.8887  22.8896  23.621  23.1328  22.9856  23  22.8887  22.8896  0 23.6085  23.1085  23.0026  23.0079  22.8527  22.7978  0.0739922  0.0170981  0.0121222  0.0209983  0.0340591  0.104229  
166  23.4749  23.1167  22.9856  23  22.8887  22.8896  23.5735  23.1287  22.9856  23  22.8887  22.8896  0 23.6523  23.1422  23.006  22.989  22.9084  22.8176  0.0711257  0.0170497  0.0121221  0.0209983  0.0340586  0.104229  
167  23.4749  23.1167  22.9856  23  22.8887  22.8896  23.6679  23.1359  22.9856  23  22.8887  22.8896  0 23.6641  23.142  22.9947  22.988  22.8837  23.1089  0.0769429  0.0171354  0.0121222  0.0209983  0.0340586  0.10423  
168  23.4749  23.1167  22.9856  23  22.8887  22.8896  23.7244  23.1404  22.9856  23  22.8887  22.8896  0 23.7451  23.1583  22.9832  23.0168  22.9165  23.106  0.0806737  0.0171895  0.0121221  0.0209983  0.0340583  0.104229  
169  23.4749  23.1167  22.9856  23  22.8887  22.8896  23.6038  23.1289  22.9856  23  22.8887  22.8896  0 23.678  23.158  22.9908  23.0057  22.9156  22.8632  0.07294  0.017052  0.0121221  0.0209983  0.0340582  0.104229  
170  23.4749  23.1167  22.9856  23  22.8887  22.8896  23.7198  23.1217  22.9856  23  22.8887  22.8896  0 23.6289  23.138  22.9637  22.965  22.9196  22.8962  0.08036  0.0169667  0.0121222  0.0209983  0.0340584  0.104228  
171  23.4749  23.1167  22.9856  23  22.8887  22.8896  23.5949  23.129  22.9856  23  22.8887  22.8896  0 23.571  23.1071  22.9919  23.0158  22.9699  23.0174  0.0724009  0.0170531  0.0121222  0.0209983  0.0340588  0.104229  
172  23.4749  23.1167  22.9856  23  22.8887  22.8896  23.5957  23.1318  22.9856  23  22.8887  22.8896  0 23.596  23.129  22.9744  23.0229  22.8968  22.8671  0.0724521  0.0170866  0.0121222  0.0209983  0.034059  0.104229  
173  23.4749  23.1167  22.9856  23  22.8887  22.8896  23.6155  23.1258  22.9856  23  22.8887  22.8896  0 23.5781  23.1243  22.9712  22.9981  22.8919  22.967  0.0736524  0.0170151  0.0121222  0.0209983  0.0340584  0.104229  
174  23.4749  23.1167  22.9856  23  22.8887  22.8896  23.5832  23.1357  22.9856  23  22.8887  22.8896  0 23.5403  23.1184  23.0006  23.0077  22.8596  23.0159  0.0717047  0.0171327  0.0121222  0.0209983  0.0340586  0.104228  
175  23.4749  23.1167  22.9856  23  22.8887  22.8896  23.6316  23.1478  22.9856  23  22.8887  22.8896  0 23.4421  23.1689  22.9916  22.9783  22.8935  22.8695  0.0746467  0.0172789  0.0121222  0.0209983  0.0340593  0.104229  
176  23.4749  23.1167  22.9856  23  22.8887  22.8896  23.643  23.1295  22.9856  23  22.8887  22.8896  0 23.6326  23.1553  22.9618  22.9726  22.842  22.9515  0.0753623  0.0170595  0.0121222  0.0209983  0.0340588  0.104229  
177  23.4749  23.1167  22.9856  23  22.8887  22.8896  23.6358  23.1309  22.9856  23  22.8887  22.8896  0 23.7542  23.1185  23.0124  22.9753  22.8305  22.8682  0.0749067  0.0170761  0.0121222  0.0209983  0.0340586  0.104229  
178  23.4749  23.1167  22.9856  23  22.8887  22.8896  23.6622  23.1244  22.9856  23  22.8887  22.8896  0 23.5729  23.1189  22.9817  23.0104  22.9143  22.9513  0.0765807  0.0169982  0.0121222  0.0209983  0.0340588  0.104228  
179  23.4749  23.1167  22.9856  23  22.8887  22.8896  23.7601  23.1451  22.9856  23  22.8887  22.8896  0 23.813  23.1385  23.0031  23.0422  22.8574  22.9333  0.0831266  0.0172465  0.0121221  0.0209983  0.0340587  0.104229  
180  23.4749  23.1167  22.9856  23  22.8887  22.8896  23.6335  23.1514  22.9856  23  22.8887  22.8896  0 23.5331  23.171  22.9738  22.9852  22.8568  23.0942  0.0747646  0.0173219  0.0121222  0.0209983  0.0340589  0.10423  
181  23.4749  23.1167  22.9856  23  22.8887  22.8896  23.6614  23.1273  22.9856  23  22.8887  22.8896  0 23.6896  23.1272  22.9961  22.9953  22.8504  22.7629  0.0765269  0.0170325  0.0121221  0.0209983  0.0340588  0.10423  
182  23.4749  23.1167  22.9856  23  22.8887  22.8896  23.6441  23.1455  22.9856  23  22.8887  22.8896  0 23.5237  23.1216  22.9925  22.9734  22.9249  22.932  0.0754299  0.0172507  0.0121222  0.0209983  0.034059  0.10423  
183  23.4749  23.1167  22.9856  23  22.8887  22.8896  23.6704  23.1281  22.9856  23  22.8887  22.8896  0 23.6913  23.1323  22.9714  23.0098  22.8892  22.8425  0.0771041  0.0170421  0.0121222  0.0209983  0.0340585  0.104229  
184  23.4749  23.1167  22.9856  23  22.8887  22.8896  23.6443  23.1405  22.9856  23  22.8886  22.8897  0 23.6806  23.1722  23.0057  22.9963  22.928  22.8006  0.0754439  0.0171903  0.012122  0.0209983  0.0340579  0.104231  
185  23.4749  23.1167  22.9856  23  22.8887  22.8896  23.6132  23.1254  22.9856  23  22.8886  22.8896  0 23.7886  23.1547  22.9951  23.0023  22.941  22.9118  0.0735108  0.0170107  0.012122  0.0209983  0.0340577  0.10423  
186  23.4749  23.1167  22.9856  23  22.8887  22.8896  23.59  23.1272  22.9856  23  22.8887  22.8896  0 23.6277  23.1692  22.9796  23.006  22.9248  22.8714  0.0721082  0.0170319  0.0121222  0.0209983  0.0340586  0.104228  
187  23.4749  23.1167  22.9856  23  22.8887  22.8896  23.6977  23.1288  22.9856  23  22.8887  22.8896  0 23.6212  23.1533  22.9922  23.0421  22.8761  22.8132  0.0788865  0.0170509  0.0121222  0.0209983  0.0340586  0.104228  
188  23.4749  23.1167  22.9856  23  22.8887  22.8896  23.647  23.1361  22.9856  23  22.8887  22.8896  0 23.6708  23.1358  22.9963  22.9857  22.848  22.8491  0.0756113  0.0171384  0.0121221  0.0209983  0.0340587  0.10423  
189  23.4749  23.1167  22.9856  23  22.8887  22.8896  23.6221  23.1368  22.9856  23  22.8887  22.8896  0 23.5506  23.139  22.985  23.0393  22.8697  22.874  0.0740598  0.0171464  0.0121222  0.0209983  0.0340589  0.104229  
190  23.4749  23.1167  22.9856  23  22.8887  22.8896  23.692  23.1366  22.9856  23  22.8887  22.8896  0 23.622  23.1343  22.9764  22.9749  22.917  22.9283  0.078513  0.0171445  0.0121222  0.0209983  0.0340594  0.104229  
191  23.4749  23.1167  22.9856  23  22.8887  22.8896  23.6138  23.1427  22.9856  23  22.8887  22.8896  0 23.6372  23.147  22.982  23.0238  22.8906  22.8823  0.0735461  0.0172177  0.0121222  0.0209983  0.034059  0.10423  
192  23.4749  23.1167  22.9856  23  22.8887  22.8896  23.6634  23.1334  22.9856  23  22.8887  22.8896  0 23.7972  23.144  22.9812  22.9621  22.9011  23.033  0.0766525  0.0171053  0.0121222  0.0209983  0.0340589  0.10423  
193  23.4749  23.1167  22.9856  23  22.8887  22.8896  23.6034  23.131  22.9856  23  22.8887  22.8896  0 23.6532  23.1962  23.0193  23.0132  22.931  22.8579  0.0729149  0.0170775  0.0121222  0.0209983  0.0340586  0.104229  
194  23.4749  23.1167  22.9856  23  22.8887  22.8896  23.7496  23.1364  22.9856  23  22.8887  22.8896  0 23.7615  23.1476  22.9622  22.9723  22.8258  22.8578  0.0823948  0.0171418  0.0121222  0.0209983  0.0340591  0.104229  
195  23.4749  23.1167  22.9856  23  22.8887  22.8896  23.6648  23.1222  22.9856  23  22.8887  22.8896  0 23.6672  23.1277  22.9686  22.9856  22.8799  22.9329  0.0767418  0.0169727  0.0121222  0.0209983  0.0340585  0.104228  
196  23.4749  23.1167  22.9856  23  22.8887  22.8896  23.5681  23.133  22.9856  23  22.8887  22.8896  0 23.555  23.123  22.9912  22.9909  22.892  22.7024  0.0708077  0.0171008  0.012122  0.0209983  0.0340581  0.104231  
197  23.4749  23.1167  22.9856  23  22.8887  22.8896  23.6576  23.142  22.9856  23  22.8887  22.8896  0 23.6022  23.1332  22.9816  22.9887  22.9305  22.9382  0.076286  0.0172088  0.0121222  0.0209983  0.0340589  0.10423  
198  23.4749  23.1167  22.9856  23  22.8887  22.8896  23.595  23.1243  22.9856  23  22.8887  22.8896  0 23.6508  23.1266  23.0098  23.0304  22.9032  22.9586  0.0724051  0.0169973  0.0121222  0.0209983  0.0340583  0.104229  
199  23.4749  23.1167  22.9856  23  22.8887  22.8896  23.6809  23.1272  22.9856  23  22.8887  22.8896  0 23.7091  23.1273  22.9668  23.0226  22.8254  22.9562  0.0777814  0.0170317  0.0121221  0.0209983  0.0340582  0.10423  
200  23.4749  23.1167  22.9856  23  22.8887  22.8896  23.6425  23.1216  22.9856  23  22.8887  22.8896  0 23.7585  23.1367  23.0177  22.9922  22.836  22.8984  0.0753275  0.0169653  0.0121222  0.0209983  0.0340587  0.104228  
201  23.4749  23.1167  22.9856  23  22.8887  22.8896  23.5857  23.1242  22.9856  23  22.8887  22.8896  0 23.529  23.1228  23.0019  22.9875  22.8622  22.8486  0.0718535  0.0169956  0.0121221  0.0209983  0.0340585  0.104231  
202  23.4749  23.1167  22.9856  23  22.8887  22.8896  23.6358  23.1387  22.9856  23  22.8887  22.8896  0 23.7707  23.1437  22.9788  22.9719  22.8908  22.9434  0.0749101  0.0171689  0.0121222  0.0209983  0.0340589  0.104229  
203  23.4749  23.1167  22.9856  23  22.8887  22.8896  23.6863  23.131  22.9856  23  22.8887  22.8896  0 23.6984  23.1607  22.991  22.9505  22.9132  23.0336  0.078138  0.0170771  0.0121222  0.0209983  0.0340587  0.104228  
204  23.4749  23.1167  22.9856  23  22.8887  22.8896  23.5615  23.1262  22.9856  23  22.8887  22.8896  0 23.5801  23.1305  22.974  22.9849  22.9055  22.8679  0.0704223  0.0170198  0.0121222  0.0209983  0.0340587  0.104229  
205  23.4749  23.1167  22.9856  23  22.8887  22.8896  23.6022  23.134  22.9856  23  22.8887  22.8896  0 23.6321  23.1355  22.9843  22.9938  22.8176  22.9295  0.0728438  0.0171123  0.0121222  0.0209983  0.0340587  0.104229  
206  23.4749  23.1167  22.9856  23  22.8887  22.8896  23.692  23.1327  22.9856  23  22.8887  22.8896  0 23.6511  23.1285  22.9871  22.9673  22.93  22.9853  0.0785131  0.0170972  0.0121221  0.0209983  0.0340583  0.104228  
207  23.4749  23.1167  22.9856  23  22.8887  22.8896  23.6934  23.142  22.9856  23  22.8887  22.8896  0 23.6203  23.1464  22.9731  22.9825  22.8875  22.9316  0.0786014  0.0172086  0.0121222  0.0209983  0.0340586  0.104229  
208  23.4749  23.1167  22.9856  23  22.8887  22.8896  23.618  23.1253  22.9856  23  22.8887  22.8896  0 23.6361  23.163  23.0046  22.9946  22.9002  22.9115  0.0738094  0.0170086  0.0121222  0.0209983  0.0340593  0.104229  
209  23.4749  23.1167  22.9856  23  22.8887  22.8896  23.6937  23.1251  22.9856  23  22.8887  22.8897  0 23.6883  23.1091  22.9637  22.9932  22.8755  22.7947  0.078622  0.017007  0.012122  0.0209983  0.0340582  0.104232  
210  23.4749  23.1167  22.9856  23  22.8887  22.8896  23.6029  23.126  22.9856  23  22.8887  22.8896  0 23.6116  23.1036  22.9965  22.9861  22.9205  22.8076  0.072884  0.0170179  0.012122  0.0209983  0.0340581  0.10423  
211  23.4749  23.1167  22.9856  23  22.8887  22.8896  23.6966  23.1312  22.9856  23  22.8887  22.8897  0 23.584  23.1237  22.9666  23.0029  22.8743  22.8958  0.0788143  0.0170792  0.0121221  0.0209983  0.0340582  0.104232  
212  23.4749  23.1167  22.9856  23  22.8887  22.8896  23.6057  23.1295  22.9856  23  22.8887  22.8896  0 23.5758  23.1398  22.9831  23.0287  22.9056  22.8917  0.0730569  0.0170589  0.0121222  0.0209983  0.0340585  0.104229  
213  23.4749  23.1167  22.9856  23  22.8887  22.8896  23.5929  23.1225  22.9856  23  22.8887  22.8896  0 23.5372  23.1333  22.9769  22.9917  22.8608  22.8591  0.0722822  0.0169763  0.0121222  0.0209983  0.0340586  0.104229  
214  23.4749  23.1167  22.9856  23  22.8887  22.8896  23.6991  23.1215  22.9856  23  22.8887  22.8896  0 23.6424  23.0951  22.9845  23.0088  22.826  22.9157  0.0789762  0.016964  0.0121222  0.0209983  0.0340588  0.104229  
215  23.4749  23.1167  22.9856  23  22.8887  22.8896  23.6  23.1418  22.9856  23  22.8887  22.8896  0 23.5798  23.165  22.9753  23.0283  22.8167  22.8124  0.0727077  0.0172065  0.0121222  0.0209983  0.0340593  0.10423  
216  23.4749  23.1167  22.9856  23  22.8887  22.8896  23.7189  23.1414  22.9856  23  22.8887  22.8896  0 23.6712  23.1543  22.989  22.9679  22.8256  22.8862  0.080299  0.0172018  0.0121222  0.0209983  0.0340591  0.10423  
217  23.4749  23.1167  22.9856  23  22.8887  22.8896  23.694  23.129  22.9856  23  22.8887  22.8896  0 23.6496  23.1355  22.9873  23.011  22.8309  22.8554  0.0786432  0.0170527  0.0121221  0.0209983  0.0340584  0.104228  
218  23.4749  23.1167  22.9856  23  22.8887  22.8896  23.6426  23.1304  22.9856  23  22.8887  22.8896  0 23.7354  23.0932  22.9847  22.9873  22.9421  22.923  0.0753364  0.0170704  0.0121222  0.0209983  0.0340587  0.104229  
219  23.4749  23.1167  22.9856  23  22.8887  22.8896  23.6562  23.1246  22.9856  23  22.8887  22.8896  0 23.5955  23.1074  23.0019  23.0139  22.8886  22.8351  0.0761943  0.0170014  0.0121222  0.0209983  0.0340588  0.104228  
220  23.4749  23.1167  22.9856  23  22.8887  22.8896  23.5853  23.1387  22.9856  23  22.8887  22.8896  0 23.5228  23.1322  22.9859  22.9751  22.894  23.0919  0.0718261  0.0171689  0.0121222  0.0209983  0.0340587  0.10423  
221  23.4749  23.1167  22.9856  23  22.8887  22.8896  23.664  23.1335  22.9856  23  22.8887  22.8896  0 23.6859  23.1048  22.9934  22.9751  22.9206  22.9279  0.0766952  0.0171064  0.0121221  0.0209983  0.0340589  0.104229  
222  23.4749  23.1167  22.9856  23  22.8887  22.8896  23.6197  23.1264  22.9856  23  22.8887  22.8896  0 23.516  23.1527  23.0037  23.0213  22.8709  23.011  0.0739116  0.017022  0.012122  0.0209983  0.0340581  0.10423  
223  23.4749  23.1167  22.9856  23  22.8887  22.8896  23.6584  23.1247  22.9856  23  22.8887  22.8896  0 23.6415  23.1136  22.9825  23.0056  22.8782  22.8935  0.076332  0.0170025  0.0121222  0.0209983  0.034059  0.104229  
224  23.4749  23.1167  22.9856  23  22.8887  22.8896  23.7211  23.1462  22.9856  23  22.8887  22.8896  0 23.7852  23.1613  22.9988  22.9768  22.9084  23.0759  0.0804518  0.0172591  0.0121222  0.0209983  0.0340589  0.104229  
225  23.4749  23.1167  22.9856  23  22.8887  22.8896  23.6659  23.1235  22.9856  23  22.8887  22.8896  0 23.6025  23.1307  23.0026  22.9643  22.9059  22.7659  0.0768145  0.0169879  0.0121221  0.0209983  0.0340586  0.104229  
226  23.4749  23.1167  22.9856  23  22.8887  22.8896  23.5945  23.1333  22.9856  23  22.8887  22.8896  0 23.6305  23.1142  22.9586  22.9891  22.8992  22.8963  0.0723799  0.0171045  0.0121222  0.0209983  0.0340588  0.104229  
227  23.4749  23.1167  22.9856  23  22.8887  22.8896  23.6249  23.1379  22.9856  23  22.8887  22.8896  0 23.5244  23.1178  22.9916  22.9904  22.9008  22.9122  0.0742295  0.0171596  0.0121222  0.0209983  0.0340586  0.104229  
228  23.4749  23.1167  22.9856  23  22.8887  22.8896  23.619  23.1251  22.9856  23  22.8887  22.8896  0 23.6321  23.0895  22.9612  22.971  22.8921  22.7583  0.0738696  0.0170072  0.0121222  0.0209983  0.0340589  0.104229  
229  23.4749  23.1167  22.9856  23  22.8887  22.8896  23.6546  23.1219  22.9856  23  22.8887  22.8896  0 23.6343  23.1002  22.9978  23.0171  22.9288  22.981  0.0760902  0.0169685  0.0121222  0.0209983  0.0340591  0.104228  
230  23.4749  23.1167  22.9856  23  22.8887  22.8896  23.7473  23.1323  22.9856  23  22.8887  22.8896  0 23.7844  23.1021  22.9831  23.0033  22.8661  23.0624  0.0822376  0.0170923  0.0121221  0.0209983  0.0340591  0.104228  
231  23.4749  23.1167  22.9856  23  22.8887  22.8896  23.62  23.125  22.9856  23  22.8887  22.8896  0 23.6674  23.1375  23.0039  22.9895  22.926  23.1225  0.0739293  0.0170052  0.0121221  0.0209983  0.0340584  0.10423  
232  23.4749  23.1167  22.9856  23  22.8887  22.8896  23.6006  23.1289  22.9856  23  22.8887  22.8896  0 23.646  23.1278  22.9749  23.0026  22.9246  23.1115  0.0727474  0.0170523  0.0121222  0.0209983  0.0340589  0.104229  
233  23.4749  23.1167  22.9856  23  22.8887  22.8896  23.5749  23.1327  22.9856  23  22.8887  22.8896  0 23.4824  23.1266  22.9891  23.0018  22.8934  23.0677  0.071209  0.0170974  0.0121222  0.0209983  0.0340588  0.10423  
234  23.4749  23.1167  22.9856  23  22.8887  22.8896  23.7113  23.1523  22.9856  23  22.8887  22.8896  0 23.6765  23.1718  22.9922  22.9578  22.9186  22.9012  0.0797886  0.0173334  0.0121222  0.0209983  0.0340594  0.104229  
235  23.4749  23.1167  22.9856  23  22.8887  22.8896  23.6877  23.1312  22.9856  23  22.8887  22.8896  0 23.679  23.1147  22.9962  23.0029  22.8652  22.8035  0.0782276  0.0170798  0.0121223  0.0209983  0.0340588  0.104228  
236  23.4749  23.1167  22.9856  23  22.8887  22.8896  23.6778  23.1258  22.9856  23  22.8887  22.8896  0 23.739  23.1333  22.9997  22.9931  22.8944  22.9524  0.0775856  0.0170156  0.0121222  0.0209983  0.0340591  0.104229  
237  23.4749  23.1167  22.9856  23  22.8887  22.8896  23.6234  23.1289  22.9856  23  22.8887  22.8896  0 23.7288  23.1012  22.9882  22.995  22.9147  22.8507  0.0741383  0.017052  0.0121222  0.0209983  0.0340585  0.104228  
238  23.4749  23.1167  22.9856  23  22.8887  22.8896  23.6282  23.151  22.9856  23  22.8887  22.8896  0 23.4954  23.1598  22.9833  23.0022  22.9017  22.9395  0.0744382  0.0173177  0.0121222  0.0209983  0.0340588  0.10423  
239  23.4749  23.1167  22.9856  23  22.8887  22.8896  23.6348  23.128  22.9856  23  22.8887  22.8896  0 23.7117  23.0993  22.9698  23.0056  22.856  22.9756  0.0748464  0.0170407  0.0121222  0.0209983  0.034059  0.104229  
240  23.4749  23.1167  22.9856  23  22.8887  22.8896  23.6058  23.1292  22.9856  23  22.8887  22.8896  0 23.5096  23.137  22.9747  22.996  22.8785  23.038  0.0730634  0.0170561  0.0121222  0.0209983  0.0340588  0.104229  
241  23.4749  23.1167  22.9856  23  22.8887  22.8896  23.661  23.1313  22.9856  23  22.8887  22.8896  0 23.6948  23.1574  22.9837  23.007  22.8265  22.8803  0.0764986  0.0170801  0.0121222  0.0209983  0.0340587  0.104228  
242  23.4749  23.1167  22.9856  23  22.8887  22.8896  23.6606  23.1471  22.9856  23  22.8887  22.8897  0 23.6094  23.1643  22.977  23.024  22.8404  22.9024  0.0764778  0.0172701  0.012122  0.0209983  0.0340581  0.104232  
243  23.4749  23.1167  22.9856  23  22.8887  22.8896  23.6235  23.1347  22.9856  23  22.8887  22.8896  0 23.6971  23.112  23.0039  22.9805  22.9092  22.9899  0.0741453  0.017121  0.0121221  0.0209983  0.0340582  0.104229  
244  23.4749  23.1167  22.9856  23  22.8887  22.8896  23.6325  23.1395  22.9856  23  22.8887  22.8896  0 23.7389  23.1529  22.9749  22.9978  22.8561  22.7903  0.0747063  0.0171792  0.0121222  0.0209983  0.0340589  0.104229  
245  23.4749  23.1167  22.9856  23  22.8887  22.8896  23.7282  23.1228  22.9856  23  22.8887  22.8896  0 23.7181  23.1145  22.9748  22.9918  22.9552  22.7909  0.0809266  0.01698  0.0121223  0.0209983  0.0340589  0.104228  
246  23.4749  23.1167  22.9856  23  22.8887  22.8896  23.6633  23.1342  22.9856  23  22.8887  22.8896  0 23.6309  23.1626  22.9817  22.9878  22.9034  22.748  0.0766506  0.0171151  0.0121222  0.0209983  0.0340588  0.104229  
247  23.4749  23.1167  22.9856  23  22.8887  22.8896  23.6291  23.1329  22.9856  23  22.8887  22.8896  0 23.59  23.1473  22.9943  22.9758  22.9354  22.7974  0.074494  0.0171001  0.0121222  0.0209983  0.034059  0.104229  
248  23.4749  23.1167  22.9856  23  22.8887  22.8896  23.5626  23.1204  22.9856  23  22.8887  22.8896  0 23.5161  23.1207  22.9928  22.9782  22.8751  22.8798  0.0704848  0.0169514  0.0121222  0.0209983  0.0340584  0.104229  
249  23.4749  23.1167  22.9856  23  22.8887  22.8896  23.6995  23.1398  22.9856  23  22.8887  22.8896  0 23.6656  23.1549  22.9719  23.0071  22.8656  22.9297  0.079002  0.0171824  0.0121221  0.0209983  0.0340584  0.104229  
250  23.4749  23.1167  22.9856  23  22.8887  22.8896  23.6651  23.1226  22.9856  23  22.8887  22.8896  0 23.619  23.0788  22.9882  23.0193  22.8912  22.9849  0.076764  0.016977  0.0121222  0.0209983  0.0340585  0.104228  
251  23.4749  23.1167  22.9856  23  22.8887  22.8896  23.5566  23.1315  22.9856  23  22.8887  22.8896  0 23.5058  23.1429  22.9639  23.0111  22.8819  23.0078  0.0701393  0.0170834  0.0121222  0.0209983  0.0340586  0.104229  
252  23.4749  23.1167  22.9856  23  22.8887  22.8896  23.6274  23.1313  22.9856  23  22.8887  22.8896  0 23.5584  23.1899  22.9879  23.011  22.866  22.771  0.0743851  0.01708  0.0121222  0.0209983  0.0340588  0.104228  
253  23.4749  23.1167  22.9856  23  22.8887  22.8896  23.6001  23.145  22.9856  23  22.8887  22.8896  0 23.3915  23.1382  22.9809  22.9665  22.9061  23.0054  0.0727167  0.0172445  0.0121222  0.0209983  0.0340588  0.104229  
254  23.4749  23.1167  22.9856  23  22.8887  22.8896  23.6459  23.1332  22.9856  23  22.8887  22.8896  0 23.6278  23.1022  22.9733  23.0258  22.9005  22.7006  0.0755431  0.017103  0.0121222  0.0209983  0.0340586  0.104229  
255  23.4749  23.1167  22.9856  23  22.8887  22.8896  23.6378  23.1286  22.9856  23  22.8887  22.8896  0 23.5852  23.098  22.9808  22.9887  22.888  22.8033  0.0750354  0.0170479  0.0121221  0.0209983  0.0340582  0.104229  
256  23.4749  23.1167  22.9856  23  22.8887  22.8896  23.6338  23.1215  22.9856  23  22.8887  22.8896  0 23.6066  23.1257  22.9668  23.001  22.8729  22.8124  0.0747839  0.0169641  0.0121221  0.0209983  0.0340585  0.10423  
257  23.4749  23.1167  22.9856  23  22.8887  22.8896  23.6502  23.1292  22.9856  23  22.8887  22.8896  0 23.6613  23.1581  22.9843  23.0032  22.88  22.7709  0.0758116  0.017056  0.0121221  0.0209983  0.0340587  0.10423  
258  23.4749  23.1167  22.9856  23  22.8887  22.8896  23.5916  23.1233  22.9856  23  22.8887  22.8896  0 23.4954  23.1388  23.0056  22.9744  22.8677  22.8432  0.0722029  0.0169853  0.0121222  0.0209983  0.0340591  0.104229  
259  23.4749  23.1167  22.9856  23  22.8887  22.8896  23.6398  23.1318  22.9856  23  22.8887  22.8896  0 23.5881  23.1227  22.9835  23.007  22.8594  22.9416  0.0751622  0.0170864  0.0121222  0.0209983  0.0340588  0.104229  
260  23.4749  23.1167  22.9856  23  22.8887  22.8896  23.7349  23.1227  22.9856  23  22.8887  22.8896  0 23.667  23.1178  22.986  22.9991  22.9434  22.8646  0.0813897  0.0169784  0.0121221  0.0209983  0.0340587  0.104228  
261  23.4749  23.1167  22.9856  23  22.8887  22.8896  23.6874  23.1292  22.9856  23  22.8887  22.8896  0 23.6983  23.1105  22.9816  23.0021  22.8754  22.9367  0.0782078  0.0170558  0.0121222  0.0209983  0.0340589  0.104228  
262  23.4749  23.1167  22.9856  23  22.8887  22.8896  23.5851  23.1338  22.9856  23  22.8887  22.8896  0 23.6347  23.1386  22.9899  23.0295  22.8531  22.8122  0.0718148  0.0171101  0.0121221  0.0209983  0.0340585  0.104229  
263  23.4749  23.1167  22.9856  23  22.8887  22.8896  23.6573  23.1345  22.9856  23  22.8887  22.8896  0 23.8903  23.0988  22.9972  23.006  22.855  22.998  0.0762645  0.0171184  0.0121222  0.0209983  0.0340592  0.104229  
264  23.4749  23.1167  22.9856  23  22.8887  22.8896  23.6718  23.1268  22.9856  23  22.8887  22.8896  0 23.7063  23.1427  22.9937  22.9943  22.8841  22.8174  0.0771948  0.0170266  0.0121222  0.0209983  0.0340586  0.104229  
265  23.4749  23.1167  22.9856  23  22.8887  22.8896  23.6793  23.125  22.9856  23  22.8887  22.8896  0 23.6316  23.1211  22.9813  23.0205  22.8925  22.8303  0.0776771  0.0170058  0.0121222  0.0209983  0.034059  0.104228  
266  23.4749  23.1167  22.9856  23  22.8887  22.8896  23.5701  23.124  22.9856  23  22.8887  22.8896  0 23.5056  23.1371  22.9712  22.9913  22.8436  22.7871  0.0709293  0.0169936  0.0121222  0.0209983  0.0340592  0.104229  
267  23.4749  23.1167  22.9856  23  22.8887  22.8896  23.5746  23.1258  22.9856  23  22.8887  22.8896  0 23.5752  23.1447  23.0036  22.9944  22.9131  22.8297  0.0711896  0.0170146  0.0121222  0.0209983  0.0340588  0.104229  
268  23.4749  23.1167  22.9856  23  22.8887  22.8896  23.6649  23.1315  22.9856  23  22.8887  22.8897  0 23.6706  23.1178  23.0106  23.0194  22.8926  22.9627  0.0767508  0.017083  0.0121221  0.0209983  0.0340583  0.104232  
269  23.4749  23.1167  22.9856  23  22.8887  22.8896  23.6045  23.1279  22.9856  23  22.8887  22.8896  0 23.5378  23.1285  22.9796  22.9925  22.8687  22.9167  0.0729793  0.0170404  0.0121222  0.0209983  0.0340585  0.104228  
270  23.4749  23.1167  22.9856  23  22.8887  22.8896  23.5643  23.1317  22.9856  23  22.8887  22.8896  0 23.6937  23.1204  22.977  23.0397  22.8746  22.9641  0.0705867  0.0170849  0.0121222  0.0209983  0.0340587  0.104228  
271  23.4749  23.1167  22.9856  23  22.8887  22.8896  23.5695  23.1254  22.9856  23  22.8887  22.8896  0 23.4922  23.1262  23.0005  23.0287  22.869  22.7088  0.0708902  0.0170105  0.0121222  0.0209983  0.0340587  0.104229  
272  23.4749  23.1167  22.9856  23  22.8887  22.8896  23.6461  23.1313  22.9856  23  22.8887  22.8896  0 23.7467  23.1154  22.9709  23.0147  22.9401  22.9126  0.075553  0.0170802  0.0121222  0.0209983  0.0340587  0.104229  
273  23.4749  23.1167  22.9856  23  22.8887  22.8896  23.6008  23.1375  22.9856  23  22.8887  22.8896  0 23.6971  23.1165  22.9919  23.04  22.9058  22.7165  0.0727567  0.0171542  0.0121222  0.0209983  0.0340588  0.104229  
274  23.4749  23.1167  22.9856  23  22.8887  22.8896  23.5644  23.1275  22.9856  23  22.8887  22.8896  0 23.6028  23.1304  23.0057  23.0228  22.8595  22.7895  0.0705933  0.0170357  0.0121221  0.0209983  0.0340585  0.10423  
275  23.4749  23.1167  22.9856  23  22.8887  22.8896  23.6429  23.131  22.9856  23  22.8887  22.8896  0 23.5622  23.137  23.0082  23.0019  22.9036  22.9383  0.0753529  0.0170775  0.0121221  0.0209983  0.0340584  0.10423  
276  23.4749  23.1167  22.9856  23  22.8887  22.8896  23.6383  23.1305  22.9856  23  22.8887  22.8896  0 23.7257  23.1463  22.9786  22.9744  22.8597  22.8331  0.0750681  0.0170711  0.0121222  0.0209983  0.0340587  0.104228  
277  23.4749  23.1167  22.9856  23  22.8887  22.8896  23.631  23.1274  22.9856  23  22.8887  22.8896  0 23.8673  23.1204  22.974  22.9828  22.873  23.0067  0.0746092  0.0170343  0.0121222  0.0209983  0.0340587  0.104228  
278  23.4749  23.1167  22.9856  23  22.8887  22.8896  23.6709  23.1228  22.9856  23  22.8887  22.8896  0 23.5696  23.1199  22.9708  23.0129  22.894  22.9223  0.0771391  0.0169797  0.0121222  0.0209983  0.0340588  0.104228  
279  23.4749  23.1167  22.9856  23  22.8887  22.8896  23.6133  23.1344  22.9856  23  22.8887  22.8896  0 23.7147  23.1182  22.9828  23.0209  22.8983  23.022  0.0735173  0.017118  0.0121221  0.0209983  0.0340588  0.104229  
280  23.4749  23.1167  22.9856  23  22.8887  22.8896  23.6446  23.1261  22.9856  23  22.8887  22.8896  0 23.5538  23.1295  22.9749  22.9702  22.8875  22.8403  0.0754589  0.0170187  0.0121221  0.0209983  0.0340585  0.104231  
281  23.4749  23.1167  22.9856  23  22.8887  22.8896  23.6265  23.1402  22.9856  23  22.8887  22.8896  0 23.6665  23.1402  23.0088  22.9821  22.9037  22.8692  0.0743291  0.0171876  0.0121222  0.0209983  0.0340586  0.104228  
282  23.4749  23.1167  22.9856  23  22.8887  22.8896  23.6616  23.1343  22.9856  23  22.8887  22.8896  0 23.6933  23.1447  22.9979  23.0246  22.942  23.0486  0.0765424  0.0171163  0.0121222  0.0209983  0.0340589  0.104229  
283  23.4749  23.1167  22.9856  23  22.8887  22.8896  23.688  23.1298  22.9856  23  22.8887  22.8896  0 23.7625  23.1241  22.9788  22.9821  22.8626  22.8187  0.0782494  0.0170625  0.0121221  0.0209983  0.0340583  0.104229  
284  23.4749  23.1167  22.9856  23  22.8887  22.8896  23.6498  23.1387  22.9856  23  22.8887  22.8896  0 23.6204  23.1516  22.9836  23.0154  22.8825  22.8162  0.0757907  0.0171687  0.0121221  0.0209983  0.0340586  0.104228  
285  23.4749  23.1167  22.9856  23  22.8887  22.8896  23.6955  23.1328  22.9856  23  22.8887  22.8896  0 23.5685  23.1185  22.985  23.0346  22.8841  22.9229  0.0787424  0.017099  0.0121222  0.0209983  0.034059  0.104229  
286  23.4749  23.1167  22.9856  23  22.8887  22.8896  23.5968  23.1239  22.9856  23  22.8887  22.8896  0 23.654  23.1304  22.9965  22.9801  22.8629  22.7927  0.0725174  0.0169926  0.0121221  0.0209983  0.0340587  0.10423  
287  23.4749  23.1167  22.9856  23  22.8887  22.8896  23.6717  23.1327  22.9856  23  22.8887  22.8896  0 23.6064  23.1331  23.0045  23.0334  22.9153  22.778  0.0771906  0.0170975  0.0121222  0.0209983  0.0340592  0.104229  
288  23.4749  23.1167  22.9856  23  22.8887  22.8896  23.6654  23.1256  22.9856  23  22.8887  22.8896  0 23.6637  23.1291  22.9931  23.022  22.8901  23.0746  0.0767819  0.017013  0.0121222  0.0209983  0.0340588  0.104229  
289  23.4749  23.1167  22.9856  23  22.8887  22.8896  23.6872  23.1383  22.9856  23  22.8887  22.8896  0 23.7187  23.177  22.9925  22.9669  22.8727  22.7464  0.0781929  0.0171638  0.0121221  0.0209983  0.0340583  0.104231  
290  23.4749  23.1167  22.9856  23  22.8887  22.8896  23.5628  23.1278  22.9856  23  22.8887  22.8896  0 23.5361  23.0973  22.9892  22.9982  22.8682  22.9357  0.0705009  0.0170392  0.0121222  0.0209983  0.0340587  0.104229  
291  23.4749  23.1167  22.9856  23  22.8887  22.8896  23.6761  23.1264  22.9856  23  22.8887  22.8896  0 23.7618  23.1318  23.0063  22.9842  22.9037  23.1362  0.0774757  0.0170228  0.0121222  0.0209983  0.0340596  0.104228  
292  23.4749  23.1167  22.9856  23  22.8887  22.8896  23.6728  23.1347  22.9856  23  22.8887  22.8896  0 23.6069  23.1036  22.9918  22.9791  22.8922  22.8656  0.077259  0.0171216  0.0121222  0.0209983  0.0340587  0.104229  
293  23.4749  23.1167  22.9856  23  22.8887  22.8896  23.5757  23.1257  22.9856  23  22.8887  22.8896  0 23.5069  23.1322  22.9848  22.9875  22.891  22.9177  0.0712585  0.0170133  0.0121222  0.0209983  0.0340587  0.104229  
294  23.4749  23.1167  22.9856  23  22.8887  22.8896  23.691  23.1356  22.9856  23  22.8887  22.8896  0 23.6774  23.1354  22.9763  22.9938  22.8846  23.0142  0.0784447  0.0171315  0.0121222  0.0209983  0.0340595  0.10423  
295  23.4749  23.1167  22.9856  23  22.8887  22.8896  23.6043  23.1194  22.9856  23  22.8887  22.8896  0 23.7712  23.1299  22.9818  22.9999  22.876  22.9777  0.072967  0.0169392  0.0121222  0.0209983  0.0340587  0.104229  
296  23.4749  23.1167  22.9856  23  22.8887  22.8896  23.6051  23.1337  22.9856  23  22.8887  22.8896  0 23.5518  23.141  22.991  23.0002  22.9376  22.8669  0.0730164  0.0171093  0.0121222  0.0209983  0.0340587  0.104229  
297  23.4749  23.1167  22.9856  23  22.8887  22.8896  23.6795  23.1337  22.9856  23  22.8887  22.8896  0 23.6681  23.1226  23  23.0026  22.8386  22.7554  0.0776936  0.0171086  0.0121222  0.0209983  0.0340593  0.104229  
298  23.4749  23.1167  22.9856  23  22.8887  22.8896  23.6845  23.1403  22.9856  23  22.8887  22.8896  0 23.7772  23.1239  22.983  23.0117  22.9062  22.9349  0.0780194  0.0171887  0.0121221  0.0209983  0.034058  0.104229  
299  23.4749  23.1167  22.9856  23  22.8887  22.8896  23.6556  23.1215  22.9856  23  22.8887  22.8896  0 23.6246  23.1106  22.9909  23.0058  22.8423  22.9903  0.0761564  0.0169639  0.0121222  0.0209983  0.0340588  0.104229  
300  23.4749  23.1167  22.9856  23  22.8887  22.8896  23.5734  23.1404  22.9856  23  22.8887  22.8896  0 23.4513  23.1227  23.0033  23.0033  22.8662  23.0865  0.071122  0.017189  0.0121222  0.0209983  0.034059  0.104229  
