1  24.6595  23.3123  23.0484  23  23.0224  22.9358  24.9731  23.4576  23.0484  23  23.0223  22.9358  0 24.7423  23.4389  23.0457  22.9817  23.0456  22.963  0.238928  0.0215913  0.0126943  0.0209983  0.0384982  0.108754  
2  24.6595  23.3123  23.0484  23  23.0224  22.9358  25.1702  23.4771  23.0484  23  23.0224  22.9358  0 25.2436  23.4734  23.0388  22.9992  23.0098  22.886  0.284965  0.0219044  0.0126944  0.0209983  0.0384988  0.108755  
3  24.6595  23.3123  23.0484  23  23.0224  22.9358  25.2114  23.4367  23.0484  23  23.0223  22.9358  0 25.0201  23.4069  23.0553  23.0205  23.0173  22.8337  0.295691  0.0212603  0.0126943  0.0209983  0.038498  0.108753  
4  24.6595  23.3123  23.0484  23  23.0224  22.9358  25.1054  23.5024  23.0484  23  23.0224  22.9358  0 25.1191  23.4889  23.0497  23.0015  23.0411  22.8994  0.268898  0.0223179  0.0126943  0.0209983  0.0384985  0.108754  
5  24.6595  23.3123  23.0484  23  23.0224  22.9358  25.0511  23.4813  23.0484  23  23.0223  22.9358  0 25.0896  23.4723  23.0566  23.0027  23.051  23.0274  0.256161  0.021972  0.0126942  0.0209983  0.038498  0.108754  
6  24.6595  23.3123  23.0484  23  23.0224  22.9358  25.0331  23.4449  23.0484  23  23.0224  22.9358  0 25.0714  23.4427  23.0452  23.0223  22.9889  23.1168  0.25206  0.0213899  0.0126944  0.0209983  0.0384987  0.108752  
7  24.6595  23.3123  23.0484  23  23.0224  22.9358  25.1785  23.4785  23.0484  23  23.0223  22.9358  0 24.6836  23.5105  23.0438  23.0105  23.0461  22.9354  0.287098  0.0219261  0.0126944  0.0209983  0.0384984  0.108754  
8  24.6595  23.3123  23.0484  23  23.0224  22.9358  24.9499  23.4439  23.0484  23  23.0223  22.9358  0 25.4376  23.4452  23.0418  22.9938  23.07  23.0023  0.234033  0.0213733  0.0126943  0.0209983  0.0384981  0.108752  
9  24.6595  23.3123  23.0484  23  23.0224  22.9358  25.1042  23.4058  23.0484  23  23.0223  22.9358  0 24.8294  23.4218  23.0547  23.0203  22.9945  23.0474  0.2686  0.0207854  0.0126943  0.0209983  0.0384983  0.108753  
10  24.6595  23.3123  23.0484  23  23.0224  22.9358  25.1061  23.4453  23.0484  23  23.0223  22.9358  0 24.8999  23.4525  23.0376  22.9843  23.0318  22.9655  0.269059  0.0213956  0.0126943  0.0209983  0.0384984  0.108752  
11  24.6595  23.3123  23.0484  23  23.0224  22.9358  25.1114  23.459  23.0484  23  23.0224  22.9358  0 25.5408  23.4688  23.0572  22.9729  23.0545  23.1205  0.270352  0.0216132  0.0126944  0.0209983  0.0384986  0.108757  
12  24.6595  23.3123  23.0484  23  23.0224  22.9358  24.9385  23.4596  23.0484  23  23.0223  22.9358  0 25.5519  23.4669  23.0451  23.0032  23.051  22.8103  0.231671  0.0216225  0.0126943  0.0209983  0.0384982  0.108757  
13  24.6595  23.3123  23.0484  23  23.0224  22.9358  25.0319  23.4593  23.0484  23  23.0223  22.9358  0 25.1154  23.4135  23.0604  22.9928  23.0582  23.0549  0.251799  0.0216177  0.0126943  0.0209983  0.0384983  0.108754  
14  24.6595  23.3123  23.0484  23  23.0224  22.9358  25.0863  23.4587  23.0484  23  23.0224  22.9358  0 25.4551  23.4391  23.0468  22.9896  23.007  22.9932  0.264336  0.0216087  0.0126944  0.0209983  0.0384986  0.108752  
15  24.6595  23.3123  23.0484  23  23.0224  22.9358  25.0374  23.4408  23.0484  23  23.0223  22.9358  0 25.577  23.4135  23.0593  23.0255  23.0254  23.1143  0.253039  0.0213257  0.0126943  0.0209983  0.0384981  0.108752  
16  24.6595  23.3123  23.0484  23  23.0224  22.9358  25.0781  23.4916  23.0484  23  23.0224  22.9358  0 25.8455  23.4863  23.0648  23.0113  22.9228  22.9286  0.262417  0.0221406  0.0126944  0.0209983  0.0384988  0.108754  
17  24.6595  23.3123  23.0484  23  23.0224  22.9358  25.0043  23.4704  23.0484  23  23.0224  22.9358  0 24.9019  23.4992  23.0321  22.9702  23.0565  22.9848  0.245668  0.021796  0.0126944  0.0209983  0.0384987  0.108753  
18  24.6595  23.3123  23.0484  23  23.0224  22.9358  25.1569  23.508  23.0484  23  23.0223  22.9358  0 25.6055  23.5042  23.0287  23.0013  22.9897  22.9748  0.2816  0.0224104  0.0126943  0.0209983  0.0384982  0.108755  
19  24.6595  23.3123  23.0484  23  23.0224  22.9358  24.9095  23.45  23.0484  23  23.0223  22.9358  0 25.3923  23.448  23.0625  23.0111  23.0081  22.8525  0.22575  0.0214704  0.0126944  0.0209983  0.0384984  0.108754  
20  24.6595  23.3123  23.0484  23  23.0224  22.9358  24.9455  23.5192  23.0484  23  23.0223  22.9358  0 25.0499  23.5281  23.0386  22.9971  22.9166  22.785  0.233107  0.0225978  0.0126943  0.0209983  0.0384984  0.108755  
21  24.6595  23.3123  23.0484  23  23.0224  22.9358  24.9428  23.4672  23.0484  23  23.0224  22.9358  0 24.8159  23.4908  23.0681  23.0133  23.0179  23.0844  0.232548  0.0217444  0.0126944  0.0209983  0.0384985  0.108755  
22  24.6595  23.3123  23.0484  23  23.0224  22.9358  25.0446  23.4981  23.0484  23  23.0224  22.9358  0 25.0845  23.5092  23.0554  23.009  23.0817  22.8743  0.254669  0.0222467  0.0126944  0.0209983  0.0384986  0.108755  
23  24.6595  23.3123  23.0484  23  23.0224  22.9358  24.8807  23.4479  23.0484  23  23.0224  22.9358  0 24.7736  23.439  23.0585  22.9838  23.0164  23.1551  0.220044  0.0214368  0.0126944  0.0209983  0.0384988  0.108752  
24  24.6595  23.3123  23.0484  23  23.0224  22.9358  24.8419  23.474  23.0484  23  23.0224  22.9358  0 24.8284  23.4584  23.0454  22.9812  23.039  22.8642  0.212588  0.0218541  0.0126944  0.0209983  0.0384986  0.108753  
25  24.6595  23.3123  23.0484  23  23.0224  22.9358  25.1533  23.4651  23.0484  23  23.0224  22.9358  0 25.2133  23.4497  23.0775  22.9948  22.9544  22.9038  0.280683  0.021711  0.0126944  0.0209983  0.0384986  0.108752  
26  24.6595  23.3123  23.0484  23  23.0224  22.9358  25.0571  23.4616  23.0484  23  23.0224  22.9358  0 25.0065  23.4584  23.0491  23.0302  23.0049  22.9233  0.257538  0.0216551  0.0126944  0.0209983  0.0384985  0.108752  
27  24.6595  23.3123  23.0484  23  23.0224  22.9358  24.8282  23.4386  23.0484  23  23.0224  22.9358  0 24.9097  23.4862  23.0483  23.0267  23.0401  22.7574  0.210024  0.0212906  0.0126944  0.0209983  0.0384986  0.108754  
28  24.6595  23.3123  23.0484  23  23.0224  22.9358  25.0752  23.4751  23.0484  23  23.0223  22.9358  0 25.0242  23.4884  23.0482  22.9583  23.0021  22.8838  0.261727  0.0218712  0.0126944  0.0209983  0.0384984  0.108755  
29  24.6595  23.3123  23.0484  23  23.0224  22.9358  24.9465  23.4952  23.0484  23  23.0223  22.9358  0 24.9152  23.4983  23.0494  23.0108  22.9445  22.994  0.233313  0.0221999  0.0126943  0.0209983  0.0384983  0.108752  
30  24.6595  23.3123  23.0484  23  23.0224  22.9358  24.9365  23.4482  23.0484  23  23.0224  22.9358  0 25.1668  23.4439  23.0433  22.9738  23.0204  23.0419  0.231252  0.0214412  0.0126944  0.0209983  0.0384986  0.108753  
31  24.6595  23.3123  23.0484  23  23.0224  22.9358  25.1086  23.4574  23.0484  23  23.0223  22.9358  0 24.9105  23.4465  23.067  22.9874  23.1016  22.6994  0.269665  0.0215875  0.0126943  0.0209983  0.0384982  0.108756  
32  24.6595  23.3123  23.0484  23  23.0224  22.9358  24.9872  23.4914  23.0484  23  23.0224  22.9358  0 25.0276  23.4531  23.057  22.9826  22.9678  22.9244  0.241953  0.0221361  0.0126943  0.0209983  0.0384984  0.108753  
33  24.6595  23.3123  23.0484  23  23.0224  22.9358  24.9984  23.4773  23.0484  23  23.0223  22.9358  0 24.9802  23.4973  23.0485  23.0667  23.0854  23.0764  0.244378  0.0219064  0.0126943  0.0209983  0.0384984  0.108752  
34  24.6595  23.3123  23.0484  23  23.0224  22.9358  24.9449  23.4758  23.0484  23  23.0224  22.9358  0 24.6827  23.4698  23.0378  22.9884  23.0307  23.1119  0.232992  0.021882  0.0126944  0.0209983  0.0384986  0.108753  
35  24.6595  23.3123  23.0484  23  23.0224  22.9358  24.9485  23.4777  23.0484  23  23.0223  22.9358  0 25.1577  23.4636  23.0368  22.9848  23.0028  22.7334  0.233742  0.0219137  0.0126943  0.0209983  0.038498  0.108758  
36  24.6595  23.3123  23.0484  23  23.0224  22.9358  25.0405  23.5484  23.0484  23  23.0224  22.9358  0 25.147  23.5242  23.0316  22.9771  23.0652  23.1137  0.253734  0.0230957  0.0126943  0.0209983  0.0384985  0.108757  
37  24.6595  23.3123  23.0484  23  23.0224  22.9358  24.9348  23.4558  23.0484  23  23.0223  22.9358  0 25.2181  23.4578  23.0524  22.9651  23.0201  22.8509  0.2309  0.021562  0.0126943  0.0209983  0.0384983  0.108753  
38  24.6595  23.3123  23.0484  23  23.0224  22.9358  25.0322  23.4358  23.0484  23  23.0224  22.9358  0 25.3468  23.4391  23.0531  23.0127  23.0386  22.8473  0.251874  0.0212472  0.0126944  0.0209983  0.0384984  0.108753  
39  24.6595  23.3123  23.0484  23  23.0224  22.9358  24.9286  23.4537  23.0484  23  23.0224  22.9358  0 24.6235  23.4571  23.0407  23.0527  22.9426  23.111  0.229624  0.021529  0.0126944  0.0209983  0.0384986  0.108753  
40  24.6595  23.3123  23.0484  23  23.0224  22.9358  25.0304  23.4568  23.0484  23  23.0223  22.9358  0 25.4254  23.4653  23.0396  23.0141  23.0644  22.9443  0.25145  0.0215775  0.0126943  0.0209983  0.0384981  0.108755  
41  24.6595  23.3123  23.0484  23  23.0224  22.9358  25.1239  23.4512  23.0484  23  23.0224  22.9358  0 24.8554  23.4455  23.0242  23.0304  22.9357  23.0101  0.2734  0.0214886  0.0126943  0.0209983  0.0384985  0.108753  
42  24.6595  23.3123  23.0484  23  23.0224  22.9358  24.9237  23.4095  23.0484  23  23.0223  22.9358  0 24.991  23.4002  23.0458  22.989  23.0701  22.926  0.228625  0.0208406  0.0126943  0.0209983  0.0384982  0.108752  
43  24.6595  23.3123  23.0484  23  23.0224  22.9358  25.0749  23.493  23.0484  23  23.0223  22.9358  0 24.6731  23.4699  23.0701  23.0171  23.0479  22.8577  0.261669  0.0221635  0.0126942  0.0209983  0.038498  0.108756  
44  24.6595  23.3123  23.0484  23  23.0224  22.9358  25.0361  23.4654  23.0484  23  23.0224  22.9358  0 25.1475  23.4707  23.0418  23.022  23.0413  22.8612  0.252753  0.021715  0.0126944  0.0209983  0.0384985  0.108757  
45  24.6595  23.3123  23.0484  23  23.0224  22.9358  24.956  23.4434  23.0484  23  23.0223  22.9358  0 25.4744  23.4432  23.0551  23.0248  23.0188  22.8704  0.235308  0.0213667  0.0126943  0.0209983  0.0384982  0.108755  
46  24.6595  23.3123  23.0484  23  23.0224  22.9358  24.8343  23.4626  23.0484  23  23.0224  22.9358  0 24.7238  23.4321  23.0256  22.9592  22.9872  22.8144  0.211163  0.0216705  0.0126944  0.0209983  0.0384986  0.108752  
47  24.6595  23.3123  23.0484  23  23.0224  22.9358  24.9718  23.467  23.0484  23  23.0224  22.9358  0 25.7232  23.4769  23.0413  23.0065  22.9583  22.9237  0.238634  0.0217405  0.0126944  0.0209983  0.0384987  0.108753  
48  24.6595  23.3123  23.0484  23  23.0224  22.9358  24.9892  23.4355  23.0484  23  23.0223  22.9358  0 25.028  23.4308  23.0607  22.9974  22.9951  23.1664  0.242373  0.0212418  0.0126944  0.0209983  0.0384984  0.108753  
49  24.6595  23.3123  23.0484  23  23.0224  22.9358  25.062  23.4391  23.0484  23  23.0224  22.9358  0 25.0996  23.4223  23.0631  22.9938  23.0572  22.8801  0.258666  0.0212978  0.0126944  0.0209983  0.0384985  0.108752  
50  24.6595  23.3123  23.0484  23  23.0224  22.9358  24.9263  23.4498  23.0484  23  23.0224  22.9358  0 24.8619  23.4362  23.0236  22.9519  23.0186  22.9407  0.229153  0.0214675  0.0126944  0.0209983  0.0384985  0.108754  
51  24.6595  23.3123  23.0484  23  23.0224  22.9358  25.0138  23.5185  23.0484  23  23.0224  22.9358  0 24.9709  23.523  23.0384  22.986  23.0367  23.0041  0.247754  0.0225858  0.0126944  0.0209983  0.0384986  0.108755  
52  24.6595  23.3123  23.0484  23  23.0224  22.9358  25.1119  23.4769  23.0484  23  23.0224  22.9358  0 25.1753  23.4651  23.0516  22.9919  22.9651  22.8614  0.270476  0.0219  0.0126944  0.0209983  0.0384985  0.108753  
53  24.6595  23.3123  23.0484  23  23.0224  22.9358  24.9047  23.4704  23.0484  23  23.0224  22.9358  0 24.5377  23.4742  23.0692  22.9849  23.0498  22.8368  0.224804  0.021796  0.0126944  0.0209983  0.0384986  0.108752  
54  24.6595  23.3123  23.0484  23  23.0224  22.9358  25.3016  23.4485  23.0484  23  23.0224  22.9358  0 24.8639  23.414  23.0495  23.017  23.1245  23.0149  0.320646  0.0214461  0.0126944  0.0209983  0.0384985  0.108752  
55  24.6595  23.3123  23.0484  23  23.0224  22.9358  25.1243  23.4773  23.0484  23  23.0224  22.9358  0 25.3289  23.4559  23.05  22.9874  23.0142  22.8602  0.273498  0.0219071  0.0126944  0.0209983  0.0384986  0.108752  
56  24.6595  23.3123  23.0484  23  23.0224  22.9358  25.074  23.4413  23.0484  23  23.0224  22.9358  0 24.9902  23.4745  23.0479  22.9953  23.0447  22.7882  0.26144  0.0213333  0.0126944  0.0209983  0.0384985  0.108751  
57  24.6595  23.3123  23.0484  23  23.0224  22.9358  24.95  23.4448  23.0484  23  23.0224  22.9358  0 24.8969  23.4494  23.0673  23.0119  23.0331  22.8766  0.234048  0.0213882  0.0126944  0.0209983  0.0384985  0.108754  
58  24.6595  23.3123  23.0484  23  23.0224  22.9358  24.9955  23.4208  23.0484  23  23.0223  22.9358  0 24.7035  23.4729  23.0503  23.0014  23.0093  22.9392  0.243751  0.0210137  0.0126943  0.0209983  0.0384983  0.108755  
59  24.6595  23.3123  23.0484  23  23.0224  22.9358  25.1229  23.481  23.0484  23  23.0224  22.9358  0 24.7467  23.4614  23.0636  22.9756  23.0465  22.9616  0.273148  0.0219674  0.0126944  0.0209983  0.0384985  0.108754  
60  24.6595  23.3123  23.0484  23  23.0224  22.9358  25.0425  23.4969  23.0484  23  23.0224  22.9358  0 24.4651  23.5223  23.0537  23.0115  22.9947  22.9531  0.254187  0.0222276  0.0126943  0.0209983  0.0384985  0.108753  
61  24.6595  23.3123  23.0484  23  23.0224  22.9358  24.8776  23.4726  23.0484  23  23.0224  22.9358  0 24.804  23.4402  23.0405  23.0319  22.9892  22.8827  0.219443  0.0218307  0.0126944  0.0209983  0.0384988  0.108756  
62  24.6595  23.3123  23.0484  23  23.0224  22.9358  24.955  23.438  23.0484  23  23.0223  22.9358  0 24.9882  23.4355  23.0643  22.9921  22.9485  23.0854  0.235101  0.0212817  0.0126943  0.0209983  0.0384984  0.108752  
63  24.6595  23.3123  23.0484  23  23.0224  22.9358  25.0719  23.4755  23.0484  23  23.0223  22.9358  0 24.7979  23.4363  23.0408  22.985  22.9826  22.8328  0.26095  0.0218779  0.0126942  0.0209983  0.0384979  0.108755  
64  24.6595  23.3123  23.0484  23  23.0224  22.9358  24.8823  23.4373  23.0484  23  23.0224  22.9358  0 25.0957  23.4318  23.0671  23.0155  23.1282  22.9132  0.220357  0.0212705  0.0126944  0.0209983  0.0384986  0.108752  
65  24.6595  23.3123  23.0484  23  23.0224  22.9358  25.0181  23.4607  23.0484  23  23.0223  22.9358  0 25.1681  23.4762  23.051  22.9878  22.9962  22.9188  0.248714  0.0216398  0.0126943  0.0209983  0.0384983  0.108752  
66  24.6595  23.3123  23.0484  23  23.0224  22.9358  24.9145  23.4724  23.0484  23  23.0224  22.9358  0 24.9095  23.5121  23.0603  23.0354  23.0181  22.8346  0.226758  0.021827  0.0126944  0.0209983  0.0384986  0.108755  
67  24.6595  23.3123  23.0484  23  23.0224  22.9358  25.0197  23.4639  23.0484  23  23.0223  22.9358  0 24.9903  23.4507  23.0369  23.0401  23.042  22.9971  0.249059  0.0216913  0.0126943  0.0209983  0.0384982  0.108754  
68  24.6595  23.3123  23.0484  23  23.0224  22.9358  25.1814  23.4598  23.0484  23  23.0223  22.9358  0 25.445  23.4407  23.0499  23.0029  23.0494  22.9585  0.287856  0.0216253  0.0126943  0.0209983  0.0384982  0.108753  
69  24.6595  23.3123  23.0484  23  23.0224  22.9358  25.0921  23.4259  23.0484  23  23.0223  22.9358  0 25.7486  23.4266  23.0506  23.0185  23.0459  22.9008  0.265713  0.0210934  0.0126943  0.0209983  0.0384981  0.108754  
70  24.6595  23.3123  23.0484  23  23.0224  22.9358  24.9665  23.4702  23.0484  23  23.0224  22.9358  0 24.8544  23.5142  23.0238  23.0114  22.9727  23.1155  0.237525  0.0217915  0.0126944  0.0209983  0.0384986  0.108752  
71  24.6595  23.3123  23.0484  23  23.0224  22.9358  24.9484  23.4611  23.0484  23  23.0224  22.9358  0 24.7626  23.4486  23.036  23.0206  22.9725  22.9727  0.23371  0.0216461  0.0126944  0.0209983  0.0384986  0.108753  
72  24.6595  23.3123  23.0484  23  23.0224  22.9358  24.9843  23.5256  23.0484  23  23.0224  22.9358  0 25.2539  23.5286  23.0472  22.9797  23.065  23.1182  0.24131  0.0227071  0.0126944  0.0209983  0.0384986  0.108754  
73  24.6595  23.3123  23.0484  23  23.0224  22.9358  24.9884  23.429  23.0484  23  23.0224  22.9358  0 24.9367  23.4208  23.0296  23.0085  23.0123  23.0095  0.242208  0.0211414  0.0126944  0.0209983  0.0384986  0.108754  
74  24.6595  23.3123  23.0484  23  23.0224  22.9358  24.9648  23.4287  23.0484  23  23.0223  22.9358  0 24.8134  23.3748  23.0434  23.0229  22.9885  22.9147  0.237159  0.0211363  0.0126944  0.0209983  0.0384984  0.108752  
75  24.6595  23.3123  23.0484  23  23.0224  22.9358  24.8319  23.4775  23.0484  23  23.0223  22.9358  0 24.6941  23.4524  23.0699  22.9977  23.0389  23.023  0.210699  0.0219095  0.0126943  0.0209983  0.0384983  0.108755  
76  24.6595  23.3123  23.0484  23  23.0224  22.9358  25.025  23.485  23.0484  23  23.0223  22.9358  0 25.0695  23.4408  23.0625  23.0016  23.0667  22.8266  0.25024  0.0220327  0.0126944  0.0209983  0.0384982  0.108753  
77  24.6595  23.3123  23.0484  23  23.0224  22.9358  24.9229  23.4536  23.0484  23  23.0224  22.9358  0 25.0463  23.4654  23.0504  22.9899  23.0134  22.8308  0.228464  0.0215277  0.0126944  0.0209983  0.0384986  0.108752  
78  24.6595  23.3123  23.0484  23  23.0224  22.9358  25.1044  23.5078  23.0484  23  23.0223  22.9358  0 25.177  23.4942  23.0305  23.0017  23.0289  22.791  0.26866  0.0224072  0.0126943  0.0209983  0.0384981  0.108753  
79  24.6595  23.3123  23.0484  23  23.0224  22.9358  25.097  23.4643  23.0484  23  23.0224  22.9358  0 25.0311  23.4368  23.0399  22.9688  23.0713  22.7832  0.266883  0.0216972  0.0126944  0.0209983  0.0384985  0.108753  
80  24.6595  23.3123  23.0484  23  23.0224  22.9358  25.0765  23.4509  23.0484  23  23.0223  22.9358  0 25.1267  23.4385  23.0285  23.0022  22.9919  22.8674  0.262041  0.0214837  0.0126943  0.0209983  0.0384981  0.108754  
81  24.6595  23.3123  23.0484  23  23.0224  22.9358  25.0549  23.4561  23.0484  23  23.0224  22.9358  0 25.3933  23.4576  23.0431  22.9788  23.0319  22.9381  0.25703  0.0215659  0.0126944  0.0209983  0.0384986  0.108753  
82  24.6595  23.3123  23.0484  23  23.0224  22.9358  24.9362  23.4832  23.0484  23  23.0224  22.9358  0 24.7644  23.473  23.0362  22.9574  23.0219  23.0846  0.2312  0.0220034  0.0126944  0.0209983  0.0384986  0.108756  
83  24.6595  23.3123  23.0484  23  23.0224  22.9358  24.9656  23.4645  23.0484  23  23.0223  22.9358  0 25.2819  23.4754  23.0392  22.9962  23.068  22.8523  0.237319  0.0217014  0.0126943  0.0209983  0.0384982  0.108756  
84  24.6595  23.3123  23.0484  23  23.0224  22.9358  25.2096  23.5128  23.0484  23  23.0224  22.9358  0 25.1999  23.5497  23.055  22.9716  22.9925  22.9475  0.295209  0.0224913  0.0126944  0.0209983  0.0384986  0.108756  
85  24.6595  23.3123  23.0484  23  23.0224  22.9358  25.0734  23.4148  23.0484  23  23.0223  22.9358  0 24.7144  23.4305  23.0408  22.9921  22.9917  22.9887  0.261307  0.0209227  0.0126944  0.0209983  0.0384984  0.108753  
86  24.6595  23.3123  23.0484  23  23.0224  22.9358  25.1349  23.4508  23.0484  23  23.0223  22.9358  0 25.0762  23.4598  23.0542  23.0092  23.0774  22.9824  0.276096  0.0214823  0.0126943  0.0209983  0.0384981  0.108754  
87  24.6595  23.3123  23.0484  23  23.0224  22.9358  25.1143  23.4303  23.0484  23  23.0223  22.9358  0 24.9003  23.4506  23.0549  22.9793  22.9617  23.0679  0.271057  0.0211618  0.0126942  0.0209983  0.0384981  0.108752  
88  24.6595  23.3123  23.0484  23  23.0224  22.9358  25.1017  23.4801  23.0484  23  23.0224  22.9358  0 25.3926  23.452  23.0309  23.0247  23.075  23.031  0.268017  0.0219519  0.0126944  0.0209983  0.0384986  0.108753  
89  24.6595  23.3123  23.0484  23  23.0224  22.9358  25.2007  23.4647  23.0484  23  23.0223  22.9358  0 25.5335  23.4783  23.0268  23.0449  23.0378  22.8403  0.292883  0.0217038  0.0126943  0.0209983  0.0384981  0.108755  
90  24.6595  23.3123  23.0484  23  23.0224  22.9358  25.0539  23.4355  23.0484  23  23.0223  22.9358  0 24.9602  23.4649  23.0699  23.0243  23.0085  22.8861  0.256785  0.0212424  0.0126943  0.0209983  0.0384984  0.108753  
91  24.6595  23.3123  23.0484  23  23.0224  22.9358  24.8343  23.4106  23.0484  23  23.0224  22.9358  0 24.9441  23.4385  23.0617  23.0048  23.0483  22.9057  0.21115  0.0208581  0.0126944  0.0209983  0.0384986  0.108755  
92  24.6595  23.3123  23.0484  23  23.0224  22.9358  25.1269  23.4629  23.0484  23  23.0223  22.9358  0 24.7634  23.4274  23.0544  23.0305  23.0221  22.932  0.274135  0.0216753  0.0126943  0.0209983  0.038498  0.108756  
93  24.6595  23.3123  23.0484  23  23.0224  22.9358  24.9859  23.4413  23.0484  23  23.0224  22.9358  0 25.1769  23.4217  23.0561  22.9616  23.0105  22.8413  0.241659  0.0213331  0.0126944  0.0209983  0.0384987  0.108753  
94  24.6595  23.3123  23.0484  23  23.0224  22.9358  24.9005  23.4856  23.0484  23  23.0224  22.9358  0 24.7241  23.5195  23.0451  22.943  23.0215  22.7999  0.223956  0.0220425  0.0126944  0.0209983  0.0384987  0.108756  
95  24.6595  23.3123  23.0484  23  23.0224  22.9358  25.089  23.4728  23.0484  23  23.0223  22.9358  0 25.2086  23.4707  23.0684  22.9988  23.1074  22.7721  0.264985  0.0218339  0.0126943  0.0209983  0.0384981  0.108758  
96  24.6595  23.3123  23.0484  23  23.0224  22.9358  24.953  23.4881  23.0484  23  23.0224  22.9358  0 24.7733  23.5246  23.0301  23.0296  23.0139  22.8742  0.234673  0.0220828  0.0126944  0.0209983  0.0384987  0.108754  
97  24.6595  23.3123  23.0484  23  23.0224  22.9358  25.0802  23.4685  23.0484  23  23.0224  22.9358  0 24.784  23.4341  23.0504  22.9773  23.0645  22.9886  0.262893  0.0217641  0.0126944  0.0209983  0.0384985  0.108754  
98  24.6595  23.3123  23.0484  23  23.0224  22.9358  25.0676  23.476  23.0484  23  23.0223  22.9358  0 25.0605  23.4621  23.0283  22.9791  23.0272  22.8674  0.259951  0.0218862  0.0126944  0.0209983  0.0384984  0.108753  
99  24.6595  23.3123  23.0484  23  23.0224  22.9358  25.1082  23.4749  23.0484  23  23.0224  22.9358  0 25.2409  23.4813  23.034  22.9924  22.9982  23.0281  0.269569  0.0218683  0.0126944  0.0209983  0.0384987  0.108753  
100  24.6595  23.3123  23.0484  23  23.0224  22.9358  24.8686  23.4411  23.0484  23  23.0224  22.9358  0 24.6309  23.4512  23.0466  22.9799  23.0021  23.1053  0.217696  0.0213293  0.0126944  0.0209983  0.0384986  0.108753  
