1  23.2717  23.1134  23.0805  23  22.8575  22.6338  23.2732  23.1134  23.0805  23  22.8575  22.6338  0 23.2149  23.0987  23.0777  22.9817  22.8775  22.6544  0.0556266  0.0168685  0.0129989  0.0209983  0.0331003  0.0823649  
2  23.2717  23.1134  23.0805  23  22.8575  22.6338  23.2924  23.1134  23.0805  23  22.8575  22.6338  0 23.3066  23.1105  23.0706  22.9992  22.8467  22.5959  0.0564972  0.0168685  0.0129989  0.0209983  0.0331003  0.0823649  
3  23.2717  23.1134  23.0805  23  22.8575  22.6338  23.2896  23.1134  23.0805  23  22.8575  22.6338  0 23.2505  23.0897  23.0875  23.0205  22.8532  22.5556  0.0563692  0.0168685  0.0129989  0.0209983  0.0331003  0.0823649  
4  23.2717  23.1134  23.0805  23  22.8575  22.6338  23.2721  23.1134  23.0805  23  22.8575  22.6338  0 23.275  23.1032  23.0818  23.0015  22.8736  22.6062  0.0555792  0.0168685  0.0129989  0.0209983  0.0331003  0.0823649  
5  23.2717  23.1134  23.0805  23  22.8575  22.6338  23.2758  23.1134  23.0805  23  22.8575  22.6338  0 23.284  23.1064  23.0888  23.0027  22.8821  22.7025  0.055743  0.0168685  0.0129989  0.0209983  0.0331003  0.0823649  
6  23.2717  23.1134  23.0805  23  22.8575  22.6338  23.2735  23.1134  23.0805  23  22.8575  22.6338  0 23.2818  23.1116  23.0771  23.0223  22.8287  22.768  0.0556391  0.0168685  0.0129989  0.0209983  0.0331003  0.0823649  
7  23.2717  23.1134  23.0805  23  22.8575  22.6338  23.2732  23.1134  23.0805  23  22.8575  22.6338  0 23.158  23.1379  23.0757  23.0105  22.8779  22.6335  0.0556267  0.0168685  0.0129989  0.0209983  0.0331003  0.0823649  
8  23.2717  23.1134  23.0805  23  22.8575  22.6338  23.3109  23.1134  23.0805  23  22.8575  22.6338  0 23.4117  23.1145  23.0737  22.9938  22.8984  22.6838  0.0573467  0.0168685  0.0129989  0.0209983  0.0331003  0.0823648  
9  23.2717  23.1134  23.0805  23  22.8575  22.6338  23.2752  23.1134  23.0805  23  22.8575  22.6338  0 23.2122  23.1263  23.0869  23.0203  22.8336  22.7172  0.0557156  0.0168685  0.0129989  0.0209983  0.0331002  0.0823648  
10  23.2717  23.1134  23.0805  23  22.8575  22.6338  23.2734  23.1134  23.0805  23  22.8575  22.6338  0 23.2274  23.1191  23.0694  22.9843  22.8656  22.6563  0.0556334  0.0168685  0.0129989  0.0209983  0.0331002  0.0823649  
11  23.2717  23.1134  23.0805  23  22.8575  22.6338  23.2725  23.1134  23.0805  23  22.8575  22.6338  0 23.3479  23.121  23.0894  22.9729  22.8851  22.7707  0.0555931  0.0168685  0.0129989  0.0209983  0.0331003  0.0823649  
12  23.2717  23.1134  23.0805  23  22.8575  22.6338  23.2758  23.1134  23.0805  23  22.8575  22.6338  0 23.3949  23.1191  23.077  23.0032  22.8821  22.5375  0.0557457  0.0168685  0.0129989  0.0209983  0.0331003  0.0823648  
13  23.2717  23.1134  23.0805  23  22.8575  22.6338  23.2731  23.1134  23.0805  23  22.8575  22.6338  0 23.291  23.0775  23.0928  22.9928  22.8883  22.7228  0.0556214  0.0168685  0.0129989  0.0209983  0.0331002  0.0823649  
14  23.2717  23.1134  23.0805  23  22.8575  22.6338  23.2735  23.1134  23.0805  23  22.8575  22.6338  0 23.3413  23.098  23.0788  22.9896  22.8443  22.677  0.0556381  0.0168685  0.0129989  0.0209983  0.0331003  0.0823649  
15  23.2717  23.1134  23.0805  23  22.8575  22.6338  23.2734  23.1134  23.0805  23  22.8575  22.6338  0 23.3712  23.0917  23.0916  23.0255  22.8601  22.7663  0.0556355  0.0168685  0.0129989  0.0209983  0.0331003  0.0823649  
16  23.2717  23.1134  23.0805  23  22.8575  22.6338  23.2732  23.1134  23.0805  23  22.8575  22.6338  0 23.3966  23.1093  23.0972  23.0113  22.7714  22.6284  0.0556287  0.0168685  0.0129989  0.0209983  0.0331002  0.0823648  
17  23.2717  23.1134  23.0805  23  22.8575  22.6338  23.2723  23.1134  23.0805  23  22.8575  22.6338  0 23.2483  23.1356  23.0637  22.9702  22.8868  22.6707  0.0555865  0.0168685  0.0129989  0.0209983  0.0331002  0.0823648  
18  23.2717  23.1134  23.0805  23  22.8575  22.6338  23.2733  23.1134  23.0805  23  22.8575  22.6338  0 23.3484  23.1106  23.0603  23.0013  22.8294  22.6632  0.0556293  0.0168685  0.0129989  0.0209983  0.0331003  0.0823649  
19  23.2717  23.1134  23.0805  23  22.8575  22.6338  23.2781  23.1134  23.0805  23  22.8575  22.6338  0 23.379  23.1118  23.0949  23.0111  22.8453  22.5702  0.0558455  0.0168685  0.0129989  0.0209983  0.0331003  0.0823649  
20  23.2717  23.1134  23.0805  23  22.8575  22.6338  23.2738  23.1134  23.0805  23  22.8575  22.6338  0 23.2978  23.12  23.0704  22.9971  22.766  22.5177  0.0556532  0.0168685  0.0129989  0.0209983  0.0331002  0.0823648  
21  23.2717  23.1134  23.0805  23  22.8575  22.6338  23.2804  23.1134  23.0805  23  22.8575  22.6338  0 23.2485  23.1316  23.1006  23.0133  22.8537  22.7445  0.0559495  0.0168685  0.0129989  0.0209983  0.0331002  0.0823648  
22  23.2717  23.1134  23.0805  23  22.8575  22.6338  23.2779  23.1134  23.0805  23  22.8575  22.6338  0 23.2865  23.1218  23.0876  23.009  22.9084  22.5869  0.0558374  0.0168685  0.0129989  0.0209983  0.0331003  0.0823648  
23  23.2717  23.1134  23.0805  23  22.8575  22.6338  23.278  23.1134  23.0805  23  22.8575  22.6338  0 23.2498  23.1064  23.0908  22.9838  22.8524  22.7957  0.0558423  0.0168685  0.0129989  0.0209983  0.0331002  0.0823648  
24  23.2717  23.1134  23.0805  23  22.8575  22.6338  23.2718  23.1134  23.0805  23  22.8575  22.6338  0 23.2683  23.1013  23.0773  22.9812  22.8718  22.5792  0.0555647  0.0168685  0.0129989  0.0209983  0.0331002  0.0823649  
25  23.2717  23.1134  23.0805  23  22.8575  22.6338  23.2722  23.1134  23.0805  23  22.8575  22.6338  0 23.2838  23.1014  23.1102  22.9948  22.7988  22.6095  0.0555801  0.0168685  0.0129989  0.0209983  0.0331002  0.0823649  
26  23.2717  23.1134  23.0805  23  22.8575  22.6338  23.2723  23.1134  23.0805  23  22.8575  22.6338  0 23.2611  23.1109  23.0811  23.0302  22.8425  22.6244  0.0555842  0.0168685  0.0129989  0.0209983  0.0331002  0.0823648  
27  23.2717  23.1134  23.0805  23  22.8575  22.6338  23.2749  23.1134  23.0805  23  22.8575  22.6338  0 23.2959  23.151  23.0803  23.0267  22.8727  22.4961  0.0557022  0.0168685  0.0129989  0.0209983  0.0331003  0.0823648  
28  23.2717  23.1134  23.0805  23  22.8575  22.6338  23.2842  23.1134  23.0805  23  22.8575  22.6338  0 23.273  23.1236  23.0802  22.9583  22.8401  22.5942  0.0561226  0.0168685  0.0129989  0.0209983  0.0331003  0.0823648  
29  23.2717  23.1134  23.0805  23  22.8575  22.6338  23.2749  23.1134  23.0805  23  22.8575  22.6338  0 23.2673  23.1157  23.0815  23.0108  22.7903  22.6776  0.055702  0.0168685  0.0129989  0.0209983  0.0331003  0.0823649  
30  23.2717  23.1134  23.0805  23  22.8575  22.6338  23.283  23.1134  23.0805  23  22.8575  22.6338  0 23.3345  23.1101  23.0752  22.9738  22.8559  22.7132  0.0560667  0.0168685  0.0129989  0.0209983  0.0331003  0.0823649  
31  23.2717  23.1134  23.0805  23  22.8575  22.6338  23.278  23.1134  23.0805  23  22.8575  22.6338  0 23.2339  23.1049  23.0994  22.9874  22.9253  22.4502  0.0558436  0.0168685  0.0129989  0.0209983  0.0331002  0.0823648  
32  23.2717  23.1134  23.0805  23  22.8575  22.6338  23.2828  23.1134  23.0805  23  22.8575  22.6338  0 23.292  23.0841  23.0892  22.9826  22.8104  22.6252  0.0560575  0.0168685  0.0129989  0.0209983  0.0331003  0.0823649  
33  23.2717  23.1134  23.0805  23  22.8575  22.6338  23.2777  23.1134  23.0805  23  22.8575  22.6338  0 23.2735  23.1288  23.0806  23.0667  22.9115  22.7386  0.0558291  0.0168685  0.0129989  0.0209983  0.0331003  0.0823649  
34  23.2717  23.1134  23.0805  23  22.8575  22.6338  23.2785  23.1134  23.0805  23  22.8575  22.6338  0 23.2096  23.1088  23.0696  22.9884  22.8647  22.7645  0.0558638  0.0168685  0.0129989  0.0209983  0.0331002  0.0823648  
35  23.2717  23.1134  23.0805  23  22.8575  22.6338  23.2744  23.1134  23.0805  23  22.8575  22.6338  0 23.3207  23.1025  23.0686  22.9848  22.8407  22.4772  0.0556822  0.0168685  0.0129989  0.0209983  0.0331002  0.0823649  
36  23.2717  23.1134  23.0805  23  22.8575  22.6338  23.2799  23.1134  23.0805  23  22.8575  22.6338  0 23.3025  23.0957  23.0632  22.9771  22.8942  22.7658  0.0559289  0.0168685  0.0129989  0.0209983  0.0331003  0.0823648  
37  23.2717  23.1134  23.0805  23  22.8575  22.6338  23.2745  23.1134  23.0805  23  22.8575  22.6338  0 23.3364  23.115  23.0845  22.9651  22.8556  22.5689  0.0556857  0.0168685  0.0129989  0.0209983  0.0331003  0.0823648  
38  23.2717  23.1134  23.0805  23  22.8575  22.6338  23.2735  23.1134  23.0805  23  22.8575  22.6338  0 23.3356  23.116  23.0852  23.0127  22.8715  22.5662  0.0556403  0.0168685  0.0129989  0.0209983  0.0331002  0.0823648  
39  23.2717  23.1134  23.0805  23  22.8575  22.6338  23.274  23.1134  23.0805  23  22.8575  22.6338  0 23.1918  23.116  23.0726  23.0527  22.7886  22.7639  0.0556619  0.0168685  0.0129989  0.0209983  0.0331003  0.0823649  
40  23.2717  23.1134  23.0805  23  22.8575  22.6338  23.2821  23.1134  23.0805  23  22.8575  22.6338  0 23.3585  23.12  23.0714  23.0141  22.8935  22.6403  0.0560269  0.0168685  0.0129989  0.0209983  0.0331003  0.0823649  
41  23.2717  23.1134  23.0805  23  22.8575  22.6338  23.2858  23.1134  23.0805  23  22.8575  22.6338  0 23.2249  23.1089  23.0557  23.0304  22.7826  22.6897  0.0561938  0.0168685  0.0129989  0.0209983  0.0331003  0.0823649  
42  23.2717  23.1134  23.0805  23  22.8575  22.6338  23.3029  23.1134  23.0805  23  22.8575  22.6338  0 23.3193  23.1059  23.0777  22.989  22.8984  22.6264  0.0569802  0.0168685  0.0129989  0.0209983  0.0331003  0.0823649  
43  23.2717  23.1134  23.0805  23  22.8575  22.6338  23.2748  23.1134  23.0805  23  22.8575  22.6338  0 23.1759  23.0957  23.1027  23.0171  22.8794  22.5742  0.0556992  0.0168685  0.0129989  0.0209983  0.0331003  0.0823649  
44  23.2717  23.1134  23.0805  23  22.8575  22.6338  23.2758  23.1134  23.0805  23  22.8575  22.6338  0 23.2994  23.1175  23.0736  23.022  22.8738  22.5769  0.0557456  0.0168685  0.0129989  0.0209983  0.0331003  0.0823649  
45  23.2717  23.1134  23.0805  23  22.8575  22.6338  23.2721  23.1134  23.0805  23  22.8575  22.6338  0 23.3741  23.1132  23.0873  23.0248  22.8544  22.5839  0.0555759  0.0168685  0.0129989  0.0209983  0.0331003  0.0823649  
46  23.2717  23.1134  23.0805  23  22.8575  22.6338  23.2742  23.1134  23.0805  23  22.8575  22.6338  0 23.244  23.0896  23.0571  22.9592  22.8272  22.5407  0.0556733  0.0168685  0.0129989  0.0209983  0.0331003  0.0823649  
47  23.2717  23.1134  23.0805  23  22.8575  22.6338  23.2761  23.1134  23.0805  23  22.8575  22.6338  0 23.4109  23.1211  23.0731  23.0065  22.8022  22.6247  0.0557588  0.0168685  0.0129989  0.0209983  0.0331003  0.0823649  
48  23.2717  23.1134  23.0805  23  22.8575  22.6338  23.2734  23.1134  23.0805  23  22.8575  22.6338  0 23.2822  23.1097  23.093  22.9974  22.834  22.8038  0.0556348  0.0168685  0.0129989  0.0209983  0.0331003  0.0823649  
49  23.2717  23.1134  23.0805  23  22.8575  22.6338  23.2725  23.1134  23.0805  23  22.8575  22.6338  0 23.2805  23.1001  23.0955  22.9938  22.8874  22.5914  0.0555952  0.0168685  0.0129989  0.0209983  0.0331002  0.0823648  
50  23.2717  23.1134  23.0805  23  22.8575  22.6338  23.2723  23.1134  23.0805  23  22.8575  22.6338  0 23.2564  23.1027  23.055  22.9519  22.8543  22.6375  0.0555884  0.0168685  0.0129989  0.0209983  0.0331002  0.0823649  
51  23.2717  23.1134  23.0805  23  22.8575  22.6338  23.2788  23.1134  23.0805  23  22.8575  22.6338  0 23.269  23.1168  23.0702  22.986  22.8698  22.6852  0.0558801  0.0168685  0.0129989  0.0209983  0.0331003  0.0823649  
52  23.2717  23.1134  23.0805  23  22.8575  22.6338  23.3073  23.1134  23.0805  23  22.8575  22.6338  0 23.3204  23.1043  23.0837  22.9919  22.8081  22.5771  0.0571808  0.0168685  0.0129989  0.0209983  0.0331003  0.0823648  
53  23.2717  23.1134  23.0805  23  22.8575  22.6338  23.3099  23.1134  23.0805  23  22.8575  22.6338  0 23.204  23.1163  23.1017  22.9849  22.881  22.5581  0.057304  0.0168685  0.0129989  0.0209983  0.0331003  0.0823648  
54  23.2717  23.1134  23.0805  23  22.8575  22.6338  23.2735  23.1134  23.0805  23  22.8575  22.6338  0 23.1837  23.0862  23.0815  23.017  22.9447  22.6932  0.0556386  0.0168685  0.0129989  0.0209983  0.0331003  0.0823649  
55  23.2717  23.1134  23.0805  23  22.8575  22.6338  23.2745  23.1134  23.0805  23  22.8575  22.6338  0 23.3132  23.0969  23.0821  22.9874  22.8505  22.5761  0.0556869  0.0168685  0.0129989  0.0209983  0.0331003  0.0823649  
56  23.2717  23.1134  23.0805  23  22.8575  22.6338  23.2819  23.1134  23.0805  23  22.8575  22.6338  0 23.2634  23.1395  23.0799  22.9953  22.8767  22.5203  0.0560183  0.0168685  0.0129989  0.0209983  0.0331003  0.0823648  
57  23.2717  23.1134  23.0805  23  22.8575  22.6338  23.2753  23.1134  23.0805  23  22.8575  22.6338  0 23.2625  23.117  23.0998  23.0119  22.8668  22.5887  0.0557231  0.0168685  0.0129989  0.0209983  0.0331003  0.0823649  
58  23.2717  23.1134  23.0805  23  22.8575  22.6338  23.2772  23.1134  23.0805  23  22.8575  22.6338  0 23.203  23.1551  23.0824  23.0014  22.8463  22.6364  0.0558044  0.0168685  0.0129989  0.0209983  0.0331003  0.0823649  
59  23.2717  23.1134  23.0805  23  22.8575  22.6338  23.276  23.1134  23.0805  23  22.8575  22.6338  0 23.1879  23.0983  23.096  22.9756  22.8782  22.6533  0.0557519  0.0168685  0.0129989  0.0209983  0.0331003  0.0823648  
60  23.2717  23.1134  23.0805  23  22.8575  22.6338  23.273  23.1134  23.0805  23  22.8575  22.6338  0 23.1179  23.1326  23.0859  23.0115  22.8337  22.6469  0.0556163  0.0168685  0.0129989  0.0209983  0.0331002  0.0823648  
61  23.2717  23.1134  23.0805  23  22.8575  22.6338  23.2996  23.1134  23.0805  23  22.8575  22.6338  0 23.2801  23.0883  23.0723  23.0319  22.829  22.5933  0.0568274  0.0168685  0.0129989  0.0209983  0.0331003  0.0823649  
62  23.2717  23.1134  23.0805  23  22.8575  22.6338  23.2733  23.1134  23.0805  23  22.8575  22.6338  0 23.2811  23.1114  23.0967  22.9921  22.7937  22.7452  0.0556303  0.0168685  0.0129989  0.0209983  0.0331003  0.0823649  
63  23.2717  23.1134  23.0805  23  22.8575  22.6338  23.2824  23.1134  23.0805  23  22.8575  22.6338  0 23.2174  23.0831  23.0727  22.985  22.8233  22.5549  0.0560397  0.0168685  0.0129989  0.0209983  0.0331003  0.0823648  
64  23.2717  23.1134  23.0805  23  22.8575  22.6338  23.2863  23.1134  23.0805  23  22.8575  22.6338  0 23.3368  23.109  23.0996  23.0155  22.9479  22.6167  0.0562165  0.0168685  0.0129989  0.0209983  0.0331003  0.0823649  
65  23.2717  23.1134  23.0805  23  22.8575  22.6338  23.3006  23.1134  23.0805  23  22.8575  22.6338  0 23.3332  23.1255  23.0831  22.9878  22.835  22.6209  0.0568736  0.0168685  0.0129989  0.0209983  0.0331003  0.0823648  
66  23.2717  23.1134  23.0805  23  22.8575  22.6338  23.2753  23.1134  23.0805  23  22.8575  22.6338  0 23.2741  23.144  23.0926  23.0354  22.8538  22.5563  0.0557229  0.0168685  0.0129989  0.0209983  0.0331002  0.0823649  
67  23.2717  23.1134  23.0805  23  22.8575  22.6338  23.295  23.1134  23.0805  23  22.8575  22.6338  0 23.2882  23.1031  23.0686  23.0401  22.8744  22.6799  0.0566136  0.0168685  0.0129989  0.0209983  0.0331003  0.0823649  
68  23.2717  23.1134  23.0805  23  22.8575  22.6338  23.272  23.1134  23.0805  23  22.8575  22.6338  0 23.3182  23.0985  23.0819  23.0029  22.8807  22.651  0.0555742  0.0168685  0.0129989  0.0209983  0.0331003  0.0823649  
69  23.2717  23.1134  23.0805  23  22.8575  22.6338  23.2763  23.1134  23.0805  23  22.8575  22.6338  0 23.385  23.1139  23.0827  23.0185  22.8778  22.6072  0.0557664  0.0168685  0.0129989  0.0209983  0.0331003  0.0823648  
70  23.2717  23.1134  23.0805  23  22.8575  22.6338  23.2721  23.1134  23.0805  23  22.8575  22.6338  0 23.2448  23.1473  23.0552  23.0114  22.8147  22.7672  0.0555781  0.0168685  0.0129989  0.0209983  0.0331003  0.0823649  
71  23.2717  23.1134  23.0805  23  22.8575  22.6338  23.2759  23.1134  23.0805  23  22.8575  22.6338  0 23.2286  23.1037  23.0677  23.0206  22.8146  22.6617  0.0557489  0.0168685  0.0129989  0.0209983  0.0331003  0.0823649  
72  23.2717  23.1134  23.0805  23  22.8575  22.6338  23.2774  23.1134  23.0805  23  22.8575  22.6338  0 23.3341  23.1156  23.0792  22.9797  22.8941  22.769  0.0558163  0.0168685  0.0129989  0.0209983  0.0331003  0.0823649  
73  23.2717  23.1134  23.0805  23  22.8575  22.6338  23.2765  23.1134  23.0805  23  22.8575  22.6338  0 23.2643  23.1069  23.0612  23.0085  22.8489  22.6892  0.0557734  0.0168685  0.0129989  0.0209983  0.0331002  0.0823648  
74  23.2717  23.1134  23.0805  23  22.8575  22.6338  23.2763  23.1134  23.0805  23  22.8575  22.6338  0 23.2388  23.0702  23.0753  23.0229  22.8284  22.6178  0.0557677  0.0168685  0.0129989  0.0209983  0.0331003  0.0823649  
75  23.2717  23.1134  23.0805  23  22.8575  22.6338  23.2736  23.1134  23.0805  23  22.8575  22.6338  0 23.2355  23.0941  23.1025  22.9977  22.8717  22.6992  0.0556435  0.0168685  0.0129989  0.0209983  0.0331003  0.0823649  
76  23.2717  23.1134  23.0805  23  22.8575  22.6338  23.2802  23.1134  23.0805  23  22.8575  22.6338  0 23.29  23.0793  23.0948  23.0016  22.8955  22.5502  0.0559424  0.0168685  0.0129989  0.0209983  0.0331003  0.0823649  
77  23.2717  23.1134  23.0805  23  22.8575  22.6338  23.2742  23.1134  23.0805  23  22.8575  22.6338  0 23.303  23.1226  23.0825  22.9899  22.8498  22.5534  0.055671  0.0168685  0.0129989  0.0209983  0.0331003  0.0823649  
78  23.2717  23.1134  23.0805  23  22.8575  22.6338  23.2721  23.1134  23.0805  23  22.8575  22.6338  0 23.2867  23.1032  23.0621  23.0017  22.8632  22.5225  0.0555766  0.0168685  0.0129989  0.0209983  0.0331003  0.0823649  
79  23.2717  23.1134  23.0805  23  22.8575  22.6338  23.299  23.1134  23.0805  23  22.8575  22.6338  0 23.2847  23.092  23.0717  22.9688  22.8995  22.5163  0.0568007  0.0168685  0.0129989  0.0209983  0.0331003  0.0823648  
80  23.2717  23.1134  23.0805  23  22.8575  22.6338  23.2764  23.1134  23.0805  23  22.8575  22.6338  0 23.2869  23.1037  23.06  23.0022  22.8313  22.5816  0.0557696  0.0168685  0.0129989  0.0209983  0.0331003  0.0823649  
81  23.2717  23.1134  23.0805  23  22.8575  22.6338  23.2785  23.1134  23.0805  23  22.8575  22.6338  0 23.3436  23.1146  23.075  22.9788  22.8657  22.6356  0.0558649  0.0168685  0.0129989  0.0209983  0.0331003  0.0823649  
82  23.2717  23.1134  23.0805  23  22.8575  22.6338  23.2741  23.1134  23.0805  23  22.8575  22.6338  0 23.2301  23.1056  23.068  22.9574  22.8571  22.7446  0.0556656  0.0168685  0.0129989  0.0209983  0.0331003  0.0823649  
83  23.2717  23.1134  23.0805  23  22.8575  22.6338  23.2729  23.1134  23.0805  23  22.8575  22.6338  0 23.3392  23.1218  23.071  22.9962  22.8966  22.57  0.0556112  0.0168685  0.0129989  0.0209983  0.0331003  0.0823649  
84  23.2717  23.1134  23.0805  23  22.8575  22.6338  23.2953  23.1134  23.0805  23  22.8575  22.6338  0 23.2934  23.1409  23.0872  22.9716  22.8318  22.6426  0.0566281  0.0168685  0.0129989  0.0209983  0.0331003  0.0823648  
85  23.2717  23.1134  23.0805  23  22.8575  22.6338  23.2791  23.1134  23.0805  23  22.8575  22.6338  0 23.1917  23.126  23.0727  22.9921  22.8311  22.6737  0.0558917  0.0168685  0.0129989  0.0209983  0.0331003  0.0823648  
86  23.2717  23.1134  23.0805  23  22.8575  22.6338  23.2748  23.1134  23.0805  23  22.8575  22.6338  0 23.2627  23.1205  23.0864  23.0092  22.9047  22.6689  0.0556975  0.0168685  0.0129989  0.0209983  0.0331003  0.0823649  
87  23.2717  23.1134  23.0805  23  22.8575  22.6338  23.2729  23.1134  23.0805  23  22.8575  22.6338  0 23.2254  23.1295  23.0871  22.9793  22.8052  22.7324  0.0556122  0.0168685  0.0129989  0.0209983  0.0331002  0.0823648  
88  23.2717  23.1134  23.0805  23  22.8575  22.6338  23.272  23.1134  23.0805  23  22.8575  22.6338  0 23.3263  23.0917  23.0625  23.0247  22.9026  22.7051  0.0555733  0.0168685  0.0129989  0.0209983  0.0331002  0.0823649  
89  23.2717  23.1134  23.0805  23  22.8575  22.6338  23.2748  23.1134  23.0805  23  22.8575  22.6338  0 23.3307  23.1239  23.0583  23.0449  22.8708  22.5607  0.0556983  0.0168685  0.0129989  0.0209983  0.0331003  0.0823649  
90  23.2717  23.1134  23.0805  23  22.8575  22.6338  23.2756  23.1134  23.0805  23  22.8575  22.6338  0 23.2546  23.1367  23.1025  23.0243  22.8456  22.596  0.0557358  0.0168685  0.0129989  0.0209983  0.0331002  0.0823648  
91  23.2717  23.1134  23.0805  23  22.8575  22.6338  23.2737  23.1134  23.0805  23  22.8575  22.6338  0 23.3016  23.1359  23.094  23.0048  22.8798  22.611  0.0556512  0.0168685  0.0129989  0.0209983  0.0331002  0.0823649  
92  23.2717  23.1134  23.0805  23  22.8575  22.6338  23.2867  23.1134  23.0805  23  22.8575  22.6338  0 23.2016  23.0856  23.0866  23.0305  22.8573  22.6309  0.0562377  0.0168685  0.0129989  0.0209983  0.0331003  0.0823649  
93  23.2717  23.1134  23.0805  23  22.8575  22.6338  23.2717  23.1134  23.0805  23  22.8575  22.6338  0 23.3127  23.0979  23.0883  22.9616  22.8473  22.5615  0.0555591  0.0168685  0.0129989  0.0209983  0.0331002  0.0823649  
94  23.2717  23.1134  23.0805  23  22.8575  22.6338  23.2755  23.1134  23.0805  23  22.8575  22.6338  0 23.2288  23.1392  23.077  22.943  22.8568  22.5293  0.0557299  0.0168685  0.0129989  0.0209983  0.0331003  0.0823649  
95  23.2717  23.1134  23.0805  23  22.8575  22.6338  23.2751  23.1134  23.0805  23  22.8575  22.6338  0 23.2991  23.1117  23.1009  22.9988  22.9303  22.5076  0.0557106  0.0168685  0.0129989  0.0209983  0.0331002  0.0823648  
96  23.2717  23.1134  23.0805  23  22.8575  22.6338  23.295  23.1134  23.0805  23  22.8575  22.6338  0 23.2489  23.1411  23.0617  23.0296  22.8502  22.5869  0.0566154  0.0168685  0.0129989  0.0209983  0.0331003  0.0823649  
97  23.2717  23.1134  23.0805  23  22.8575  22.6338  23.2737  23.1134  23.0805  23  22.8575  22.6338  0 23.204  23.0867  23.0825  22.9773  22.8937  22.6736  0.055651  0.0168685  0.0129989  0.0209983  0.0331002  0.0823649  
98  23.2717  23.1134  23.0805  23  22.8575  22.6338  23.2733  23.1134  23.0805  23  22.8575  22.6338  0 23.2718  23.1027  23.0599  22.9791  22.8616  22.5816  0.0556307  0.0168685  0.0129989  0.0209983  0.0331002  0.0823649  
99  23.2717  23.1134  23.0805  23  22.8575  22.6338  23.2738  23.1134  23.0805  23  22.8575  22.6338  0 23.2999  23.1183  23.0656  22.9924  22.8367  22.703  0.0556528  0.0168685  0.0129989  0.0209983  0.0331003  0.0823649  
100  23.2717  23.1134  23.0805  23  22.8575  22.6338  23.2872  23.1134  23.0805  23  22.8575  22.6338  0 23.2206  23.1214  23.0786  22.9799  22.84  22.7597  0.0562595  0.0168685  0.0129989  0.0209983  0.0331003  0.0823649  
101  23.2717  23.1134  23.0805  23  22.8575  22.6338  23.2737  23.1134  23.0805  23  22.8575  22.6338  0 23.3429  23.1358  23.0787  23.0086  22.8922  22.6747  0.05565  0.0168685  0.0129989  0.0209983  0.0331003  0.0823649  
102  23.2717  23.1134  23.0805  23  22.8575  22.6338  23.2732  23.1134  23.0805  23  22.8575  22.6338  0 23.2646  23.1176  23.0603  23.005  22.8503  22.6767  0.055625  0.0168685  0.0129989  0.0209983  0.0331003  0.0823649  
103  23.2717  23.1134  23.0805  23  22.8575  22.6338  23.2797  23.1134  23.0805  23  22.8575  22.6338  0 23.2823  23.0999  23.1103  22.9926  22.8701  22.6544  0.0559204  0.0168685  0.0129989  0.0209983  0.0331003  0.0823649  
104  23.2717  23.1134  23.0805  23  22.8575  22.6338  23.2829  23.1134  23.0805  23  22.8575  22.6338  0 23.2559  23.1055  23.0656  23.0191  22.8981  22.8143  0.0560658  0.0168685  0.0129989  0.0209983  0.0331003  0.0823649  
105  23.2717  23.1134  23.0805  23  22.8575  22.6338  23.2742  23.1134  23.0805  23  22.8575  22.6338  0 23.2386  23.0884  23.0714  22.9613  22.8783  22.621  0.0556734  0.0168685  0.0129989  0.0209983  0.0331003  0.0823649  
106  23.2717  23.1134  23.0805  23  22.8575  22.6338  23.2902  23.1134  23.0805  23  22.8575  22.6338  0 23.2042  23.1303  23.0908  23.0245  22.8902  22.5559  0.0563937  0.0168685  0.0129989  0.0209983  0.0331003  0.0823649  
107  23.2717  23.1134  23.0805  23  22.8575  22.6338  23.273  23.1134  23.0805  23  22.8575  22.6338  0 23.1743  23.1168  23.0945  23.0137  22.8214  22.5106  0.0556163  0.0168685  0.0129989  0.0209983  0.0331003  0.0823649  
108  23.2717  23.1134  23.0805  23  22.8575  22.6338  23.2769  23.1134  23.0805  23  22.8575  22.6338  0 23.3207  23.0893  23.0475  23.0225  22.876  22.6037  0.0557928  0.0168685  0.0129989  0.0209983  0.0331002  0.0823648  
109  23.2717  23.1134  23.0805  23  22.8575  22.6338  23.2719  23.1134  23.0805  23  22.8575  22.6338  0 23.2421  23.0996  23.0856  23.0258  22.7949  22.5521  0.0555671  0.0168685  0.0129989  0.0209983  0.0331002  0.0823649  
110  23.2717  23.1134  23.0805  23  22.8575  22.6338  23.2993  23.1134  23.0805  23  22.8575  22.6338  0 23.2294  23.1215  23.0962  23.0187  22.946  22.7289  0.0568128  0.0168685  0.0129989  0.0209983  0.0331003  0.0823648  
111  23.2717  23.1134  23.0805  23  22.8575  22.6338  23.3139  23.1134  23.0805  23  22.8575  22.6338  0 23.37  23.0882  23.0613  22.9689  22.885  22.6629  0.057487  0.0168685  0.0129989  0.0209983  0.0331003  0.0823648  
112  23.2717  23.1134  23.0805  23  22.8575  22.6338  23.2741  23.1134  23.0805  23  22.8575  22.6338  0 23.2599  23.0958  23.069  23.0223  22.9069  22.7558  0.0556654  0.0168685  0.0129989  0.0209983  0.0331002  0.0823648  
113  23.2717  23.1134  23.0805  23  22.8575  22.6338  23.2736  23.1134  23.0805  23  22.8575  22.6338  0 23.1852  23.1071  23.0755  23.0066  22.8198  22.8862  0.0556464  0.0168685  0.0129989  0.0209983  0.0331003  0.0823649  
114  23.2717  23.1134  23.0805  23  22.8575  22.6338  23.2784  23.1134  23.0805  23  22.8575  22.6338  0 23.3589  23.125  23.0747  22.9976  22.8367  22.7549  0.0558611  0.0168685  0.0129989  0.0209983  0.0331003  0.0823649  
115  23.2717  23.1134  23.0805  23  22.8575  22.6338  23.284  23.1134  23.0805  23  22.8575  22.6338  0 23.348  23.1279  23.0588  23.0103  22.8637  22.8084  0.0561142  0.0168685  0.0129989  0.0209983  0.0331003  0.0823649  
116  23.2717  23.1134  23.0805  23  22.8575  22.6338  23.2744  23.1134  23.0805  23  22.8575  22.6338  0 23.3847  23.1422  23.0762  23.0198  22.8948  22.6892  0.0556801  0.0168685  0.0129989  0.0209983  0.0331002  0.0823648  
117  23.2717  23.1134  23.0805  23  22.8575  22.6338  23.2908  23.1134  23.0805  23  22.8575  22.6338  0 23.2482  23.1407  23.0795  23.0196  22.842  22.6652  0.0564241  0.0168685  0.0129989  0.0209983  0.0331003  0.0823648  
118  23.2717  23.1134  23.0805  23  22.8575  22.6338  23.276  23.1134  23.0805  23  22.8575  22.6338  0 23.2594  23.0959  23.0736  23.0036  22.8696  22.6151  0.0557536  0.0168685  0.0129989  0.0209983  0.0331003  0.0823648  
119  23.2717  23.1134  23.0805  23  22.8575  22.6338  23.2756  23.1134  23.0805  23  22.8575  22.6338  0 23.2929  23.1028  23.0996  22.9451  22.8774  22.5601  0.0557354  0.0168685  0.0129989  0.0209983  0.0331003  0.0823649  
120  23.2717  23.1134  23.0805  23  22.8575  22.6338  23.2776  23.1134  23.0805  23  22.8575  22.6338  0 23.2751  23.1046  23.0851  22.9934  22.9076  22.5204  0.0558257  0.0168685  0.0129989  0.0209983  0.0331003  0.0823649  
121  23.2717  23.1134  23.0805  23  22.8575  22.6338  23.2777  23.1134  23.0805  23  22.8575  22.6338  0 23.2296  23.1266  23.1056  23.0198  22.8402  22.6758  0.0558276  0.0168685  0.0129989  0.0209983  0.0331003  0.0823649  
122  23.2717  23.1134  23.0805  23  22.8575  22.6338  23.2767  23.1134  23.0805  23  22.8575  22.6338  0 23.3012  23.077  23.0555  23.0306  22.8297  22.7154  0.0557857  0.0168685  0.0129989  0.0209983  0.0331003  0.0823649  
123  23.2717  23.1134  23.0805  23  22.8575  22.6338  23.2732  23.1134  23.0805  23  22.8575  22.6338  0 23.2859  23.1427  23.0916  23.0071  22.8737  22.6923  0.0556272  0.0168685  0.0129989  0.0209983  0.0331003  0.0823649  
124  23.2717  23.1134  23.0805  23  22.8575  22.6338  23.2767  23.1134  23.0805  23  22.8575  22.6338  0 23.2853  23.097  23.0989  23.0176  22.8883  22.6957  0.0557852  0.0168685  0.0129989  0.0209983  0.0331003  0.0823648  
125  23.2717  23.1134  23.0805  23  22.8575  22.6338  23.2951  23.1134  23.0805  23  22.8575  22.6338  0 23.2522  23.1193  23.0981  23.0227  22.8904  22.5068  0.0566196  0.0168685  0.0129989  0.0209983  0.0331003  0.0823648  
126  23.2717  23.1134  23.0805  23  22.8575  22.6338  23.2728  23.1134  23.0805  23  22.8575  22.6338  0 23.2554  23.1181  23.0607  23.019  22.8972  22.6044  0.0556095  0.0168685  0.0129989  0.0209983  0.0331002  0.0823648  
127  23.2717  23.1134  23.0805  23  22.8575  22.6338  23.2831  23.1134  23.0805  23  22.8575  22.6338  0 23.351  23.1125  23.0848  23.0088  22.8529  22.6358  0.0560744  0.0168685  0.0129989  0.0209983  0.0331003  0.0823648  
128  23.2717  23.1134  23.0805  23  22.8575  22.6338  23.2782  23.1134  23.0805  23  22.8575  22.6338  0 23.1936  23.1222  23.0878  23.0004  22.8557  22.9023  0.0558524  0.0168685  0.0129989  0.0209983  0.0331003  0.0823649  
129  23.2717  23.1134  23.0805  23  22.8575  22.6338  23.2744  23.1134  23.0805  23  22.8575  22.6338  0 23.2578  23.1053  23.0733  23.0023  22.9307  22.6176  0.0556805  0.0168685  0.0129989  0.0209983  0.0331003  0.0823649  
130  23.2717  23.1134  23.0805  23  22.8575  22.6338  23.2815  23.1134  23.0805  23  22.8575  22.6338  0 23.3047  23.123  23.0532  22.9876  22.8548  22.6289  0.0559997  0.0168685  0.0129989  0.0209983  0.0331003  0.0823649  
131  23.2717  23.1134  23.0805  23  22.8575  22.6338  23.2747  23.1134  23.0805  23  22.8575  22.6338  0 23.247  23.1117  23.0695  22.9985  22.8273  22.6954  0.055693  0.0168685  0.0129989  0.0209983  0.0331003  0.0823649  
132  23.2717  23.1134  23.0805  23  22.8575  22.6338  23.2763  23.1134  23.0805  23  22.8575  22.6338  0 23.3224  23.1215  23.0628  22.995  22.8423  22.7807  0.0557654  0.0168685  0.0129989  0.0209983  0.0331002  0.0823648  
133  23.2717  23.1134  23.0805  23  22.8575  22.6338  23.2753  23.1134  23.0805  23  22.8575  22.6338  0 23.2854  23.128  23.0641  23.0404  22.8422  22.6819  0.05572  0.0168685  0.0129989  0.0209983  0.0331002  0.0823648  
134  23.2717  23.1134  23.0805  23  22.8575  22.6338  23.273  23.1134  23.0805  23  22.8575  22.6338  0 23.2969  23.08  23.1004  23.0286  22.8633  22.6491  0.0556198  0.0168685  0.0129989  0.0209983  0.0331003  0.0823649  
135  23.2717  23.1134  23.0805  23  22.8575  22.6338  23.2741  23.1134  23.0805  23  22.8575  22.6338  0 23.3135  23.1462  23.099  23.0148  22.8876  22.8062  0.0556666  0.0168685  0.0129989  0.0209983  0.0331003  0.0823649  
136  23.2717  23.1134  23.0805  23  22.8575  22.6338  23.2779  23.1134  23.0805  23  22.8575  22.6338  0 23.3205  23.1394  23.0862  23.0024  22.8523  22.498  0.0558382  0.0168685  0.0129989  0.0209983  0.0331003  0.0823649  
137  23.2717  23.1134  23.0805  23  22.8575  22.6338  23.2723  23.1134  23.0805  23  22.8575  22.6338  0 23.2975  23.1415  23.063  22.9961  22.8931  22.6846  0.0555853  0.0168685  0.0129989  0.0209983  0.0331002  0.0823649  
138  23.2717  23.1134  23.0805  23  22.8575  22.6338  23.2853  23.1134  23.0805  23  22.8575  22.6338  0 23.3188  23.1099  23.0834  23.0124  22.8645  22.6188  0.0561725  0.0168685  0.0129989  0.0209983  0.0331003  0.0823649  
139  23.2717  23.1134  23.0805  23  22.8575  22.6338  23.2723  23.1134  23.0805  23  22.8575  22.6338  0 23.35  23.1019  23.0898  23.0259  22.9047  22.6187  0.0555857  0.0168685  0.0129989  0.0209983  0.0331002  0.0823649  
140  23.2717  23.1134  23.0805  23  22.8575  22.6338  23.2728  23.1134  23.0805  23  22.8575  22.6338  0 23.2763  23.0953  23.0706  22.9584  22.8272  22.5626  0.0556071  0.0168685  0.0129989  0.0209983  0.0331003  0.0823649  
141  23.2717  23.1134  23.0805  23  22.8575  22.6338  23.28  23.1134  23.0805  23  22.8575  22.6338  0 23.2803  23.125  23.0672  23.0355  22.8854  22.5382  0.0559325  0.0168685  0.0129989  0.0209983  0.0331003  0.0823649  
142  23.2717  23.1134  23.0805  23  22.8575  22.6338  23.2755  23.1134  23.0805  23  22.8575  22.6338  0 23.1918  23.1264  23.0818  23.0216  22.8514  22.4501  0.0557302  0.0168685  0.0129989  0.0209983  0.0331003  0.0823648  
143  23.2717  23.1134  23.0805  23  22.8575  22.6338  23.2835  23.1134  23.0805  23  22.8575  22.6338  0 23.2287  23.0869  23.0751  22.9979  22.8383  22.7277  0.0560921  0.0168685  0.0129989  0.0209983  0.0331003  0.0823648  
144  23.2717  23.1134  23.0805  23  22.8575  22.6338  23.2768  23.1134  23.0805  23  22.8575  22.6338  0 23.277  23.1054  23.0865  22.9888  22.8677  22.61  0.0557884  0.0168685  0.0129989  0.0209983  0.0331003  0.0823648  
145  23.2717  23.1134  23.0805  23  22.8575  22.6338  23.2878  23.1134  23.0805  23  22.8575  22.6338  0 23.3237  23.1371  23.0708  22.9996  22.9006  22.6075  0.0562852  0.0168685  0.0129989  0.0209983  0.0331003  0.0823649  
146  23.2717  23.1134  23.0805  23  22.8575  22.6338  23.2728  23.1134  23.0805  23  22.8575  22.6338  0 23.2536  23.1044  23.0879  23.035  22.8893  22.6762  0.0556079  0.0168685  0.0129989  0.0209983  0.0331003  0.0823649  
147  23.2717  23.1134  23.0805  23  22.8575  22.6338  23.2807  23.1134  23.0805  23  22.8575  22.6338  0 23.233  23.1083  23.0859  22.9968  22.8393  22.706  0.0559656  0.0168685  0.0129989  0.0209983  0.0331003  0.0823649  
148  23.2717  23.1134  23.0805  23  22.8575  22.6338  23.2767  23.1134  23.0805  23  22.8575  22.6338  0 23.2514  23.1214  23.0724  23.0057  22.8326  22.5597  0.0557824  0.0168685  0.0129989  0.0209983  0.0331003  0.0823649  
149  23.2717  23.1134  23.0805  23  22.8575  22.6338  23.2732  23.1134  23.0805  23  22.8575  22.6338  0 23.2916  23.1296  23.0874  23.009  22.8802  22.5187  0.0556279  0.0168685  0.0129989  0.0209983  0.0331003  0.0823649  
150  23.2717  23.1134  23.0805  23  22.8575  22.6338  23.275  23.1134  23.0805  23  22.8575  22.6338  0 23.3917  23.1326  23.0909  22.9748  22.9095  22.6459  0.0557084  0.0168685  0.0129989  0.0209983  0.0331003  0.0823649  
151  23.2717  23.1134  23.0805  23  22.8575  22.6338  23.2935  23.1134  23.0805  23  22.8575  22.6338  0 23.2185  23.1079  23.0688  22.9969  22.8255  22.6916  0.0565444  0.0168685  0.0129989  0.0209983  0.0331003  0.0823649  
152  23.2717  23.1134  23.0805  23  22.8575  22.6338  23.3029  23.1134  23.0805  23  22.8575  22.6338  0 23.315  23.1111  23.0938  23.0139  22.8712  22.7223  0.0569783  0.0168685  0.0129989  0.0209983  0.0331003  0.0823648  
153  23.2717  23.1134  23.0805  23  22.8575  22.6338  23.2856  23.1134  23.0805  23  22.8575  22.6338  0 23.188  23.0965  23.0799  22.984  22.8837  22.7358  0.0561875  0.0168685  0.0129989  0.0209983  0.0331002  0.0823648  
154  23.2717  23.1134  23.0805  23  22.8575  22.6338  23.2809  23.1134  23.0805  23  22.8575  22.6338  0 23.2788  23.0916  23.0715  23.0155  22.9013  22.7412  0.0559758  0.0168685  0.0129989  0.0209983  0.0331003  0.0823649  
155  23.2717  23.1134  23.0805  23  22.8575  22.6338  23.3006  23.1134  23.0805  23  22.8575  22.6338  0 23.2773  23.1112  23.0689  23.0159  22.9203  22.76  0.0568732  0.0168685  0.0129989  0.0209983  0.0331003  0.0823649  
156  23.2717  23.1134  23.0805  23  22.8575  22.6338  23.273  23.1134  23.0805  23  22.8575  22.6338  0 23.2769  23.1124  23.0739  23.0035  22.8519  22.6085  0.0556163  0.0168685  0.0129989  0.0209983  0.0331003  0.0823649  
157  23.2717  23.1134  23.0805  23  22.8575  22.6338  23.3003  23.1134  23.0805  23  22.8575  22.6338  0 23.2086  23.1122  23.0656  23.0495  22.8538  22.6256  0.0568574  0.0168685  0.0129989  0.0209983  0.0331003  0.0823648  
158  23.2717  23.1134  23.0805  23  22.8575  22.6338  23.2721  23.1134  23.0805  23  22.8575  22.6338  0 23.2976  23.1007  23.076  22.9601  22.8619  22.7218  0.0555775  0.0168685  0.0129989  0.0209983  0.0331003  0.0823649  
159  23.2717  23.1134  23.0805  23  22.8575  22.6338  23.2744  23.1134  23.0805  23  22.8575  22.6338  0 23.4081  23.1175  23.0752  23.0002  22.9019  22.6545  0.0556815  0.0168685  0.0129989  0.0209983  0.0331003  0.0823649  
160  23.2717  23.1134  23.0805  23  22.8575  22.6338  23.2914  23.1134  23.0805  23  22.8575  22.6338  0 23.1468  23.1337  23.082  23.0021  22.8503  22.6846  0.0564512  0.0168685  0.0129989  0.0209983  0.0331003  0.0823648  
161  23.2717  23.1134  23.0805  23  22.8575  22.6338  23.2788  23.1134  23.0805  23  22.8575  22.6338  0 23.3586  23.1122  23.0955  23.0379  22.8273  22.5107  0.0558775  0.0168685  0.0129989  0.0209983  0.0331003  0.0823649  
162  23.2717  23.1134  23.0805  23  22.8575  22.6338  23.2819  23.1134  23.0805  23  22.8575  22.6338  0 23.3263  23.0831  23.0805  22.9832  22.8832  22.6497  0.0560209  0.0168685  0.0129989  0.0209983  0.0331003  0.0823649  
163  23.2717  23.1134  23.0805  23  22.8575  22.6338  23.2869  23.1134  23.0805  23  22.8575  22.6338  0 23.2576  23.0985  23.0884  23.022  22.8435  22.6302  0.0562432  0.0168685  0.0129989  0.0209983  0.0331003  0.0823648  
164  23.2717  23.1134  23.0805  23  22.8575  22.6338  23.2735  23.1134  23.0805  23  22.8575  22.6338  0 23.2911  23.0856  23.0863  22.9793  22.8822  22.6127  0.0556406  0.0168685  0.0129989  0.0209983  0.0331003  0.0823649  
165  23.2717  23.1134  23.0805  23  22.8575  22.6338  23.2719  23.1134  23.0805  23  22.8575  22.6338  0 23.2624  23.0895  23.0987  23.0079  22.8225  22.5606  0.055567  0.0168685  0.0129989  0.0209983  0.0331002  0.0823649  
166  23.2717  23.1134  23.0805  23  22.8575  22.6338  23.2819  23.1134  23.0805  23  22.8575  22.6338  0 23.3436  23.1267  23.1023  22.989  22.8767  22.5765  0.0560206  0.0168685  0.0129989  0.0209983  0.0331003  0.0823648  
167  23.2717  23.1134  23.0805  23  22.8575  22.6338  23.2754  23.1134  23.0805  23  22.8575  22.6338  0 23.2727  23.1194  23.0902  22.988  22.8526  22.8033  0.0557254  0.0168685  0.0129989  0.0209983  0.0331003  0.0823648  
168  23.2717  23.1134  23.0805  23  22.8575  22.6338  23.2773  23.1134  23.0805  23  22.8575  22.6338  0 23.2915  23.131  23.0779  23.0168  22.8845  22.8011  0.0558107  0.0168685  0.0129989  0.0209983  0.0331003  0.0823648  
169  23.2717  23.1134  23.0805  23  22.8575  22.6338  23.2767  23.1134  23.0805  23  22.8575  22.6338  0 23.3331  23.1422  23.086  23.0057  22.8837  22.6129  0.055786  0.0168685  0.0129989  0.0209983  0.0331003  0.0823649  
170  23.2717  23.1134  23.0805  23  22.8575  22.6338  23.2735  23.1134  23.0805  23  22.8575  22.6338  0 23.2097  23.1296  23.057  22.965  22.8875  22.639  0.0556388  0.0168685  0.0129989  0.0209983  0.0331002  0.0823648  
171  23.2717  23.1134  23.0805  23  22.8575  22.6338  23.2747  23.1134  23.0805  23  22.8575  22.6338  0 23.2563  23.0917  23.0872  23.0158  22.9363  22.7335  0.0556945  0.0168685  0.0129989  0.0209983  0.0331003  0.0823649  
172  23.2717  23.1134  23.0805  23  22.8575  22.6338  23.2767  23.1134  23.0805  23  22.8575  22.6338  0 23.2769  23.1106  23.0684  23.0229  22.8654  22.616  0.0557823  0.0168685  0.0129989  0.0209983  0.0331003  0.0823648  
173  23.2717  23.1134  23.0805  23  22.8575  22.6338  23.2791  23.1134  23.0805  23  22.8575  22.6338  0 23.2506  23.1119  23.0651  22.9981  22.8606  22.6945  0.0558923  0.0168685  0.0129989  0.0209983  0.0331003  0.0823649  
174  23.2717  23.1134  23.0805  23  22.8575  22.6338  23.2746  23.1134  23.0805  23  22.8575  22.6338  0 23.2411  23.0964  23.0966  23.0077  22.8293  22.7324  0.055689  0.0168685  0.0129989  0.0209983  0.0331003  0.0823649  
175  23.2717  23.1134  23.0805  23  22.8575  22.6338  23.2717  23.1134  23.0805  23  22.8575  22.6338  0 23.1277  23.1339  23.0869  22.9783  22.8622  22.6179  0.0555603  0.0168685  0.0129989  0.0209983  0.0331002  0.0823649  
176  23.2717  23.1134  23.0805  23  22.8575  22.6338  23.2817  23.1134  23.0805  23  22.8575  22.6338  0 23.2739  23.1389  23.0549  22.9726  22.8122  22.6824  0.0560092  0.0168685  0.0129989  0.0209983  0.0331003  0.0823649  
177  23.2717  23.1134  23.0805  23  22.8575  22.6338  23.2914  23.1134  23.0805  23  22.8575  22.6338  0 23.3794  23.1011  23.1092  22.9753  22.8009  22.6168  0.0564485  0.0168685  0.0129989  0.0209983  0.0331003  0.0823649  
178  23.2717  23.1134  23.0805  23  22.8575  22.6338  23.2731  23.1134  23.0805  23  22.8575  22.6338  0 23.2075  23.108  23.0762  23.0104  22.8824  22.6823  0.0556225  0.0168685  0.0129989  0.0209983  0.0331003  0.0823649  
179  23.2717  23.1134  23.0805  23  22.8575  22.6338  23.2779  23.1134  23.0805  23  22.8575  22.6338  0 23.3132  23.1069  23.0992  23.0422  22.8271  22.6682  0.0558398  0.0168685  0.0129989  0.0209983  0.0331003  0.0823649  
180  23.2717  23.1134  23.0805  23  22.8575  22.6338  23.2722  23.1134  23.0805  23  22.8575  22.6338  0 23.1967  23.1325  23.0678  22.9852  22.8265  22.7921  0.055581  0.0168685  0.0129989  0.0209983  0.0331003  0.0823649  
181  23.2717  23.1134  23.0805  23  22.8575  22.6338  23.2738  23.1134  23.0805  23  22.8575  22.6338  0 23.2942  23.1133  23.0917  22.9953  22.8203  22.5325  0.0556533  0.0168685  0.0129989  0.0209983  0.0331003  0.0823649  
182  23.2717  23.1134  23.0805  23  22.8575  22.6338  23.2842  23.1134  23.0805  23  22.8575  22.6338  0 23.1934  23.09  23.0879  22.9734  22.8927  22.6671  0.0561245  0.0168685  0.0129989  0.0209983  0.0331002  0.0823648  
183  23.2717  23.1134  23.0805  23  22.8575  22.6338  23.2731  23.1134  23.0805  23  22.8575  22.6338  0 23.2881  23.1175  23.0653  23.0098  22.858  22.5964  0.0556211  0.0168685  0.0129989  0.0209983  0.0331002  0.0823649  
184  23.2717  23.1134  23.0805  23  22.8575  22.6338  23.2759  23.1134  23.0805  23  22.8575  22.6338  0 23.3027  23.1445  23.102  22.9963  22.8957  22.5628  0.0557495  0.0168685  0.0129989  0.0209983  0.0331002  0.0823648  
185  23.2717  23.1134  23.0805  23  22.8575  22.6338  23.2756  23.1134  23.0805  23  22.8575  22.6338  0 23.4059  23.1425  23.0907  23.0023  22.9084  22.6513  0.0557329  0.0168685  0.0129989  0.0209983  0.0331003  0.0823649  
186  23.2717  23.1134  23.0805  23  22.8575  22.6338  23.2768  23.1134  23.0805  23  22.8575  22.6338  0 23.3058  23.1549  23.0741  23.006  22.8926  22.6194  0.0557871  0.0168685  0.0129989  0.0209983  0.0331003  0.0823648  
187  23.2717  23.1134  23.0805  23  22.8575  22.6338  23.2719  23.1134  23.0805  23  22.8575  22.6338  0 23.2175  23.1376  23.0876  23.0421  22.8452  22.573  0.0555699  0.0168685  0.0129989  0.0209983  0.0331003  0.0823649  
188  23.2717  23.1134  23.0805  23  22.8575  22.6338  23.273  23.1134  23.0805  23  22.8575  22.6338  0 23.2905  23.1131  23.0919  22.9857  22.8179  22.6017  0.0556199  0.0168685  0.0129989  0.0209983  0.0331003  0.0823649  
189  23.2717  23.1134  23.0805  23  22.8575  22.6338  23.3024  23.1134  23.0805  23  22.8575  22.6338  0 23.247  23.1156  23.0798  23.0393  22.8391  22.6214  0.0569529  0.0168685  0.0129989  0.0209983  0.0331003  0.0823648  
190  23.2717  23.1134  23.0805  23  22.8575  22.6338  23.2776  23.1134  23.0805  23  22.8575  22.6338  0 23.2273  23.1111  23.0706  22.9749  22.885  22.6643  0.0558237  0.0168685  0.0129989  0.0209983  0.0331003  0.0823649  
191  23.2717  23.1134  23.0805  23  22.8575  22.6338  23.2959  23.1134  23.0805  23  22.8575  22.6338  0 23.3139  23.1176  23.0766  23.0238  22.8594  22.628  0.0566558  0.0168685  0.0129989  0.0209983  0.0331003  0.0823648  
192  23.2717  23.1134  23.0805  23  22.8575  22.6338  23.2738  23.1134  23.0805  23  22.8575  22.6338  0 23.3693  23.1239  23.0757  22.9621  22.8696  22.7455  0.0556529  0.0168685  0.0129989  0.0209983  0.0331003  0.0823649  
193  23.2717  23.1134  23.0805  23  22.8575  22.6338  23.2746  23.1134  23.0805  23  22.8575  22.6338  0 23.3125  23.1777  23.1166  23.0132  22.8986  22.6087  0.0556892  0.0168685  0.0129989  0.0209983  0.0331003  0.0823649  
194  23.2717  23.1134  23.0805  23  22.8575  22.6338  23.2724  23.1134  23.0805  23  22.8575  22.6338  0 23.2804  23.1244  23.0554  22.9723  22.7964  22.6086  0.0555894  0.0168685  0.0129989  0.0209983  0.0331003  0.0823649  
195  23.2717  23.1134  23.0805  23  22.8575  22.6338  23.2725  23.1134  23.0805  23  22.8575  22.6338  0 23.2742  23.1188  23.0623  22.9856  22.849  22.6679  0.0555941  0.0168685  0.0129989  0.0209983  0.0331003  0.0823649  
196  23.2717  23.1134  23.0805  23  22.8575  22.6338  23.2735  23.1134  23.0805  23  22.8575  22.6338  0 23.2632  23.1035  23.0865  22.9909  22.8607  22.4832  0.0556382  0.0168685  0.0129989  0.0209983  0.0331003  0.0823649  
197  23.2717  23.1134  23.0805  23  22.8575  22.6338  23.2741  23.1134  23.0805  23  22.8575  22.6338  0 23.2333  23.1048  23.0762  22.9887  22.8981  22.672  0.0556654  0.0168685  0.0129989  0.0209983  0.0331003  0.0823649  
198  23.2717  23.1134  23.0805  23  22.8575  22.6338  23.2778  23.1134  23.0805  23  22.8575  22.6338  0 23.3207  23.1157  23.1064  23.0304  22.8716  22.688  0.0558355  0.0168685  0.0129989  0.0209983  0.0331003  0.0823648  
199  23.2717  23.1134  23.0805  23  22.8575  22.6338  23.2728  23.1134  23.0805  23  22.8575  22.6338  0 23.293  23.1135  23.0604  23.0226  22.796  22.6861  0.0556103  0.0168685  0.0129989  0.0209983  0.0331003  0.0823649  
200  23.2717  23.1134  23.0805  23  22.8575  22.6338  23.2912  23.1134  23.0805  23  22.8575  22.6338  0 23.377  23.1284  23.1149  22.9922  22.8063  22.6408  0.0564417  0.0168685  0.0129989  0.0209983  0.0331003  0.0823649  
201  23.2717  23.1134  23.0805  23  22.8575  22.6338  23.2837  23.1134  23.0805  23  22.8575  22.6338  0 23.2392  23.1121  23.0979  22.9875  22.8318  22.6013  0.0560996  0.0168685  0.0129989  0.0209983  0.0331003  0.0823649  
202  23.2717  23.1134  23.0805  23  22.8575  22.6338  23.2894  23.1134  23.0805  23  22.8575  22.6338  0 23.3893  23.1184  23.0732  22.9719  22.8596  22.6761  0.0563604  0.0168685  0.0129989  0.0209983  0.0331003  0.0823648  
203  23.2717  23.1134  23.0805  23  22.8575  22.6338  23.3051  23.1134  23.0805  23  22.8575  22.6338  0 23.3139  23.1427  23.0862  22.9505  22.8814  22.746  0.0570805  0.0168685  0.0129989  0.0209983  0.0331003  0.0823648  
204  23.2717  23.1134  23.0805  23  22.8575  22.6338  23.2864  23.1134  23.0805  23  22.8575  22.6338  0 23.3012  23.1177  23.068  22.9849  22.8738  22.6167  0.0562235  0.0168685  0.0129989  0.0209983  0.0331003  0.0823649  
205  23.2717  23.1134  23.0805  23  22.8575  22.6338  23.273  23.1134  23.0805  23  22.8575  22.6338  0 23.2958  23.1149  23.0791  22.9938  22.7884  22.6652  0.0556181  0.0168685  0.0129989  0.0209983  0.0331002  0.0823649  
206  23.2717  23.1134  23.0805  23  22.8575  22.6338  23.2754  23.1134  23.0805  23  22.8575  22.6338  0 23.2461  23.1092  23.0821  22.9673  22.8977  22.7087  0.0557236  0.0168685  0.0129989  0.0209983  0.0331003  0.0823649  
207  23.2717  23.1134  23.0805  23  22.8575  22.6338  23.2733  23.1134  23.0805  23  22.8575  22.6338  0 23.221  23.1177  23.0671  22.9825  22.8564  22.6669  0.0556314  0.0168685  0.0129989  0.0209983  0.0331002  0.0823649  
208  23.2717  23.1134  23.0805  23  22.8575  22.6338  23.2722  23.1134  23.0805  23  22.8575  22.6338  0 23.2858  23.1508  23.1009  22.9946  22.8687  22.6511  0.0555822  0.0168685  0.0129989  0.0209983  0.0331002  0.0823648  
209  23.2717  23.1134  23.0805  23  22.8575  22.6338  23.2743  23.1134  23.0805  23  22.8575  22.6338  0 23.2705  23.0975  23.057  22.9932  22.8448  22.5581  0.0556779  0.0168685  0.0129989  0.0209983  0.0331003  0.0823649  
210  23.2717  23.1134  23.0805  23  22.8575  22.6338  23.2877  23.1134  23.0805  23  22.8575  22.6338  0 23.2944  23.0911  23.0922  22.9861  22.8884  22.5685  0.0562813  0.0168685  0.0129989  0.0209983  0.0331003  0.0823649  
211  23.2717  23.1134  23.0805  23  22.8575  22.6338  23.2726  23.1134  23.0805  23  22.8575  22.6338  0 23.192  23.106  23.0601  23.0029  22.8435  22.6387  0.0555999  0.0168685  0.0129989  0.0209983  0.0331003  0.0823649  
212  23.2717  23.1134  23.0805  23  22.8575  22.6338  23.2729  23.1134  23.0805  23  22.8575  22.6338  0 23.2501  23.1236  23.0778  23.0287  22.874  22.6354  0.055615  0.0168685  0.0129989  0.0209983  0.0331002  0.0823648  
213  23.2717  23.1134  23.0805  23  22.8575  22.6338  23.2735  23.1134  23.0805  23  22.8575  22.6338  0 23.2303  23.1241  23.0711  22.9917  22.8304  22.6096  0.0556402  0.0168685  0.0129989  0.0209983  0.0331003  0.0823649  
214  23.2717  23.1134  23.0805  23  22.8575  22.6338  23.2792  23.1134  23.0805  23  22.8575  22.6338  0 23.2388  23.0872  23.0793  23.0088  22.7965  22.6543  0.0558987  0.0168685  0.0129989  0.0209983  0.0331003  0.0823648  
215  23.2717  23.1134  23.0805  23  22.8575  22.6338  23.272  23.1134  23.0805  23  22.8575  22.6338  0 23.2566  23.1361  23.0694  23.0283  22.7875  22.5723  0.0555741  0.0168685  0.0129989  0.0209983  0.0331002  0.0823649  
216  23.2717  23.1134  23.0805  23  22.8575  22.6338  23.2783  23.1134  23.0805  23  22.8575  22.6338  0 23.2449  23.126  23.0842  22.9679  22.7962  22.6311  0.0558567  0.0168685  0.0129989  0.0209983  0.0331003  0.0823649  
217  23.2717  23.1134  23.0805  23  22.8575  22.6338  23.2971  23.1134  23.0805  23  22.8575  22.6338  0 23.2649  23.1199  23.0823  23.011  22.8013  22.6067  0.0567118  0.0168685  0.0129989  0.0209983  0.0331003  0.0823649  
218  23.2717  23.1134  23.0805  23  22.8575  22.6338  23.2747  23.1134  23.0805  23  22.8575  22.6338  0 23.3426  23.0766  23.0795  22.9873  22.9094  22.6601  0.0556951  0.0168685  0.0129989  0.0209983  0.0331003  0.0823649  
219  23.2717  23.1134  23.0805  23  22.8575  22.6338  23.2728  23.1134  23.0805  23  22.8575  22.6338  0 23.2282  23.0963  23.0979  23.0139  22.8574  22.5905  0.05561  0.0168685  0.0129989  0.0209983  0.0331003  0.0823649  
220  23.2717  23.1134  23.0805  23  22.8575  22.6338  23.2756  23.1134  23.0805  23  22.8575  22.6338  0 23.2268  23.107  23.0808  22.9751  22.8627  22.7904  0.0557336  0.0168685  0.0129989  0.0209983  0.0331003  0.0823649  
221  23.2717  23.1134  23.0805  23  22.8575  22.6338  23.2746  23.1134  23.0805  23  22.8575  22.6338  0 23.2904  23.0851  23.0888  22.9751  22.8885  22.664  0.0556875  0.0168685  0.0129989  0.0209983  0.0331002  0.0823649  
222  23.2717  23.1134  23.0805  23  22.8575  22.6338  23.2728  23.1134  23.0805  23  22.8575  22.6338  0 23.1939  23.1394  23.0999  23.0213  22.8402  22.7286  0.0556106  0.0168685  0.0129989  0.0209983  0.0331002  0.0823648  
223  23.2717  23.1134  23.0805  23  22.8575  22.6338  23.2728  23.1134  23.0805  23  22.8575  22.6338  0 23.2604  23.1023  23.0771  23.0056  22.8473  22.6369  0.0556081  0.0168685  0.0129989  0.0209983  0.0331002  0.0823649  
224  23.2717  23.1134  23.0805  23  22.8575  22.6338  23.2746  23.1134  23.0805  23  22.8575  22.6338  0 23.3185  23.1282  23.0947  22.9768  22.8767  22.7783  0.0556881  0.0168685  0.0129989  0.0209983  0.0331003  0.0823649  
225  23.2717  23.1134  23.0805  23  22.8575  22.6338  23.2722  23.1134  23.0805  23  22.8575  22.6338  0 23.2259  23.1205  23.0987  22.9643  22.8743  22.5349  0.0555814  0.0168685  0.0129989  0.0209983  0.0331003  0.0823649  
226  23.2717  23.1134  23.0805  23  22.8575  22.6338  23.2741  23.1134  23.0805  23  22.8575  22.6338  0 23.3017  23.0945  23.0516  22.9891  22.8678  22.6391  0.055668  0.0168685  0.0129989  0.0209983  0.0331003  0.0823649  
227  23.2717  23.1134  23.0805  23  22.8575  22.6338  23.2805  23.1134  23.0805  23  22.8575  22.6338  0 23.204  23.0936  23.087  22.9904  22.8693  22.6516  0.0559572  0.0168685  0.0129989  0.0209983  0.0331003  0.0823648  
228  23.2717  23.1134  23.0805  23  22.8575  22.6338  23.2737  23.1134  23.0805  23  22.8575  22.6338  0 23.2835  23.0781  23.0544  22.971  22.8608  22.5287  0.0556499  0.0168685  0.0129989  0.0209983  0.0331003  0.0823649  
229  23.2717  23.1134  23.0805  23  22.8575  22.6338  23.2734  23.1134  23.0805  23  22.8575  22.6338  0 23.2586  23.0919  23.0936  23.0171  22.8965  22.7054  0.0556362  0.0168685  0.0129989  0.0209983  0.0331003  0.0823649  
230  23.2717  23.1134  23.0805  23  22.8575  22.6338  23.2745  23.1134  23.0805  23  22.8575  22.6338  0 23.2995  23.0836  23.0778  23.0033  22.8356  22.768  0.0556831  0.0168685  0.0129989  0.0209983  0.0331002  0.0823649  
231  23.2717  23.1134  23.0805  23  22.8575  22.6338  23.2767  23.1134  23.0805  23  22.8575  22.6338  0 23.3122  23.1258  23.1001  22.9895  22.8938  22.8135  0.0557833  0.0168685  0.0129989  0.0209983  0.0331003  0.0823649  
232  23.2717  23.1134  23.0805  23  22.8575  22.6338  23.2735  23.1134  23.0805  23  22.8575  22.6338  0 23.308  23.1123  23.0689  23.0026  22.8924  22.8052  0.0556405  0.0168685  0.0129989  0.0209983  0.0331003  0.0823649  
233  23.2717  23.1134  23.0805  23  22.8575  22.6338  23.2782  23.1134  23.0805  23  22.8575  22.6338  0 23.205  23.1074  23.0843  23.0018  22.8621  22.772  0.0558521  0.0168685  0.0129989  0.0209983  0.0331003  0.0823648  
234  23.2717  23.1134  23.0805  23  22.8575  22.6338  23.2747  23.1134  23.0805  23  22.8575  22.6338  0 23.2503  23.1324  23.0875  22.9578  22.8865  22.643  0.0556944  0.0168685  0.0129989  0.0209983  0.0331002  0.0823648  
235  23.2717  23.1134  23.0805  23  22.8575  22.6338  23.2775  23.1134  23.0805  23  22.8575  22.6338  0 23.2713  23.097  23.0918  23.0029  22.8346  22.5652  0.0558216  0.0168685  0.0129989  0.0209983  0.0331003  0.0823649  
236  23.2717  23.1134  23.0805  23  22.8575  22.6338  23.2842  23.1134  23.0805  23  22.8575  22.6338  0 23.3281  23.1208  23.0956  22.9931  22.8631  22.6831  0.0561226  0.0168685  0.0129989  0.0209983  0.0331003  0.0823649  
237  23.2717  23.1134  23.0805  23  22.8575  22.6338  23.2934  23.1134  23.0805  23  22.8575  22.6338  0 23.3728  23.086  23.0832  22.995  22.8828  22.6029  0.0565397  0.0168685  0.0129989  0.0209983  0.0331003  0.0823649  
238  23.2717  23.1134  23.0805  23  22.8575  22.6338  23.2725  23.1134  23.0805  23  22.8575  22.6338  0 23.1718  23.1219  23.078  23.0022  22.8701  22.673  0.0555937  0.0168685  0.0129989  0.0209983  0.0331002  0.0823648  
239  23.2717  23.1134  23.0805  23  22.8575  22.6338  23.2733  23.1134  23.0805  23  22.8575  22.6338  0 23.3299  23.0851  23.0635  23.0056  22.8257  22.7012  0.0556302  0.0168685  0.0129989  0.0209983  0.0331003  0.0823649  
240  23.2717  23.1134  23.0805  23  22.8575  22.6338  23.2827  23.1134  23.0805  23  22.8575  22.6338  0 23.2081  23.1211  23.0688  22.996  22.8476  22.7494  0.0560569  0.0168685  0.0129989  0.0209983  0.0331003  0.0823649  
241  23.2717  23.1134  23.0805  23  22.8575  22.6338  23.2726  23.1134  23.0805  23  22.8575  22.6338  0 23.2972  23.1392  23.0785  23.007  22.797  22.6264  0.0556012  0.0168685  0.0129989  0.0209983  0.0331003  0.0823649  
242  23.2717  23.1134  23.0805  23  22.8575  22.6338  23.2737  23.1134  23.0805  23  22.8575  22.6338  0 23.2362  23.1302  23.0712  23.024  22.8106  22.6439  0.0556498  0.0168685  0.0129989  0.0209983  0.0331003  0.0823649  
243  23.2717  23.1134  23.0805  23  22.8575  22.6338  23.2838  23.1134  23.0805  23  22.8575  22.6338  0 23.339  23.091  23.1001  22.9805  22.8775  22.7123  0.0561034  0.0168685  0.0129989  0.0209983  0.0331003  0.0823649  
244  23.2717  23.1134  23.0805  23  22.8575  22.6338  23.2925  23.1134  23.0805  23  22.8575  22.6338  0 23.3719  23.1265  23.069  22.9978  22.8259  22.5546  0.0564994  0.0168685  0.0129989  0.0209983  0.0331003  0.0823648  
245  23.2717  23.1134  23.0805  23  22.8575  22.6338  23.2746  23.1134  23.0805  23  22.8575  22.6338  0 23.2677  23.1051  23.0689  22.9918  22.9221  22.5551  0.0556915  0.0168685  0.0129989  0.0209983  0.0331003  0.0823649  
246  23.2717  23.1134  23.0805  23  22.8575  22.6338  23.2747  23.1134  23.0805  23  22.8575  22.6338  0 23.2511  23.1414  23.0762  22.9878  22.8718  22.5204  0.0556952  0.0168685  0.0129989  0.0209983  0.0331002  0.0823649  
247  23.2717  23.1134  23.0805  23  22.8575  22.6338  23.275  23.1134  23.0805  23  22.8575  22.6338  0 23.2456  23.1276  23.0897  22.9758  22.9029  22.5603  0.0557058  0.0168685  0.0129989  0.0209983  0.0331003  0.0823649  
248  23.2717  23.1134  23.0805  23  22.8575  22.6338  23.2737  23.1134  23.0805  23  22.8575  22.6338  0 23.2368  23.1137  23.0882  22.9782  22.8443  22.6261  0.0556492  0.0168685  0.0129989  0.0209983  0.0331003  0.0823649  
249  23.2717  23.1134  23.0805  23  22.8575  22.6338  23.3016  23.1134  23.0805  23  22.8575  22.6338  0 23.2771  23.1282  23.0658  23.0071  22.8351  22.6654  0.0569172  0.0168685  0.0129989  0.0209983  0.0331003  0.0823648  
250  23.2717  23.1134  23.0805  23  22.8575  22.6338  23.272  23.1134  23.0805  23  22.8575  22.6338  0 23.2384  23.0699  23.0833  23.0193  22.86  22.7084  0.0555729  0.0168685  0.0129989  0.0209983  0.0331002  0.0823649  
251  23.2717  23.1134  23.0805  23  22.8575  22.6338  23.2777  23.1134  23.0805  23  22.8575  22.6338  0 23.2371  23.1246  23.0572  23.0111  22.8509  22.7261  0.05583  0.0168685  0.0129989  0.0209983  0.0331003  0.0823648  
252  23.2717  23.1134  23.0805  23  22.8575  22.6338  23.2745  23.1134  23.0805  23  22.8575  22.6338  0 23.2225  23.1713  23.0829  23.011  22.8354  22.539  0.0556846  0.0168685  0.0129989  0.0209983  0.0331002  0.0823649  
253  23.2717  23.1134  23.0805  23  22.8575  22.6338  23.2735  23.1134  23.0805  23  22.8575  22.6338  0 23.1104  23.1068  23.0754  22.9665  22.8745  22.7243  0.0556389  0.0168685  0.0129989  0.0209983  0.0331003  0.0823649  
254  23.2717  23.1134  23.0805  23  22.8575  22.6338  23.2745  23.1134  23.0805  23  22.8575  22.6338  0 23.2611  23.0828  23.0673  23.0258  22.869  22.4818  0.0556837  0.0168685  0.0129989  0.0209983  0.0331003  0.0823649  
255  23.2717  23.1134  23.0805  23  22.8575  22.6338  23.2728  23.1134  23.0805  23  22.8575  22.6338  0 23.2336  23.0831  23.0753  22.9887  22.8569  22.565  0.0556074  0.0168685  0.0129989  0.0209983  0.0331003  0.0823649  
256  23.2717  23.1134  23.0805  23  22.8575  22.6338  23.2744  23.1134  23.0805  23  22.8575  22.6338  0 23.2541  23.1175  23.0603  23.001  22.8422  22.5723  0.0556818  0.0168685  0.0129989  0.0209983  0.0331003  0.0823649  
257  23.2717  23.1134  23.0805  23  22.8575  22.6338  23.2746  23.1134  23.0805  23  22.8575  22.6338  0 23.2828  23.1419  23.0791  23.0032  22.8491  22.539  0.0556915  0.0168685  0.0129989  0.0209983  0.0331003  0.0823649  
258  23.2717  23.1134  23.0805  23  22.8575  22.6338  23.2912  23.1134  23.0805  23  22.8575  22.6338  0 23.2153  23.1288  23.1019  22.9744  22.8372  22.597  0.0564406  0.0168685  0.0129989  0.0209983  0.0331003  0.0823649  
259  23.2717  23.1134  23.0805  23  22.8575  22.6338  23.2724  23.1134  23.0805  23  22.8575  22.6338  0 23.234  23.1045  23.0782  23.007  22.829  22.6746  0.055592  0.0168685  0.0129989  0.0209983  0.0331003  0.0823649  
260  23.2717  23.1134  23.0805  23  22.8575  22.6338  23.2753  23.1134  23.0805  23  22.8575  22.6338  0 23.2283  23.1085  23.081  22.9991  22.9107  22.614  0.0557216  0.0168685  0.0129989  0.0209983  0.0331003  0.0823649  
261  23.2717  23.1134  23.0805  23  22.8575  22.6338  23.2778  23.1134  23.0805  23  22.8575  22.6338  0 23.2855  23.0948  23.0762  23.0021  22.8446  22.6708  0.0558324  0.0168685  0.0129989  0.0209983  0.0331003  0.0823649  
262  23.2717  23.1134  23.0805  23  22.8575  22.6338  23.2726  23.1134  23.0805  23  22.8575  22.6338  0 23.3108  23.1182  23.0851  23.0295  22.8229  22.5722  0.0556002  0.0168685  0.0129989  0.0209983  0.0331003  0.0823649  
263  23.2717  23.1134  23.0805  23  22.8575  22.6338  23.2755  23.1134  23.0805  23  22.8575  22.6338  0 23.4407  23.0783  23.0929  23.006  22.8248  22.7185  0.0557307  0.0168685  0.0129989  0.0209983  0.0331003  0.0823649  
264  23.2717  23.1134  23.0805  23  22.8575  22.6338  23.2723  23.1134  23.0805  23  22.8575  22.6338  0 23.2971  23.1291  23.0892  22.9943  22.853  22.5763  0.0555878  0.0168685  0.0129989  0.0209983  0.0331002  0.0823649  
265  23.2717  23.1134  23.0805  23  22.8575  22.6338  23.2765  23.1134  23.0805  23  22.8575  22.6338  0 23.2421  23.1095  23.0758  23.0205  22.8613  22.5867  0.0557764  0.0168685  0.0129989  0.0209983  0.0331003  0.0823649  
266  23.2717  23.1134  23.0805  23  22.8575  22.6338  23.2776  23.1134  23.0805  23  22.8575  22.6338  0 23.2265  23.1264  23.065  22.9913  22.8137  22.552  0.055826  0.0168685  0.0129989  0.0209983  0.0331003  0.0823648  
267  23.2717  23.1134  23.0805  23  22.8575  22.6338  23.2853  23.1134  23.0805  23  22.8575  22.6338  0 23.2858  23.1321  23.0997  22.9944  22.8813  22.5862  0.0561727  0.0168685  0.0129989  0.0209983  0.0331003  0.0823649  
268  23.2717  23.1134  23.0805  23  22.8575  22.6338  23.278  23.1134  23.0805  23  22.8575  22.6338  0 23.2821  23.0999  23.1073  23.0194  22.8614  22.6911  0.0558414  0.0168685  0.0129989  0.0209983  0.0331003  0.0823648  
269  23.2717  23.1134  23.0805  23  22.8575  22.6338  23.2742  23.1134  23.0805  23  22.8575  22.6338  0 23.223  23.1139  23.0741  22.9925  22.8381  22.6552  0.0556712  0.0168685  0.0129989  0.0209983  0.0331003  0.0823649  
270  23.2717  23.1134  23.0805  23  22.8575  22.6338  23.2725  23.1134  23.0805  23  22.8575  22.6338  0 23.3731  23.1023  23.0713  23.0397  22.8438  22.6922  0.0555958  0.0168685  0.0129989  0.0209983  0.0331002  0.0823648  
271  23.2717  23.1134  23.0805  23  22.8575  22.6338  23.2772  23.1134  23.0805  23  22.8575  22.6338  0 23.2159  23.1142  23.0965  23.0287  22.8384  22.4885  0.0558046  0.0168685  0.0129989  0.0209983  0.0331003  0.0823649  
272  23.2717  23.1134  23.0805  23  22.8575  22.6338  23.2945  23.1134  23.0805  23  22.8575  22.6338  0 23.3691  23.0977  23.0647  23.0147  22.9074  22.6519  0.056594  0.0168685  0.0129989  0.0209983  0.0331003  0.0823649  
273  23.2717  23.1134  23.0805  23  22.8575  22.6338  23.2728  23.1134  23.0805  23  22.8575  22.6338  0 23.3456  23.0928  23.0873  23.04  22.8741  22.4948  0.0556093  0.0168685  0.0129989  0.0209983  0.0331002  0.0823649  
274  23.2717  23.1134  23.0805  23  22.8575  22.6338  23.2753  23.1134  23.0805  23  22.8575  22.6338  0 23.3055  23.1162  23.102  23.0228  22.8291  22.5539  0.0557202  0.0168685  0.0129989  0.0209983  0.0331003  0.0823649  
275  23.2717  23.1134  23.0805  23  22.8575  22.6338  23.273  23.1134  23.0805  23  22.8575  22.6338  0 23.2129  23.1192  23.1047  23.0019  22.872  22.6721  0.0556188  0.0168685  0.0129989  0.0209983  0.0331003  0.0823649  
276  23.2717  23.1134  23.0805  23  22.8575  22.6338  23.2727  23.1134  23.0805  23  22.8575  22.6338  0 23.3367  23.129  23.073  22.9744  22.8294  22.5889  0.0556027  0.0168685  0.0129989  0.0209983  0.0331003  0.0823649  
277  23.2717  23.1134  23.0805  23  22.8575  22.6338  23.2729  23.1134  23.0805  23  22.8575  22.6338  0 23.4441  23.1065  23.068  22.9828  22.8423  22.7253  0.0556151  0.0168685  0.0129989  0.0209983  0.0331002  0.0823649  
278  23.2717  23.1134  23.0805  23  22.8575  22.6338  23.272  23.1134  23.0805  23  22.8575  22.6338  0 23.198  23.1105  23.0646  23.0129  22.8626  22.6596  0.0555706  0.0168685  0.0129989  0.0209983  0.0331002  0.0823649  
279  23.2717  23.1134  23.0805  23  22.8575  22.6338  23.2733  23.1134  23.0805  23  22.8575  22.6338  0 23.3492  23.0974  23.0775  23.0209  22.8669  22.7371  0.0556331  0.0168685  0.0129989  0.0209983  0.0331003  0.0823648  
280  23.2717  23.1134  23.0805  23  22.8575  22.6338  23.2742  23.1134  23.0805  23  22.8575  22.6338  0 23.2066  23.1168  23.069  22.9702  22.8564  22.5946  0.0556726  0.0168685  0.0129989  0.0209983  0.0331003  0.0823649  
281  23.2717  23.1134  23.0805  23  22.8575  22.6338  23.2733  23.1134  23.0805  23  22.8575  22.6338  0 23.3031  23.1134  23.1053  22.9821  22.8721  22.6177  0.0556297  0.0168685  0.0129989  0.0209983  0.0331003  0.0823649  
282  23.2717  23.1134  23.0805  23  22.8575  22.6338  23.2726  23.1134  23.0805  23  22.8575  22.6338  0 23.2955  23.1237  23.0936  23.0246  22.9093  22.7575  0.0555993  0.0168685  0.0129989  0.0209983  0.0331003  0.0823649  
283  23.2717  23.1134  23.0805  23  22.8575  22.6338  23.276  23.1134  23.0805  23  22.8575  22.6338  0 23.3285  23.1077  23.0732  22.9821  22.8322  22.5774  0.0557517  0.0168685  0.0129989  0.0209983  0.0331003  0.0823648  
284  23.2717  23.1134  23.0805  23  22.8575  22.6338  23.2738  23.1134  23.0805  23  22.8575  22.6338  0 23.2521  23.126  23.0783  23.0154  22.8515  22.5754  0.0556556  0.0168685  0.0129989  0.0209983  0.0331002  0.0823648  
285  23.2717  23.1134  23.0805  23  22.8575  22.6338  23.2797  23.1134  23.0805  23  22.8575  22.6338  0 23.1879  23.0992  23.0799  23.0346  22.8531  22.66  0.0559174  0.0168685  0.0129989  0.0209983  0.0331003  0.0823648  
286  23.2717  23.1134  23.0805  23  22.8575  22.6338  23.2981  23.1134  23.0805  23  22.8575  22.6338  0 23.3426  23.1199  23.0922  22.9801  22.8324  22.5565  0.0567568  0.0168685  0.0129989  0.0209983  0.0331003  0.0823648  
287  23.2717  23.1134  23.0805  23  22.8575  22.6338  23.2769  23.1134  23.0805  23  22.8575  22.6338  0 23.2293  23.1138  23.1008  23.0334  22.8834  22.5447  0.0557928  0.0168685  0.0129989  0.0209983  0.0331003  0.0823649  
288  23.2717  23.1134  23.0805  23  22.8575  22.6338  23.2733  23.1134  23.0805  23  22.8575  22.6338  0 23.2721  23.1169  23.0886  23.022  22.8589  22.7773  0.055632  0.0168685  0.0129989  0.0209983  0.0331003  0.0823649  
289  23.2717  23.1134  23.0805  23  22.8575  22.6338  23.2766  23.1134  23.0805  23  22.8575  22.6338  0 23.299  23.1515  23.0879  22.9669  22.842  22.5191  0.0557788  0.0168685  0.0129989  0.0209983  0.0331003  0.0823649  
290  23.2717  23.1134  23.0805  23  22.8575  22.6338  23.2723  23.1134  23.0805  23  22.8575  22.6338  0 23.2512  23.0832  23.0843  22.9982  22.8376  22.67  0.0555869  0.0168685  0.0129989  0.0209983  0.0331002  0.0823648  
291  23.2717  23.1134  23.0805  23  22.8575  22.6338  23.2764  23.1134  23.0805  23  22.8575  22.6338  0 23.3374  23.1186  23.1027  22.9842  22.8721  22.8239  0.055771  0.0168685  0.0129989  0.0209983  0.0331003  0.0823648  
292  23.2717  23.1134  23.0805  23  22.8575  22.6338  23.2878  23.1134  23.0805  23  22.8575  22.6338  0 23.2395  23.0827  23.0871  22.9791  22.861  22.6148  0.0562881  0.0168685  0.0129989  0.0209983  0.0331003  0.0823649  
293  23.2717  23.1134  23.0805  23  22.8575  22.6338  23.2847  23.1134  23.0805  23  22.8575  22.6338  0 23.2301  23.1199  23.0796  22.9875  22.8597  22.6559  0.0561452  0.0168685  0.0129989  0.0209983  0.0331003  0.0823649  
294  23.2717  23.1134  23.0805  23  22.8575  22.6338  23.2741  23.1134  23.0805  23  22.8575  22.6338  0 23.2645  23.1132  23.0705  22.9938  22.8536  22.7311  0.0556676  0.0168685  0.0129989  0.0209983  0.0331003  0.0823649  
295  23.2717  23.1134  23.0805  23  22.8575  22.6338  23.2871  23.1134  23.0805  23  22.8575  22.6338  0 23.4135  23.1238  23.0764  22.9999  22.8452  22.7029  0.0562552  0.0168685  0.0129989  0.0209983  0.0331003  0.0823649  
296  23.2717  23.1134  23.0805  23  22.8575  22.6338  23.2729  23.1134  23.0805  23  22.8575  22.6338  0 23.2321  23.1205  23.0863  23.0002  22.905  22.6158  0.0556123  0.0168685  0.0129989  0.0209983  0.0331003  0.0823649  
297  23.2717  23.1134  23.0805  23  22.8575  22.6338  23.2726  23.1134  23.0805  23  22.8575  22.6338  0 23.2645  23.1025  23.096  23.0026  22.8088  22.5264  0.0556017  0.0168685  0.0129989  0.0209983  0.0331003  0.0823649  
298  23.2717  23.1134  23.0805  23  22.8575  22.6338  23.2763  23.1134  23.0805  23  22.8575  22.6338  0 23.3417  23.0973  23.0777  23.0117  22.8746  22.6694  0.0557646  0.0168685  0.0129989  0.0209983  0.0331003  0.0823649  
299  23.2717  23.1134  23.0805  23  22.8575  22.6338  23.2742  23.1134  23.0805  23  22.8575  22.6338  0 23.2514  23.1025  23.0862  23.0058  22.8124  22.7126  0.0556719  0.0168685  0.0129989  0.0209983  0.0331002  0.0823649  
300  23.2717  23.1134  23.0805  23  22.8575  22.6338  23.2763  23.1134  23.0805  23  22.8575  22.6338  0 23.1795  23.0961  23.0994  23.0033  22.8357  22.7863  0.0557678  0.0168685  0.0129989  0.0209983  0.0331003  0.0823648  
301  23.2717  23.1134  23.0805  23  22.8575  22.6338  23.2735  23.1134  23.0805  23  22.8575  22.6338  0 23.2434  23.0884  23.0733  23.0248  22.7943  22.6366  0.0556413  0.0168685  0.0129989  0.0209983  0.0331002  0.0823648  
302  23.2717  23.1134  23.0805  23  22.8575  22.6338  23.2736  23.1134  23.0805  23  22.8575  22.6338  0 23.3092  23.1462  23.1015  23.0417  22.862  22.5575  0.0556462  0.0168685  0.0129989  0.0209983  0.0331002  0.0823649  
303  23.2717  23.1134  23.0805  23  22.8575  22.6338  23.2744  23.1134  23.0805  23  22.8575  22.6338  0 23.3182  23.124  23.0644  23.0148  22.8502  22.7288  0.0556804  0.0168685  0.0129989  0.0209983  0.0331003  0.0823648  
304  23.2717  23.1134  23.0805  23  22.8575  22.6338  23.3066  23.1134  23.0805  23  22.8575  22.6338  0 23.2839  23.0921  23.0688  23.0614  22.8617  22.5633  0.057149  0.0168685  0.0129989  0.0209983  0.0331003  0.0823648  
305  23.2717  23.1134  23.0805  23  22.8575  22.6338  23.2726  23.1134  23.0805  23  22.8575  22.6338  0 23.3269  23.0971  23.0806  22.9998  22.9133  22.576  0.0555984  0.0168685  0.0129989  0.0209983  0.0331003  0.0823649  
306  23.2717  23.1134  23.0805  23  22.8575  22.6338  23.2805  23.1134  23.0805  23  22.8575  22.6338  0 23.2877  23.1123  23.0844  22.999  22.9408  22.5515  0.0559559  0.0168685  0.0129989  0.0209983  0.0331003  0.0823648  
307  23.2717  23.1134  23.0805  23  22.8575  22.6338  23.2767  23.1134  23.0805  23  22.8575  22.6338  0 23.2736  23.1109  23.0699  22.9937  22.8227  22.5793  0.055786  0.0168685  0.0129989  0.0209983  0.0331003  0.0823649  
308  23.2717  23.1134  23.0805  23  22.8575  22.6338  23.2821  23.1134  23.0805  23  22.8575  22.6338  0 23.2497  23.1247  23.0717  22.9988  22.9061  22.5768  0.056027  0.0168685  0.0129989  0.0209983  0.0331003  0.0823649  
309  23.2717  23.1134  23.0805  23  22.8575  22.6338  23.2892  23.1134  23.0805  23  22.8575  22.6338  0 23.3561  23.0997  23.0812  23.0112  22.8528  22.5581  0.0563504  0.0168685  0.0129989  0.0209983  0.0331003  0.0823648  
310  23.2717  23.1134  23.0805  23  22.8575  22.6338  23.2845  23.1134  23.0805  23  22.8575  22.6338  0 23.3257  23.102  23.0672  22.9915  22.8558  22.5569  0.0561362  0.0168685  0.0129989  0.0209983  0.0331003  0.0823649  
311  23.2717  23.1134  23.0805  23  22.8575  22.6338  23.2774  23.1134  23.0805  23  22.8575  22.6338  0 23.1906  23.0977  23.0777  22.977  22.8348  22.6957  0.0558137  0.0168685  0.0129989  0.0209983  0.0331002  0.0823648  
312  23.2717  23.1134  23.0805  23  22.8575  22.6338  23.2758  23.1134  23.0805  23  22.8575  22.6338  0 23.3435  23.1468  23.0846  23.0082  22.8416  22.5632  0.0557413  0.0168685  0.0129989  0.0209983  0.0331003  0.0823648  
313  23.2717  23.1134  23.0805  23  22.8575  22.6338  23.2908  23.1134  23.0805  23  22.8575  22.6338  0 23.3513  23.1374  23.0732  22.9888  22.8481  22.5656  0.0564217  0.0168685  0.0129989  0.0209983  0.0331003  0.0823648  
314  23.2717  23.1134  23.0805  23  22.8575  22.6338  23.2782  23.1134  23.0805  23  22.8575  22.6338  0 23.2891  23.081  23.0596  23.0005  22.958  22.6016  0.0558511  0.0168685  0.0129989  0.0209983  0.0331003  0.0823648  
315  23.2717  23.1134  23.0805  23  22.8575  22.6338  23.2727  23.1134  23.0805  23  22.8575  22.6338  0 23.2732  23.1407  23.1036  22.9762  22.8075  22.7145  0.0556031  0.0168685  0.0129989  0.0209983  0.0331003  0.0823649  
316  23.2717  23.1134  23.0805  23  22.8575  22.6338  23.2734  23.1134  23.0805  23  22.8575  22.6338  0 23.3275  23.1217  23.079  22.9967  22.7847  22.7791  0.0556344  0.0168685  0.0129989  0.0209983  0.0331003  0.0823649  
317  23.2717  23.1134  23.0805  23  22.8575  22.6338  23.2724  23.1134  23.0805  23  22.8575  22.6338  0 23.2998  23.0977  23.1075  23.0174  22.8297  22.7532  0.0555929  0.0168685  0.0129989  0.0209983  0.0331002  0.0823649  
318  23.2717  23.1134  23.0805  23  22.8575  22.6338  23.2799  23.1134  23.0805  23  22.8575  22.6338  0 23.4355  23.1169  23.1105  23.006  22.8546  22.5576  0.0559277  0.0168685  0.0129989  0.0209983  0.0331003  0.0823649  
319  23.2717  23.1134  23.0805  23  22.8575  22.6338  23.2743  23.1134  23.0805  23  22.8575  22.6338  0 23.2958  23.1346  23.072  23.0028  22.8271  22.7465  0.0556782  0.0168685  0.0129989  0.0209983  0.0331002  0.0823648  
320  23.2717  23.1134  23.0805  23  22.8575  22.6338  23.2751  23.1134  23.0805  23  22.8575  22.6338  0 23.3652  23.1273  23.1044  22.9716  22.8072  22.6211  0.0557119  0.0168685  0.0129989  0.0209983  0.0331003  0.0823648  
321  23.2717  23.1134  23.0805  23  22.8575  22.6338  23.2777  23.1134  23.0805  23  22.8575  22.6338  0 23.2974  23.1166  23.089  23.0093  22.879  22.6006  0.0558309  0.0168685  0.0129989  0.0209983  0.0331003  0.0823648  
322  23.2717  23.1134  23.0805  23  22.8575  22.6338  23.2749  23.1134  23.0805  23  22.8575  22.6338  0 23.3176  23.0895  23.0673  22.986  22.8783  22.5408  0.0557032  0.0168685  0.0129989  0.0209983  0.0331003  0.0823649  
323  23.2717  23.1134  23.0805  23  22.8575  22.6338  23.3232  23.1134  23.0805  23  22.8575  22.6338  0 23.3011  23.1287  23.0597  22.9926  22.8476  22.8618  0.0579217  0.0168685  0.0129989  0.0209983  0.0331003  0.0823649  
324  23.2717  23.1134  23.0805  23  22.8575  22.6338  23.2782  23.1134  23.0805  23  22.8575  22.6338  0 23.2226  23.1004  23.0525  22.9724  22.8356  22.4922  0.0558508  0.0168685  0.0129989  0.0209983  0.0331003  0.0823649  
325  23.2717  23.1134  23.0805  23  22.8575  22.6338  23.2757  23.1134  23.0805  23  22.8575  22.6338  0 23.3325  23.1019  23.0772  23.0022  22.8662  22.6258  0.055737  0.0168685  0.0129989  0.0209983  0.0331003  0.0823649  
326  23.2717  23.1134  23.0805  23  22.8575  22.6338  23.2723  23.1134  23.0805  23  22.8575  22.6338  0 23.3188  23.1325  23.0977  22.995  22.8483  22.6413  0.0555852  0.0168685  0.0129989  0.0209983  0.0331003  0.0823649  
327  23.2717  23.1134  23.0805  23  22.8575  22.6338  23.2793  23.1134  23.0805  23  22.8575  22.6338  0 23.2681  23.0898  23.093  23.032  22.8724  22.6543  0.0559002  0.0168685  0.0129989  0.0209983  0.0331003  0.0823648  
328  23.2717  23.1134  23.0805  23  22.8575  22.6338  23.2805  23.1134  23.0805  23  22.8575  22.6338  0 23.2974  23.1168  23.0832  23.0019  22.9272  22.6636  0.0559544  0.0168685  0.0129989  0.0209983  0.0331002  0.0823648  
329  23.2717  23.1134  23.0805  23  22.8575  22.6338  23.2987  23.1134  23.0805  23  22.8575  22.6338  0 23.2068  23.0861  23.0817  23.0013  22.8639  22.7776  0.0567841  0.0168685  0.0129989  0.0209983  0.0331003  0.0823649  
330  23.2717  23.1134  23.0805  23  22.8575  22.6338  23.2756  23.1134  23.0805  23  22.8575  22.6338  0 23.2654  23.1063  23.0547  22.977  22.8859  22.6372  0.0557348  0.0168685  0.0129989  0.0209983  0.0331003  0.0823648  
331  23.2717  23.1134  23.0805  23  22.8575  22.6338  23.2853  23.1134  23.0805  23  22.8575  22.6338  0 23.3474  23.1304  23.0805  22.9927  22.8685  22.5859  0.0561718  0.0168685  0.0129989  0.0209983  0.0331003  0.0823648  
332  23.2717  23.1134  23.0805  23  22.8575  22.6338  23.2737  23.1134  23.0805  23  22.8575  22.6338  0 23.319  23.118  23.077  22.9807  22.9108  22.7549  0.0556472  0.0168685  0.0129989  0.0209983  0.0331002  0.0823649  
333  23.2717  23.1134  23.0805  23  22.8575  22.6338  23.2769  23.1134  23.0805  23  22.8575  22.6338  0 23.2503  23.1034  23.0805  23.0176  22.8296  22.6211  0.055793  0.0168685  0.0129989  0.0209983  0.0331003  0.0823649  
334  23.2717  23.1134  23.0805  23  22.8575  22.6338  23.2725  23.1134  23.0805  23  22.8575  22.6338  0 23.2072  23.1023  23.0657  22.9839  22.8312  22.5777  0.055596  0.0168685  0.0129989  0.0209983  0.0331003  0.0823649  
335  23.2717  23.1134  23.0805  23  22.8575  22.6338  23.2721  23.1134  23.0805  23  22.8575  22.6338  0 23.2453  23.1122  23.0847  22.985  22.9193  22.647  0.0555784  0.0168685  0.0129989  0.0209983  0.0331002  0.0823649  
336  23.2717  23.1134  23.0805  23  22.8575  22.6338  23.2721  23.1134  23.0805  23  22.8575  22.6338  0 23.3557  23.0997  23.0985  23.0148  22.8646  22.5877  0.0555792  0.0168685  0.0129989  0.0209983  0.0331002  0.0823648  
337  23.2717  23.1134  23.0805  23  22.8575  22.6338  23.2759  23.1134  23.0805  23  22.8575  22.6338  0 23.3454  23.1066  23.0836  23.0063  22.8316  22.6377  0.0557494  0.0168685  0.0129989  0.0209983  0.0331002  0.0823648  
338  23.2717  23.1134  23.0805  23  22.8575  22.6338  23.2828  23.1134  23.0805  23  22.8575  22.6338  0 23.3391  23.1062  23.0621  22.9885  22.8738  22.5446  0.0560603  0.0168685  0.0129989  0.0209983  0.0331003  0.0823649  
339  23.2717  23.1134  23.0805  23  22.8575  22.6338  23.285  23.1134  23.0805  23  22.8575  22.6338  0 23.249  23.1339  23.0555  23.001  22.8711  22.817  0.0561614  0.0168685  0.0129989  0.0209983  0.0331003  0.0823648  
340  23.2717  23.1134  23.0805  23  22.8575  22.6338  23.2729  23.1134  23.0805  23  22.8575  22.6338  0 23.2545  23.1097  23.1098  22.9984  22.856  22.6276  0.0556153  0.0168685  0.0129989  0.0209983  0.0331003  0.0823649  
341  23.2717  23.1134  23.0805  23  22.8575  22.6338  23.2776  23.1134  23.0805  23  22.8575  22.6338  0 23.2622  23.1283  23.0565  23.0219  22.8536  22.6676  0.0558228  0.0168685  0.0129989  0.0209983  0.0331003  0.0823648  
342  23.2717  23.1134  23.0805  23  22.8575  22.6338  23.2845  23.1134  23.0805  23  22.8575  22.6338  0 23.3206  23.1302  23.0578  23.0373  22.9242  22.6174  0.0561359  0.0168685  0.0129989  0.0209983  0.0331003  0.0823649  
343  23.2717  23.1134  23.0805  23  22.8575  22.6338  23.2835  23.1134  23.0805  23  22.8575  22.6338  0 23.2854  23.1474  23.0704  23.003  22.8324  22.705  0.0560894  0.0168685  0.0129989  0.0209983  0.0331003  0.0823648  
344  23.2717  23.1134  23.0805  23  22.8575  22.6338  23.2732  23.1134  23.0805  23  22.8575  22.6338  0 23.3083  23.1103  23.1054  23.0048  22.8991  22.607  0.0556255  0.0168685  0.0129989  0.0209983  0.0331003  0.0823649  
345  23.2717  23.1134  23.0805  23  22.8575  22.6338  23.2728  23.1134  23.0805  23  22.8575  22.6338  0 23.2792  23.1181  23.0783  23.0477  22.835  22.5084  0.0556068  0.0168685  0.0129989  0.0209983  0.0331002  0.0823648  
346  23.2717  23.1134  23.0805  23  22.8575  22.6338  23.2881  23.1134  23.0805  23  22.8575  22.6338  0 23.3451  23.115  23.0928  22.986  22.8817  22.6086  0.0562983  0.0168685  0.0129989  0.0209983  0.0331003  0.0823648  
347  23.2717  23.1134  23.0805  23  22.8575  22.6338  23.2845  23.1134  23.0805  23  22.8575  22.6338  0 23.3192  23.1182  23.0811  22.9989  22.8446  22.681  0.0561383  0.0168685  0.0129989  0.0209983  0.0331003  0.0823648  
348  23.2717  23.1134  23.0805  23  22.8575  22.6338  23.2721  23.1134  23.0805  23  22.8575  22.6338  0 23.3711  23.0982  23.0922  22.9938  22.8318  22.5319  0.0555754  0.0168685  0.0129989  0.0209983  0.0331003  0.0823649  
349  23.2717  23.1134  23.0805  23  22.8575  22.6338  23.2733  23.1134  23.0805  23  22.8575  22.6338  0 23.3109  23.124  23.0924  23.0116  22.8621  22.6215  0.0556317  0.0168685  0.0129989  0.0209983  0.0331003  0.0823649  
350  23.2717  23.1134  23.0805  23  22.8575  22.6338  23.2743  23.1134  23.0805  23  22.8575  22.6338  0 23.2768  23.1021  23.0505  22.9969  22.8426  22.5448  0.0556759  0.0168685  0.0129989  0.0209983  0.0331003  0.0823649  
351  23.2717  23.1134  23.0805  23  22.8575  22.6338  23.273  23.1134  23.0805  23  22.8575  22.6338  0 23.3329  23.1174  23.0801  22.9888  22.8535  22.4605  0.055617  0.0168685  0.0129989  0.0209983  0.0331002  0.0823648  
352  23.2717  23.1134  23.0805  23  22.8575  22.6338  23.2846  23.1134  23.0805  23  22.8575  22.6338  0 23.2131  23.107  23.0726  23.0162  22.7919  22.5372  0.0561412  0.0168685  0.0129989  0.0209983  0.0331003  0.0823648  
353  23.2717  23.1134  23.0805  23  22.8575  22.6338  23.2795  23.1134  23.0805  23  22.8575  22.6338  0 23.2665  23.1067  23.0909  22.9858  22.8392  22.7005  0.055909  0.0168685  0.0129989  0.0209983  0.0331003  0.0823648  
354  23.2717  23.1134  23.0805  23  22.8575  22.6338  23.2771  23.1134  23.0805  23  22.8575  22.6338  0 23.2419  23.0985  23.0452  23.0229  22.8665  22.5524  0.0558001  0.0168685  0.0129989  0.0209983  0.0331003  0.0823649  
355  23.2717  23.1134  23.0805  23  22.8575  22.6338  23.3009  23.1134  23.0805  23  22.8575  22.6338  0 23.2793  23.1307  23.0972  23.007  22.7598  22.6471  0.0568864  0.0168685  0.0129989  0.0209983  0.0331003  0.0823648  
356  23.2717  23.1134  23.0805  23  22.8575  22.6338  23.2753  23.1134  23.0805  23  22.8575  22.6338  0 23.218  23.1458  23.0919  22.9806  22.9427  22.801  0.055723  0.0168685  0.0129989  0.0209983  0.0331003  0.0823649  
357  23.2717  23.1134  23.0805  23  22.8575  22.6338  23.2727  23.1134  23.0805  23  22.8575  22.6338  0 23.2493  23.136  23.0893  23.0042  22.9151  22.6865  0.055605  0.0168685  0.0129989  0.0209983  0.0331003  0.0823649  
358  23.2717  23.1134  23.0805  23  22.8575  22.6338  23.2777  23.1134  23.0805  23  22.8575  22.6338  0 23.2495  23.0951  23.0775  23.0732  22.8432  22.6057  0.0558296  0.0168685  0.0129989  0.0209983  0.0331002  0.0823648  
359  23.2717  23.1134  23.0805  23  22.8575  22.6338  23.2847  23.1134  23.0805  23  22.8575  22.6338  0 23.2226  23.1165  23.0922  22.996  22.8001  22.7373  0.0561472  0.0168685  0.0129989  0.0209983  0.0331003  0.0823648  
360  23.2717  23.1134  23.0805  23  22.8575  22.6338  23.2737  23.1134  23.0805  23  22.8575  22.6338  0 23.2227  23.1296  23.0827  22.9943  22.8335  22.6586  0.0556511  0.0168685  0.0129989  0.0209983  0.0331002  0.0823649  
361  23.2717  23.1134  23.0805  23  22.8575  22.6338  23.2772  23.1134  23.0805  23  22.8575  22.6338  0 23.3362  23.0791  23.1111  23.0124  22.8551  22.621  0.055808  0.0168685  0.0129989  0.0209983  0.0331003  0.0823649  
362  23.2717  23.1134  23.0805  23  22.8575  22.6338  23.296  23.1134  23.0805  23  22.8575  22.6338  0 23.2437  23.0932  23.0781  23.0113  22.8407  22.6735  0.0566622  0.0168685  0.0129989  0.0209983  0.0331003  0.0823648  
363  23.2717  23.1134  23.0805  23  22.8575  22.6338  23.2777  23.1134  23.0805  23  22.8575  22.6338  0 23.3477  23.0792  23.0676  23.0443  22.831  22.6672  0.055827  0.0168685  0.0129989  0.0209983  0.0331003  0.0823649  
364  23.2717  23.1134  23.0805  23  22.8575  22.6338  23.2752  23.1134  23.0805  23  22.8575  22.6338  0 23.2644  23.1068  23.0815  22.9666  22.821  22.6392  0.0557152  0.0168685  0.0129989  0.0209983  0.0331003  0.0823648  
365  23.2717  23.1134  23.0805  23  22.8575  22.6338  23.275  23.1134  23.0805  23  22.8575  22.6338  0 23.2267  23.1184  23.091  22.9832  22.8977  22.7022  0.0557079  0.0168685  0.0129989  0.0209983  0.0331003  0.0823649  
366  23.2717  23.1134  23.0805  23  22.8575  22.6338  23.2732  23.1134  23.0805  23  22.8575  22.6338  0 23.3276  23.1381  23.0597  22.975  22.8795  22.5072  0.0556264  0.0168685  0.0129989  0.0209983  0.0331003  0.0823648  
367  23.2717  23.1134  23.0805  23  22.8575  22.6338  23.2745  23.1134  23.0805  23  22.8575  22.6338  0 23.2823  23.1401  23.0661  23.0131  22.8996  22.5984  0.0556854  0.0168685  0.0129989  0.0209983  0.0331003  0.0823649  
368  23.2717  23.1134  23.0805  23  22.8575  22.6338  23.281  23.1134  23.0805  23  22.8575  22.6338  0 23.2988  23.0934  23.0863  22.9586  22.8834  22.6085  0.0559771  0.0168685  0.0129989  0.0209983  0.0331003  0.0823649  
369  23.2717  23.1134  23.0805  23  22.8575  22.6338  23.2746  23.1134  23.0805  23  22.8575  22.6338  0 23.3042  23.1152  23.0792  23.0035  22.8294  22.5671  0.0556879  0.0168685  0.0129989  0.0209983  0.0331003  0.0823649  
370  23.2717  23.1134  23.0805  23  22.8575  22.6338  23.2732  23.1134  23.0805  23  22.8575  22.6338  0 23.2558  23.1092  23.0721  23.0036  22.9281  22.6056  0.0556264  0.0168685  0.0129989  0.0209983  0.0331003  0.0823649  
371  23.2717  23.1134  23.0805  23  22.8575  22.6338  23.2735  23.1134  23.0805  23  22.8575  22.6338  0 23.2783  23.1181  23.0674  23.0016  22.8085  22.7289  0.0556379  0.0168685  0.0129989  0.0209983  0.0331002  0.0823648  
372  23.2717  23.1134  23.0805  23  22.8575  22.6338  23.2733  23.1134  23.0805  23  22.8575  22.6338  0 23.2611  23.0888  23.0901  22.9946  22.8801  22.6559  0.0556325  0.0168685  0.0129989  0.0209983  0.0331002  0.0823648  
373  23.2717  23.1134  23.0805  23  22.8575  22.6338  23.2867  23.1134  23.0805  23  22.8575  22.6338  0 23.1918  23.0907  23.0533  22.9582  22.9041  22.6589  0.0562371  0.0168685  0.0129989  0.0209983  0.0331003  0.0823648  
374  23.2717  23.1134  23.0805  23  22.8575  22.6338  23.2749  23.1134  23.0805  23  22.8575  22.6338  0 23.3388  23.1274  23.0588  22.9814  22.845  22.6206  0.055705  0.0168685  0.0129989  0.0209983  0.0331003  0.0823649  
375  23.2717  23.1134  23.0805  23  22.8575  22.6338  23.2976  23.1134  23.0805  23  22.8575  22.6338  0 23.2946  23.1053  23.0908  23.0036  22.844  22.624  0.0567359  0.0168685  0.0129989  0.0209983  0.0331003  0.0823649  
376  23.2717  23.1134  23.0805  23  22.8575  22.6338  23.2822  23.1134  23.0805  23  22.8575  22.6338  0 23.293  23.0931  23.0999  23.0073  22.8683  22.5308  0.0560309  0.0168685  0.0129989  0.0209983  0.0331003  0.0823649  
377  23.2717  23.1134  23.0805  23  22.8575  22.6338  23.2743  23.1134  23.0805  23  22.8575  22.6338  0 23.3122  23.114  23.0906  22.9688  22.8982  22.6856  0.0556741  0.0168685  0.0129989  0.0209983  0.0331003  0.0823649  
378  23.2717  23.1134  23.0805  23  22.8575  22.6338  23.2736  23.1134  23.0805  23  22.8575  22.6338  0 23.2689  23.1242  23.083  22.9831  22.8487  22.6119  0.0556442  0.0168685  0.0129989  0.0209983  0.0331003  0.0823649  
379  23.2717  23.1134  23.0805  23  22.8575  22.6338  23.2865  23.1134  23.0805  23  22.8575  22.6338  0 23.2373  23.0779  23.0547  22.9736  22.8775  22.6096  0.0562268  0.0168685  0.0129989  0.0209983  0.0331003  0.0823648  
380  23.2717  23.1134  23.0805  23  22.8575  22.6338  23.2728  23.1134  23.0805  23  22.8575  22.6338  0 23.2818  23.1383  23.1029  22.973  22.8635  22.6192  0.0556097  0.0168685  0.0129989  0.0209983  0.0331003  0.0823649  
381  23.2717  23.1134  23.0805  23  22.8575  22.6338  23.2738  23.1134  23.0805  23  22.8575  22.6338  0 23.1925  23.1363  23.0798  23.0172  22.8591  22.5845  0.0556545  0.0168685  0.0129989  0.0209983  0.0331002  0.0823649  
382  23.2717  23.1134  23.0805  23  22.8575  22.6338  23.2761  23.1134  23.0805  23  22.8575  22.6338  0 23.3059  23.1083  23.0809  23.017  22.9109  22.7349  0.055759  0.0168685  0.0129989  0.0209983  0.0331003  0.0823649  
383  23.2717  23.1134  23.0805  23  22.8575  22.6338  23.2762  23.1134  23.0805  23  22.8575  22.6338  0 23.3182  23.1054  23.0732  23.004  22.8863  22.5887  0.0557619  0.0168685  0.0129989  0.0209983  0.0331003  0.0823648  
384  23.2717  23.1134  23.0805  23  22.8575  22.6338  23.2747  23.1134  23.0805  23  22.8575  22.6338  0 23.2118  23.0708  23.0816  22.9555  22.899  22.6567  0.0556932  0.0168685  0.0129989  0.0209983  0.0331003  0.0823649  
385  23.2717  23.1134  23.0805  23  22.8575  22.6338  23.2733  23.1134  23.0805  23  22.8575  22.6338  0 23.3713  23.1315  23.0954  23.0163  22.9015  22.7284  0.0556324  0.0168685  0.0129989  0.0209983  0.0331003  0.0823649  
386  23.2717  23.1134  23.0805  23  22.8575  22.6338  23.2754  23.1134  23.0805  23  22.8575  22.6338  0 23.2385  23.1107  23.0729  23.0127  22.8381  22.632  0.0557241  0.0168685  0.0129989  0.0209983  0.0331003  0.0823649  
387  23.2717  23.1134  23.0805  23  22.8575  22.6338  23.3066  23.1134  23.0805  23  22.8575  22.6338  0 23.3035  23.1263  23.0702  22.992  22.8418  22.6187  0.0571475  0.0168685  0.0129989  0.0209983  0.0331003  0.0823648  
388  23.2717  23.1134  23.0805  23  22.8575  22.6338  23.278  23.1134  23.0805  23  22.8575  22.6338  0 23.3106  23.0922  23.0667  23.014  22.8727  22.6693  0.0558448  0.0168685  0.0129989  0.0209983  0.0331003  0.0823649  
389  23.2717  23.1134  23.0805  23  22.8575  22.6338  23.2759  23.1134  23.0805  23  22.8575  22.6338  0 23.2798  23.1089  23.1121  22.9928  22.8031  22.6561  0.0557475  0.0168685  0.0129989  0.0209983  0.0331003  0.0823648  
390  23.2717  23.1134  23.0805  23  22.8575  22.6338  23.2764  23.1134  23.0805  23  22.8575  22.6338  0 23.336  23.1157  23.0736  23.0139  22.8258  22.5903  0.0557692  0.0168685  0.0129989  0.0209983  0.0331003  0.0823649  
391  23.2717  23.1134  23.0805  23  22.8575  22.6338  23.2817  23.1134  23.0805  23  22.8575  22.6338  0 23.2408  23.1351  23.1075  23.0175  22.9121  22.6483  0.0560076  0.0168685  0.0129989  0.0209983  0.0331003  0.0823649  
392  23.2717  23.1134  23.0805  23  22.8575  22.6338  23.2738  23.1134  23.0805  23  22.8575  22.6338  0 23.2771  23.1143  23.0976  23.0355  22.919  22.7442  0.0556524  0.0168685  0.0129989  0.0209983  0.0331003  0.0823649  
393  23.2717  23.1134  23.0805  23  22.8575  22.6338  23.276  23.1134  23.0805  23  22.8575  22.6338  0 23.4342  23.1232  23.0784  23.0002  22.8546  22.7837  0.0557542  0.0168685  0.0129989  0.0209983  0.0331002  0.0823649  
394  23.2717  23.1134  23.0805  23  22.8575  22.6338  23.2861  23.1134  23.0805  23  22.8575  22.6338  0 23.2344  23.1069  23.0972  22.9704  22.8665  22.646  0.0562082  0.0168685  0.0129989  0.0209983  0.0331003  0.0823648  
395  23.2717  23.1134  23.0805  23  22.8575  22.6338  23.277  23.1134  23.0805  23  22.8575  22.6338  0 23.2679  23.1379  23.0496  23.0399  22.8537  22.5928  0.0557997  0.0168685  0.0129989  0.0209983  0.0331003  0.0823649  
396  23.2717  23.1134  23.0805  23  22.8575  22.6338  23.2802  23.1134  23.0805  23  22.8575  22.6338  0 23.3283  23.1341  23.0807  22.9701  22.85  22.6785  0.0559423  0.0168685  0.0129989  0.0209983  0.0331003  0.0823649  
397  23.2717  23.1134  23.0805  23  22.8575  22.6338  23.2987  23.1134  23.0805  23  22.8575  22.6338  0 23.2669  23.1036  23.0958  23.0186  22.8549  22.7027  0.0567841  0.0168685  0.0129989  0.0209983  0.0331003  0.0823649  
398  23.2717  23.1134  23.0805  23  22.8575  22.6338  23.2732  23.1134  23.0805  23  22.8575  22.6338  0 23.2534  23.0757  23.0802  23.0171  22.8585  22.6351  0.0556254  0.0168685  0.0129989  0.0209983  0.0331002  0.0823649  
399  23.2717  23.1134  23.0805  23  22.8575  22.6338  23.2762  23.1134  23.0805  23  22.8575  22.6338  0 23.2983  23.1264  23.0667  23.0517  22.8912  22.6432  0.0557631  0.0168685  0.0129989  0.0209983  0.0331003  0.0823649  
400  23.2717  23.1134  23.0805  23  22.8575  22.6338  23.2718  23.1134  23.0805  23  22.8575  22.6338  0 23.3385  23.1024  23.0735  23.0207  22.798  22.5516  0.0555645  0.0168685  0.0129989  0.0209983  0.0331003  0.0823649  
