1  24.0337  23.2227  22.9767  23  22.9586  22.8688  24.4007  23.3266  22.9766  23  22.9586  22.8688  0 24.2557  23.3096  22.9741  22.9817  22.9806  22.8944  0.144093  0.0196228  0.0120434  0.0209983  0.0363141  0.10225  
2  24.0337  23.2227  22.9767  23  22.9586  22.8688  24.3928  23.2907  22.9767  23  22.9586  22.8688  0 24.429  23.2874  22.9675  22.9992  22.9467  22.8219  0.143104  0.0191214  0.0120434  0.0209983  0.0363138  0.10225  
3  24.0337  23.2227  22.9767  23  22.9586  22.8688  24.31  23.3002  22.9766  23  22.9586  22.8688  0 24.2196  23.2733  22.9832  23.0205  22.9539  22.7725  0.133141  0.019253  0.0120433  0.0209983  0.0363132  0.10225  
4  24.0337  23.2227  22.9767  23  22.9586  22.8688  24.2594  23.3159  22.9767  23  22.9586  22.8688  0 24.2659  23.3041  22.9779  23.0015  22.9763  22.8346  0.127418  0.0194713  0.0120435  0.0209983  0.0363139  0.102251  
5  24.0337  23.2227  22.9767  23  22.9586  22.8688  24.1869  23.3215  22.9766  23  22.9586  22.8688  0 24.2047  23.3134  22.9844  23.0027  22.9856  22.9548  0.119662  0.0195496  0.0120434  0.0209983  0.0363136  0.102252  
6  24.0337  23.2227  22.9767  23  22.9586  22.8688  24.2398  23.3276  22.9766  23  22.9586  22.8688  0 24.2587  23.3255  22.9736  23.0223  22.927  23.0381  0.125267  0.0196364  0.0120434  0.0209983  0.0363136  0.102251  
7  24.0337  23.2227  22.9767  23  22.9586  22.8688  24.3473  23.3507  22.9767  23  22.9587  22.8688  0 24.0821  23.3799  22.9723  23.0105  22.9811  22.8685  0.137536  0.019968  0.0120435  0.0209983  0.0363145  0.102253  
8  24.0337  23.2227  22.9767  23  22.9586  22.8688  24.338  23.3357  22.9766  23  22.9587  22.8688  0 24.5952  23.3369  22.9703  22.9938  23.0036  22.9313  0.136426  0.0197515  0.0120434  0.0209983  0.0363144  0.102253  
9  24.0337  23.2227  22.9767  23  22.9586  22.8688  24.275  23.3482  22.9767  23  22.9587  22.8688  0 24.1342  23.3635  22.9826  23.0203  22.9324  22.9734  0.129158  0.0199311  0.0120435  0.0209983  0.0363146  0.102252  
10  24.0337  23.2227  22.9767  23  22.9586  22.8688  24.218  23.3378  22.9766  23  22.9586  22.8688  0 24.1189  23.3445  22.9664  22.9843  22.9675  22.8968  0.122925  0.0197818  0.0120434  0.0209983  0.0363136  0.102251  
11  24.0337  23.2227  22.9767  23  22.9586  22.8688  24.4021  23.2809  22.9766  23  22.9587  22.8688  0 24.6101  23.2895  22.985  22.9729  22.9889  23.0415  0.144276  0.018988  0.0120434  0.0209983  0.0363145  0.102253  
12  24.0337  23.2227  22.9767  23  22.9586  22.8688  24.2057  23.3186  22.9767  23  22.9586  22.8688  0 24.4847  23.3252  22.9735  23.0032  22.9857  22.7504  0.121628  0.0195097  0.0120435  0.0209983  0.036314  0.102252  
13  24.0337  23.2227  22.9767  23  22.9586  22.8688  24.2873  23.3076  22.9766  23  22.9587  22.8688  0 24.3298  23.2664  22.988  22.9928  22.9925  22.9804  0.130542  0.0193549  0.0120434  0.0209983  0.0363147  0.102254  
14  24.0337  23.2227  22.9767  23  22.9586  22.8688  24.4428  23.3556  22.9766  23  22.9587  22.8688  0 24.6358  23.3374  22.9751  22.9896  22.9442  22.9227  0.1495  0.0200392  0.0120434  0.0209983  0.0363144  0.102253  
15  24.0337  23.2227  22.9767  23  22.9586  22.8688  24.3947  23.3129  22.9766  23  22.9586  22.8688  0 24.667  23.288  22.9869  23.0255  22.9615  23.0358  0.143339  0.0194289  0.0120434  0.0209983  0.0363139  0.102251  
16  24.0337  23.2227  22.9767  23  22.9586  22.8688  24.3744  23.2961  22.9767  23  22.9587  22.8688  0 24.719  23.2914  22.9921  23.0113  22.8645  22.8621  0.140827  0.0191953  0.0120434  0.0209983  0.0363143  0.102252  
17  24.0337  23.2227  22.9767  23  22.9586  22.8688  24.3473  23.3069  22.9767  23  22.9586  22.8688  0 24.2888  23.3323  22.9611  22.9702  22.9908  22.9148  0.137538  0.0193452  0.0120434  0.0209983  0.0363139  0.102251  
18  24.0337  23.2227  22.9767  23  22.9586  22.8688  24.2721  23.3402  22.9767  23  22.9586  22.8688  0 24.4548  23.3369  22.9579  23.0013  22.9278  22.9055  0.128832  0.0198167  0.0120435  0.0209983  0.0363141  0.102252  
19  24.0337  23.2227  22.9767  23  22.9586  22.8688  24.3228  23.3186  22.9766  23  22.9586  22.8688  0 24.5844  23.3168  22.99  23.0111  22.9452  22.7904  0.134633  0.0195091  0.0120434  0.0209983  0.0363136  0.102252  
20  24.0337  23.2227  22.9767  23  22.9586  22.8688  24.3267  23.2993  22.9766  23  22.9586  22.8688  0 24.386  23.3068  22.9673  22.9971  22.8586  22.7264  0.135098  0.0192395  0.0120433  0.0209983  0.0363138  0.102252  
21  24.0337  23.2227  22.9767  23  22.9586  22.8688  24.2467  23.3109  22.9766  23  22.9586  22.8688  0 24.1761  23.3319  22.9953  23.0133  22.9544  23.0079  0.126022  0.0194015  0.0120433  0.0209983  0.0363135  0.102251  
22  24.0337  23.2227  22.9767  23  22.9586  22.8688  24.2913  23.3216  22.9767  23  22.9586  22.8688  0 24.3116  23.3314  22.9832  23.009  23.0146  22.8109  0.130992  0.0195517  0.0120435  0.0209983  0.0363141  0.102251  
23  24.0337  23.2227  22.9767  23  22.9586  22.8688  24.2377  23.3231  22.9767  23  22.9586  22.8688  0 24.1755  23.315  22.9862  22.9838  22.953  23.0737  0.125038  0.0195732  0.0120435  0.0209983  0.0363141  0.102252  
24  24.0337  23.2227  22.9767  23  22.9586  22.8688  24.2009  23.2847  22.9766  23  22.9586  22.8688  0 24.1932  23.2711  22.9738  22.9812  22.9743  22.8014  0.12112  0.0190397  0.0120434  0.0209983  0.0363137  0.102252  
25  24.0337  23.2227  22.9767  23  22.9586  22.8688  24.4113  23.3078  22.9766  23  22.9586  22.8688  0 24.4419  23.294  23.0042  22.9948  22.8944  22.8387  0.145437  0.0193576  0.0120433  0.0209983  0.0363139  0.102252  
26  24.0337  23.2227  22.9767  23  22.9586  22.8688  24.364  23.3102  22.9766  23  22.9586  22.8688  0 24.3363  23.3073  22.9773  23.0302  22.9422  22.8571  0.139557  0.0193912  0.0120433  0.0209983  0.0363135  0.102252  
27  24.0337  23.2227  22.9767  23  22.9586  22.8688  24.2627  23.3391  22.9766  23  22.9586  22.8688  0 24.3116  23.3834  22.9765  23.0267  22.9754  22.7003  0.127786  0.0198011  0.0120434  0.0209983  0.0363139  0.102252  
28  24.0337  23.2227  22.9767  23  22.9586  22.8688  24.3964  23.2759  22.9767  23  22.9587  22.8688  0 24.3681  23.2874  22.9764  22.9583  22.9395  22.8198  0.143554  0.0189193  0.0120434  0.0209983  0.0363145  0.10225  
29  24.0337  23.2227  22.9767  23  22.9586  22.8688  24.3792  23.3221  22.9766  23  22.9586  22.8688  0 24.3602  23.3248  22.9776  23.0108  22.8851  22.9234  0.14142  0.0195588  0.0120434  0.0209983  0.036314  0.102251  
30  24.0337  23.2227  22.9767  23  22.9586  22.8688  24.3607  23.3158  22.9767  23  22.9587  22.8688  0 24.4933  23.312  22.9718  22.9738  22.9568  22.9683  0.139152  0.0194703  0.0120434  0.0209983  0.0363145  0.102254  
31  24.0337  23.2227  22.9767  23  22.9586  22.8688  24.3399  23.3077  22.9766  23  22.9586  22.8688  0 24.235  23.2979  22.9942  22.9874  23.0332  22.6451  0.136652  0.0193563  0.0120434  0.0209983  0.0363138  0.102249  
32  24.0337  23.2227  22.9767  23  22.9586  22.8688  24.2643  23.3179  22.9766  23  22.9586  22.8688  0 24.2855  23.2841  22.9847  22.9826  22.9071  22.858  0.127962  0.0194999  0.0120434  0.0209983  0.0363139  0.102249  
33  24.0337  23.2227  22.9767  23  22.9586  22.8688  24.2551  23.3182  22.9766  23  22.9586  22.8688  0 24.2456  23.336  22.9767  23.0667  23.018  23.0005  0.126943  0.0195041  0.0120434  0.0209983  0.0363137  0.102252  
34  24.0337  23.2227  22.9767  23  22.9586  22.8688  24.4028  23.3183  22.9766  23  22.9587  22.8688  0 24.233  23.3129  22.9666  22.9884  22.9666  23.0335  0.144368  0.0195045  0.0120434  0.0209983  0.0363145  0.102251  
35  24.0337  23.2227  22.9767  23  22.9586  22.8688  24.3712  23.3277  22.9767  23  22.9586  22.8688  0 24.4919  23.315  22.9656  22.9848  22.9402  22.6775  0.140431  0.0196374  0.0120434  0.0209983  0.0363139  0.102249  
36  24.0337  23.2227  22.9767  23  22.9586  22.8688  24.3053  23.2881  22.9767  23  22.9587  22.8688  0 24.3597  23.2681  22.9607  22.9771  22.999  23.0352  0.132599  0.0190857  0.0120435  0.0209983  0.0363144  0.102252  
37  24.0337  23.2227  22.9767  23  22.9586  22.8688  24.3743  23.2905  22.9766  23  22.9586  22.8688  0 24.5381  23.2923  22.9804  22.9651  22.9565  22.7888  0.140818  0.0191193  0.0120433  0.0209983  0.0363137  0.102253  
38  24.0337  23.2227  22.9767  23  22.9586  22.8688  24.4127  23.2795  22.9767  23  22.9586  22.8688  0 24.5833  23.2825  22.981  23.0127  22.974  22.7854  0.145611  0.0189687  0.0120435  0.0209983  0.0363141  0.10225  
39  24.0337  23.2227  22.9767  23  22.9586  22.8688  24.2167  23.2776  22.9767  23  22.9586  22.8688  0 24.043  23.2805  22.9693  23.0527  22.8832  23.0327  0.122791  0.0189427  0.0120434  0.0209983  0.0363138  0.102249  
40  24.0337  23.2227  22.9767  23  22.9586  22.8688  24.3716  23.3063  22.9766  23  22.9587  22.8688  0 24.5744  23.3139  22.9683  23.0141  22.9982  22.8768  0.140477  0.0193374  0.0120434  0.0209983  0.0363144  0.102251  
41  24.0337  23.2227  22.9767  23  22.9586  22.8688  24.4052  23.3135  22.9767  23  22.9587  22.8688  0 24.2549  23.3084  22.9537  23.0304  22.8767  22.9386  0.144665  0.0194374  0.0120434  0.0209983  0.0363145  0.10225  
42  24.0337  23.2227  22.9767  23  22.9586  22.8688  24.4941  23.3299  22.9766  23  22.9586  22.8688  0 24.5396  23.3211  22.9741  22.989  23.0036  22.8596  0.156368  0.0196685  0.0120434  0.0209983  0.0363141  0.102251  
43  24.0337  23.2227  22.9767  23  22.9586  22.8688  24.3669  23.3152  22.9766  23  22.9586  22.8688  0 24.1338  23.2949  22.9972  23.0171  22.9827  22.7953  0.139909  0.0194622  0.0120433  0.0209983  0.0363137  0.102251  
44  24.0337  23.2227  22.9767  23  22.9586  22.8688  24.2983  23.2929  22.9766  23  22.9586  22.8688  0 24.3549  23.2976  22.9703  23.022  22.9765  22.7985  0.131792  0.0191521  0.0120434  0.0209983  0.0363137  0.10225  
45  24.0337  23.2227  22.9767  23  22.9586  22.8688  24.2269  23.2967  22.9767  23  22.9586  22.8688  0 24.469  23.2965  22.983  23.0248  22.9553  22.8072  0.123878  0.0192043  0.0120435  0.0209983  0.036314  0.102251  
46  24.0337  23.2227  22.9767  23  22.9586  22.8688  24.3559  23.3436  22.9766  23  22.9586  22.8688  0 24.2821  23.3157  22.955  22.9592  22.9254  22.7543  0.138571  0.0198655  0.0120433  0.0209983  0.0363135  0.10225  
47  24.0337  23.2227  22.9767  23  22.9586  22.8688  24.2236  23.3052  22.9766  23  22.9586  22.8688  0 24.5483  23.314  22.9699  23.0065  22.8981  22.8575  0.12352  0.0193221  0.0120434  0.0209983  0.0363137  0.102253  
48  24.0337  23.2227  22.9767  23  22.9586  22.8688  24.3279  23.3337  22.9766  23  22.9586  22.8688  0 24.3494  23.3294  22.9883  22.9974  22.9329  23.0842  0.135236  0.0197239  0.0120434  0.0209983  0.036314  0.102252  
49  24.0337  23.2227  22.9767  23  22.9586  22.8688  24.5221  23.3276  22.9766  23  22.9586  22.8688  0 24.5453  23.3122  22.9905  22.9938  22.9915  22.8163  0.160268  0.0196369  0.0120434  0.0209983  0.0363142  0.10225  
50  24.0337  23.2227  22.9767  23  22.9586  22.8688  24.2609  23.287  22.9767  23  22.9587  22.8688  0 24.2247  23.2749  22.9531  22.9519  22.9551  22.8734  0.127588  0.0190708  0.0120434  0.0209983  0.0363144  0.102251  
51  24.0337  23.2227  22.9767  23  22.9586  22.8688  24.3382  23.3226  22.9766  23  22.9586  22.8688  0 24.3144  23.3265  22.9672  22.986  22.9721  22.9329  0.136453  0.0195659  0.0120434  0.0209983  0.036314  0.102253  
52  24.0337  23.2227  22.9767  23  22.9586  22.8688  24.3922  23.3104  22.9766  23  22.9586  22.8688  0 24.4252  23.3  22.9796  22.9919  22.9046  22.7987  0.143027  0.0193944  0.0120433  0.0209983  0.0363137  0.102248  
53  24.0337  23.2227  22.9767  23  22.9586  22.8688  24.293  23.315  22.9767  23  22.9587  22.8688  0 24.0641  23.3184  22.9963  22.9849  22.9845  22.7756  0.131191  0.0194587  0.0120434  0.0209983  0.0363143  0.102254  
54  24.0337  23.2227  22.9767  23  22.9586  22.8688  24.319  23.3203  22.9766  23  22.9586  22.8688  0 24.114  23.2889  22.9776  23.017  23.0547  22.9431  0.134185  0.0195329  0.0120434  0.0209983  0.0363141  0.102251  
55  24.0337  23.2227  22.9767  23  22.9586  22.8688  24.2993  23.3064  22.9767  23  22.9587  22.8688  0 24.3932  23.2875  22.9781  22.9874  22.951  22.7976  0.131911  0.0193381  0.0120435  0.0209983  0.0363143  0.102253  
56  24.0337  23.2227  22.9767  23  22.9586  22.8688  24.3538  23.3282  22.9766  23  22.9586  22.8688  0 24.3087  23.3587  22.9761  22.9953  22.9797  22.7296  0.138325  0.0196451  0.0120434  0.0209983  0.036314  0.10225  
57  24.0337  23.2227  22.9767  23  22.9586  22.8688  24.1933  23.3264  22.9767  23  22.9586  22.8688  0 24.1657  23.3307  22.9946  23.0119  22.9688  22.8131  0.120327  0.0196199  0.0120434  0.0209983  0.0363137  0.102251  
58  24.0337  23.2227  22.9767  23  22.9586  22.8688  24.15  23.3258  22.9766  23  22.9586  22.8688  0 24.0013  23.3744  22.9784  23.0014  22.9463  22.872  0.115906  0.0196115  0.0120434  0.0209983  0.0363136  0.102251  
59  24.0337  23.2227  22.9767  23  22.9586  22.8688  24.2752  23.3117  22.9766  23  22.9586  22.8688  0 24.081  23.2944  22.991  22.9756  22.9814  22.8931  0.129175  0.0194127  0.0120432  0.0209983  0.036313  0.102253  
60  24.0337  23.2227  22.9767  23  22.9586  22.8688  24.3055  23.3064  22.9766  23  22.9586  22.8688  0 23.9667  23.3285  22.9817  23.0115  22.9325  22.8851  0.132619  0.0193386  0.0120434  0.0209983  0.0363138  0.102249  
61  24.0337  23.2227  22.9767  23  22.9586  22.8688  24.3188  23.3055  22.9766  23  22.9586  22.8688  0 24.2732  23.2768  22.9691  23.0319  22.9274  22.8188  0.134173  0.0193265  0.0120434  0.0209983  0.0363141  0.102253  
62  24.0337  23.2227  22.9767  23  22.9586  22.8688  24.2458  23.32  22.9767  23  22.9586  22.8688  0 24.2635  23.3177  22.9917  22.9921  22.8888  23.0089  0.125925  0.0195285  0.0120435  0.0209983  0.0363139  0.102253  
63  24.0337  23.2227  22.9767  23  22.9586  22.8688  24.3042  23.2987  22.9766  23  22.9586  22.8688  0 24.1565  23.2642  22.9695  22.985  22.9212  22.7717  0.13247  0.019232  0.0120434  0.0209983  0.0363141  0.102251  
64  24.0337  23.2227  22.9767  23  22.9586  22.8688  24.4203  23.3305  22.9766  23  22.9586  22.8688  0 24.5575  23.3255  22.9944  23.0155  23.0582  22.8476  0.14659  0.0196784  0.0120434  0.0209983  0.0363141  0.102251  
65  24.0337  23.2227  22.9767  23  22.9586  22.8688  24.3949  23.3096  22.9767  23  22.9586  22.8688  0 24.4789  23.3235  22.9791  22.9878  22.9339  22.8528  0.143374  0.0193839  0.0120434  0.0209983  0.0363138  0.102251  
66  24.0337  23.2227  22.9767  23  22.9586  22.8688  24.2562  23.3168  22.9767  23  22.9586  22.8688  0 24.2535  23.3523  22.9879  23.0354  22.9546  22.7734  0.12707  0.0194848  0.0120435  0.0209983  0.0363141  0.102251  
67  24.0337  23.2227  22.9767  23  22.9586  22.8688  24.5212  23.3115  22.9766  23  22.9587  22.8688  0 24.5022  23.2996  22.9657  23.0401  22.9772  22.9263  0.160136  0.0194098  0.0120433  0.0209983  0.0363142  0.102249  
68  24.0337  23.2227  22.9767  23  22.9586  22.8688  24.2739  23.2886  22.9766  23  22.9586  22.8688  0 24.3842  23.2718  22.978  23.0029  22.9841  22.8901  0.12903  0.0190933  0.0120434  0.0209983  0.036314  0.102251  
69  24.0337  23.2227  22.9767  23  22.9586  22.8688  24.283  23.3043  22.9766  23  22.9586  22.8688  0 24.5557  23.3049  22.9787  23.0185  22.9809  22.8359  0.130059  0.0193093  0.0120434  0.0209983  0.0363141  0.102251  
70  24.0337  23.2227  22.9767  23  22.9586  22.8688  24.224  23.3087  22.9767  23  22.9586  22.8688  0 24.1642  23.3478  22.9532  23.0114  22.9118  23.037  0.123564  0.0193714  0.0120434  0.0209983  0.0363139  0.102252  
71  24.0337  23.2227  22.9767  23  22.9586  22.8688  24.3242  23.3012  22.9766  23  22.9586  22.8688  0 24.2133  23.2901  22.9649  23.0206  22.9116  22.9035  0.134805  0.0192659  0.0120434  0.0209983  0.036314  0.102251  
72  24.0337  23.2227  22.9767  23  22.9586  22.8688  24.3167  23.3141  22.9766  23  22.9586  22.8688  0 24.458  23.3167  22.9754  22.9797  22.9988  23.0394  0.133923  0.0194468  0.0120434  0.0209983  0.036314  0.10225  
73  24.0337  23.2227  22.9767  23  22.9586  22.8688  24.2172  23.3276  22.9767  23  22.9586  22.8688  0 24.1907  23.32  22.9588  23.0085  22.9492  22.9379  0.122841  0.0196362  0.0120434  0.0209983  0.0363141  0.10225  
74  24.0337  23.2227  22.9767  23  22.9586  22.8688  24.2423  23.2977  22.9767  23  22.9587  22.8688  0 24.1595  23.2486  22.9719  23.0229  22.9267  22.849  0.125542  0.0192182  0.0120434  0.0209983  0.0363145  0.10225  
75  24.0337  23.2227  22.9767  23  22.9586  22.8688  24.2137  23.2764  22.9767  23  22.9586  22.8688  0 24.1316  23.2547  22.9971  22.9977  22.9742  22.9505  0.122473  0.0189264  0.0120435  0.0209983  0.036314  0.10225  
76  24.0337  23.2227  22.9767  23  22.9586  22.8688  24.3936  23.3328  22.9766  23  22.9586  22.8688  0 24.4189  23.2931  22.9899  23.0016  23.0004  22.7659  0.14321  0.0197108  0.0120434  0.0209983  0.0363136  0.102251  
77  24.0337  23.2227  22.9767  23  22.9586  22.8688  24.1779  23.3267  22.9767  23  22.9586  22.8688  0 24.2403  23.3373  22.9785  22.9899  22.9502  22.7699  0.118736  0.0196231  0.0120434  0.0209983  0.036314  0.102252  
78  24.0337  23.2227  22.9767  23  22.9586  22.8688  24.3694  23.3301  22.9766  23  22.9586  22.8688  0 24.4067  23.3182  22.9596  23.0017  22.9649  22.7322  0.140218  0.0196717  0.0120434  0.0209983  0.036314  0.102252  
79  24.0337  23.2227  22.9767  23  22.9586  22.8688  24.248  23.2896  22.9766  23  22.9586  22.8688  0 24.2164  23.2654  22.9685  22.9688  23.0048  22.7248  0.126167  0.0191064  0.0120434  0.0209983  0.036314  0.102252  
80  24.0337  23.2227  22.9767  23  22.9586  22.8688  24.3117  23.3044  22.9767  23  22.9586  22.8688  0 24.3369  23.2933  22.9577  23.0022  22.9299  22.8044  0.133336  0.0193113  0.0120435  0.0209983  0.0363142  0.102252  
81  24.0337  23.2227  22.9767  23  22.9586  22.8688  24.2819  23.3186  22.9766  23  22.9587  22.8688  0 24.4397  23.32  22.9716  22.9788  22.9676  22.871  0.129926  0.0195089  0.0120434  0.0209983  0.0363145  0.102253  
82  24.0337  23.2227  22.9767  23  22.9586  22.8688  24.3667  23.3124  22.9766  23  22.9586  22.8688  0 24.2595  23.3034  22.9651  22.9574  22.9582  23.0081  0.139883  0.019423  0.0120433  0.0209983  0.0363137  0.10225  
83  24.0337  23.2227  22.9767  23  22.9586  22.8688  24.33  23.3156  22.9766  23  22.9586  22.8688  0 24.4993  23.3253  22.9679  22.9962  23.0016  22.7901  0.135487  0.0194669  0.0120434  0.0209983  0.0363135  0.102253  
84  24.0337  23.2227  22.9767  23  22.9586  22.8688  24.2284  23.3152  22.9767  23  22.9586  22.8688  0 24.2243  23.347  22.9829  22.9716  22.9304  22.8798  0.124036  0.019461  0.0120434  0.0209983  0.0363141  0.102251  
85  24.0337  23.2227  22.9767  23  22.9586  22.8688  24.2763  23.306  22.9767  23  22.9586  22.8688  0 24.0839  23.3205  22.9694  22.9921  22.9297  22.9185  0.129304  0.0193334  0.0120434  0.0209983  0.0363142  0.102252  
86  24.0337  23.2227  22.9767  23  22.9586  22.8688  24.2647  23.2871  22.9767  23  22.9586  22.8688  0 24.2371  23.2951  22.9821  23.0092  23.0105  22.9126  0.128  0.0190722  0.0120435  0.0209983  0.036314  0.102251  
87  24.0337  23.2227  22.9767  23  22.9586  22.8688  24.2745  23.2976  22.9766  23  22.9586  22.8688  0 24.1673  23.316  22.9828  22.9793  22.9014  22.9926  0.129104  0.0192163  0.0120434  0.0209983  0.0363137  0.102252  
88  24.0337  23.2227  22.9767  23  22.9586  22.8688  24.2636  23.3266  22.9766  23  22.9586  22.8689  0 24.3928  23.3014  22.96  23.0247  23.0082  22.9581  0.127887  0.0196227  0.0120433  0.0209983  0.0363136  0.102255  
89  24.0337  23.2227  22.9767  23  22.9586  22.8688  24.3737  23.3312  22.9767  23  22.9587  22.8688  0 24.521  23.3435  22.9561  23.0449  22.9732  22.7788  0.140742  0.0196875  0.0120435  0.0209983  0.0363143  0.102254  
90  24.0337  23.2227  22.9767  23  22.9586  22.8688  24.2517  23.3096  22.9767  23  22.9586  22.8688  0 24.2045  23.3363  22.997  23.0243  22.9456  22.8221  0.126569  0.0193827  0.0120435  0.0209983  0.0363139  0.102252  
91  24.0337  23.2227  22.9767  23  22.9586  22.8688  24.3941  23.3053  22.9767  23  22.9586  22.8688  0 24.4674  23.3311  22.9892  23.0048  22.9831  22.8405  0.14327  0.0193228  0.0120435  0.0209983  0.0363142  0.102252  
92  24.0337  23.2227  22.9767  23  22.9586  22.8688  24.269  23.3053  22.9767  23  22.9587  22.8688  0 24.0834  23.2735  22.9823  23.0305  22.9584  22.8652  0.128485  0.0193228  0.0120435  0.0209983  0.0363147  0.102251  
93  24.0337  23.2227  22.9767  23  22.9586  22.8688  24.5042  23.345  22.9767  23  22.9587  22.8688  0 24.625  23.3267  22.9839  22.9616  22.9475  22.7798  0.15776  0.0198849  0.0120434  0.0209983  0.036315  0.102252  
94  24.0337  23.2227  22.9767  23  22.9586  22.8688  24.3485  23.3086  22.9766  23  22.9586  22.8688  0 24.2367  23.3383  22.9735  22.943  22.9579  22.7405  0.137682  0.0193689  0.0120433  0.0209983  0.0363138  0.10225  
95  24.0337  23.2227  22.9767  23  22.9586  22.8688  24.2895  23.3098  22.9766  23  22.9586  22.8688  0 24.3468  23.3079  22.9956  22.9988  23.0387  22.7143  0.130786  0.0193862  0.0120434  0.0209983  0.0363139  0.102253  
96  24.0337  23.2227  22.9767  23  22.9586  22.8688  24.3423  23.3255  22.9766  23  22.9586  22.8688  0 24.2339  23.3578  22.9592  23.0296  22.9506  22.8108  0.136943  0.0196069  0.0120433  0.0209983  0.0363139  0.102249  
97  24.0337  23.2227  22.9767  23  22.9586  22.8688  24.3509  23.3223  22.9766  23  22.9586  22.8688  0 24.1855  23.2914  22.9785  22.9773  22.9984  22.9184  0.13797  0.0195618  0.0120434  0.0209983  0.0363141  0.102254  
98  24.0337  23.2227  22.9767  23  22.9586  22.8688  24.2747  23.3076  22.9766  23  22.9586  22.8688  0 24.2712  23.2953  22.9575  22.9791  22.9632  22.8044  0.129124  0.019356  0.0120433  0.0209983  0.0363135  0.102251  
99  24.0337  23.2227  22.9767  23  22.9586  22.8688  24.2256  23.2819  22.9767  23  22.9586  22.8688  0 24.2846  23.2875  22.9629  22.9924  22.9359  22.9554  0.123743  0.0190009  0.0120434  0.0209983  0.0363139  0.102251  
100  24.0337  23.2227  22.9767  23  22.9586  22.8688  24.1661  23.3078  22.9767  23  22.9586  22.8688  0 24.0314  23.317  22.9749  22.9799  22.9395  23.0274  0.117537  0.0193582  0.0120435  0.0209983  0.0363142  0.102251  
101  24.0337  23.2227  22.9767  23  22.9586  22.8688  24.2889  23.3136  22.9767  23  22.9586  22.8688  0 24.4591  23.3394  22.9751  23.0086  22.9968  22.9198  0.130729  0.0194387  0.0120435  0.0209983  0.0363139  0.102253  
102  24.0337  23.2227  22.9767  23  22.9586  22.8688  24.3135  23.2938  22.9766  23  22.9586  22.8688  0 24.2932  23.2986  22.958  23.005  22.9507  22.9223  0.133553  0.0191647  0.0120434  0.0209983  0.0363137  0.102252  
103  24.0337  23.2227  22.9767  23  22.9586  22.8688  24.2802  23.3095  22.9766  23  22.9586  22.8688  0 24.2861  23.2941  23.0043  22.9926  22.9725  22.8944  0.12974  0.0193821  0.0120434  0.0209983  0.0363138  0.10225  
104  24.0337  23.2227  22.9767  23  22.9586  22.8688  24.317  23.2671  22.9767  23  22.9586  22.8688  0 24.2535  23.2583  22.9628  23.0191  23.0033  23.0977  0.133955  0.0188006  0.0120434  0.0209983  0.0363141  0.102251  
105  24.0337  23.2227  22.9767  23  22.9586  22.8688  24.3421  23.2886  22.9767  23  22.9586  22.8688  0 24.2565  23.2603  22.9683  22.9613  22.9814  22.8529  0.136914  0.0190929  0.0120435  0.0209983  0.0363139  0.10225  
106  24.0337  23.2227  22.9767  23  22.9586  22.8688  24.4631  23.2938  22.9766  23  22.9586  22.8688  0 24.2452  23.313  22.9862  23.0245  22.9945  22.7729  0.152178  0.019164  0.0120434  0.0209983  0.0363142  0.102251  
107  24.0337  23.2227  22.9767  23  22.9586  22.8688  24.3035  23.343  22.9767  23  22.9586  22.8688  0 24.0818  23.347  22.9897  23.0137  22.9191  22.7178  0.132397  0.0198569  0.0120434  0.0209983  0.036314  0.102254  
108  24.0337  23.2227  22.9767  23  22.9586  22.8688  24.3225  23.3428  22.9767  23  22.9587  22.8688  0 24.4313  23.3146  22.9461  23.0225  22.979  22.8316  0.1346  0.0198537  0.0120434  0.0209983  0.0363143  0.102252  
109  24.0337  23.2227  22.9767  23  22.9586  22.8688  24.383  23.3057  22.9766  23  22.9586  22.8688  0 24.3086  23.2899  22.9814  23.0258  22.8902  22.7682  0.141888  0.0193296  0.0120433  0.0209983  0.0363134  0.10225  
110  24.0337  23.2227  22.9767  23  22.9586  22.8688  24.3158  23.3238  22.9766  23  22.9586  22.8688  0 24.1578  23.3332  22.9912  23.0187  23.0561  22.9881  0.133813  0.0195832  0.0120434  0.0209983  0.0363137  0.102248  
111  24.0337  23.2227  22.9767  23  22.9586  22.8688  24.3187  23.2801  22.9766  23  22.9586  22.8688  0 24.4544  23.2517  22.9589  22.9689  22.9889  22.905  0.134151  0.0189765  0.0120433  0.0209983  0.0363132  0.102251  
112  24.0337  23.2227  22.9767  23  22.9586  22.8688  24.3954  23.3025  22.9766  23  22.9586  22.8688  0 24.3593  23.2824  22.966  23.0223  23.0129  23.0224  0.143428  0.0192839  0.0120433  0.0209983  0.0363131  0.102252  
113  24.0337  23.2227  22.9767  23  22.9586  22.8688  24.353  23.3154  22.9766  23  22.9586  22.8688  0 24.1453  23.3081  22.972  23.0066  22.9173  23.192  0.138222  0.0194646  0.0120434  0.0209983  0.0363135  0.102251  
114  24.0337  23.2227  22.9767  23  22.9586  22.8688  24.265  23.2988  22.9766  23  22.9586  22.8688  0 24.4593  23.3121  22.9713  22.9976  22.9358  23.0213  0.128038  0.0192331  0.0120434  0.0209983  0.0363136  0.102251  
115  24.0337  23.2227  22.9767  23  22.9586  22.8688  24.3293  23.297  22.9766  23  22.9586  22.8688  0 24.4908  23.3135  22.9565  23.0103  22.9654  23.0901  0.135404  0.0192083  0.0120434  0.0209983  0.0363137  0.102251  
116  24.0337  23.2227  22.9767  23  22.9586  22.8688  24.3414  23.3243  22.9766  23  22.9586  22.8688  0 24.6357  23.3578  22.9727  23.0198  22.9996  22.9381  0.13683  0.0195892  0.0120433  0.0209983  0.0363132  0.102254  
117  24.0337  23.2227  22.9767  23  22.9586  22.8688  24.385  23.3208  22.9766  23  22.9587  22.8688  0 24.2806  23.3525  22.9757  23.0196  22.9417  22.9079  0.142133  0.0195398  0.0120434  0.0209983  0.0363147  0.102252  
118  24.0337  23.2227  22.9767  23  22.9586  22.8688  24.2173  23.2879  22.9767  23  22.9586  22.8688  0 24.181  23.2682  22.9703  23.0036  22.9719  22.8456  0.12285  0.0190839  0.0120434  0.0209983  0.0363141  0.102251  
119  24.0337  23.2227  22.9767  23  22.9586  22.8688  24.4272  23.316  22.9766  23  22.9586  22.8688  0 24.4735  23.3038  22.9944  22.9451  22.9804  22.778  0.147479  0.0194724  0.0120433  0.0209983  0.036314  0.10225  
120  24.0337  23.2227  22.9767  23  22.9586  22.8688  24.2849  23.2757  22.9766  23  22.9586  22.8688  0 24.279  23.2658  22.9809  22.9934  23.0137  22.7296  0.130275  0.0189165  0.0120433  0.0209983  0.0363135  0.10225  
121  24.0337  23.2227  22.9767  23  22.9586  22.8688  24.3418  23.3287  22.9767  23  22.9586  22.8688  0 24.2275  23.3441  22.9999  23.0198  22.9397  22.9211  0.136885  0.0196522  0.0120434  0.0209983  0.0363142  0.102251  
122  24.0337  23.2227  22.9767  23  22.9586  22.8688  24.3966  23.2894  22.9766  23  22.9586  22.8688  0 24.4607  23.2483  22.9535  23.0306  22.9282  22.9711  0.143588  0.0191042  0.0120434  0.0209983  0.0363138  0.102251  
123  24.0337  23.2227  22.9767  23  22.9586  22.8688  24.4389  23.35  22.9766  23  22.9586  22.8688  0 24.4733  23.3847  22.9869  23.0071  22.9764  22.9419  0.148997  0.0199567  0.0120433  0.0209983  0.0363139  0.102251  
124  24.0337  23.2227  22.9767  23  22.9586  22.8688  24.2363  23.2968  22.9766  23  22.9587  22.8688  0 24.2556  23.2781  22.9937  23.0176  22.9925  22.9462  0.124893  0.0192051  0.0120434  0.0209983  0.0363143  0.102251  
125  24.0337  23.2227  22.9767  23  22.9586  22.8688  24.325  23.2954  22.9767  23  22.9587  22.8688  0 24.2255  23.3021  22.993  23.0227  22.9948  22.7132  0.134892  0.0191864  0.0120434  0.0209983  0.0363145  0.102252  
126  24.0337  23.2227  22.9767  23  22.9586  22.8688  24.2652  23.3344  22.9766  23  22.9586  22.8688  0 24.2255  23.3399  22.9584  23.019  23.0022  22.8324  0.128065  0.0197333  0.0120434  0.0209983  0.0363137  0.102252  
127  24.0337  23.2227  22.9767  23  22.9586  22.8688  24.2617  23.3225  22.9766  23  22.9586  22.8688  0 24.4229  23.3214  22.9807  23.0088  22.9536  22.8713  0.127674  0.0195638  0.0120434  0.0209983  0.0363134  0.102251  
128  24.0337  23.2227  22.9767  23  22.9586  22.8688  24.3377  23.337  22.9766  23  22.9586  22.8688  0 24.1415  23.3474  22.9835  23.0004  22.9566  23.2135  0.136393  0.0197704  0.0120434  0.0209983  0.036314  0.102251  
129  24.0337  23.2227  22.9767  23  22.9586  22.8688  24.3761  23.2916  22.9767  23  22.9586  22.8688  0 24.3346  23.2825  22.97  23.0023  23.0392  22.8487  0.141039  0.0191343  0.0120435  0.0209983  0.0363141  0.10225  
130  24.0337  23.2227  22.9767  23  22.9586  22.8688  24.3326  23.2974  22.9767  23  22.9586  22.8688  0 24.3899  23.3084  22.9514  22.9876  22.9556  22.8627  0.135789  0.0192144  0.0120435  0.0209983  0.0363142  0.102251  
131  24.0337  23.2227  22.9767  23  22.9586  22.8688  24.2089  23.2991  22.9766  23  22.9586  22.8688  0 24.1493  23.2972  22.9665  22.9985  22.9256  22.9458  0.121964  0.0192378  0.0120434  0.0209983  0.0363138  0.10225  
132  24.0337  23.2227  22.9767  23  22.9586  22.8688  24.316  23.3242  22.9766  23  22.9586  22.8689  0 24.4303  23.3336  22.9603  22.995  22.9419  23.0544  0.133845  0.0195888  0.0120433  0.0209983  0.0363135  0.102256  
133  24.0337  23.2227  22.9767  23  22.9586  22.8688  24.4192  23.2843  22.9767  23  22.9587  22.8688  0 24.446  23.3008  22.9615  23.0404  22.9419  22.9289  0.146445  0.0190342  0.0120434  0.0209983  0.0363145  0.10225  
134  24.0337  23.2227  22.9767  23  22.9586  22.8688  24.2769  23.3071  22.9766  23  22.9586  22.8688  0 24.3332  23.2689  22.9951  23.0286  22.9649  22.8878  0.129367  0.0193479  0.0120433  0.0209983  0.0363136  0.102252  
135  24.0337  23.2227  22.9767  23  22.9586  22.8688  24.2689  23.3203  22.9767  23  22.9587  22.8688  0 24.3621  23.3584  22.9939  23.0148  22.9917  23.0873  0.128478  0.0195335  0.0120434  0.0209983  0.0363143  0.10225  
136  24.0337  23.2227  22.9767  23  22.9586  22.8688  24.2263  23.2963  22.9767  23  22.9586  22.8688  0 24.3231  23.3259  22.9819  23.0024  22.9529  22.7026  0.123813  0.0191982  0.0120434  0.0209983  0.036314  0.10225  
137  24.0337  23.2227  22.9767  23  22.9586  22.8688  24.2314  23.2943  22.9767  23  22.9586  22.8688  0 24.2887  23.3263  22.9605  22.9961  22.9978  22.9322  0.124359  0.0191709  0.0120435  0.0209983  0.0363141  0.102252  
138  24.0337  23.2227  22.9767  23  22.9586  22.8688  24.2748  23.297  22.9766  23  22.9586  22.8688  0 24.3534  23.2931  22.9794  23.0124  22.9663  22.8502  0.129137  0.019209  0.0120434  0.0209983  0.0363135  0.10225  
139  24.0337  23.2227  22.9767  23  22.9586  22.8688  24.4319  23.2985  22.9766  23  22.9587  22.8688  0 24.6528  23.2854  22.9853  23.0259  23.0105  22.8501  0.148086  0.0192285  0.0120434  0.0209983  0.0363145  0.102252  
140  24.0337  23.2227  22.9767  23  22.9586  22.8688  24.3289  23.3198  22.9766  23  22.9586  22.8688  0 24.3374  23.2989  22.9675  22.9584  22.9254  22.7811  0.135348  0.0195264  0.0120433  0.0209983  0.0363132  0.102254  
141  24.0337  23.2227  22.9767  23  22.9586  22.8688  24.3376  23.2931  22.9766  23  22.9586  22.8688  0 24.3383  23.3064  22.9643  23.0355  22.9892  22.7513  0.136383  0.0191549  0.0120434  0.0209983  0.0363137  0.102249  
142  24.0337  23.2227  22.9767  23  22.9586  22.8688  24.2383  23.2829  22.9766  23  22.9586  22.8688  0 24.0588  23.2976  22.9779  23.0216  22.9519  22.645  0.125107  0.0190154  0.0120434  0.0209983  0.0363135  0.102249  
143  24.0337  23.2227  22.9767  23  22.9586  22.8688  24.3265  23.3311  22.9766  23  22.9586  22.8688  0 24.1989  23.3003  22.9716  22.9979  22.9376  22.9866  0.135069  0.019686  0.0120434  0.0209983  0.0363139  0.102251  
144  24.0337  23.2227  22.9767  23  22.9586  22.8688  24.2815  23.2992  22.9766  23  22.9586  22.8688  0 24.2819  23.2902  22.9822  22.9888  22.9698  22.8393  0.12989  0.019239  0.0120434  0.0209983  0.0363141  0.102249  
145  24.0337  23.2227  22.9767  23  22.9586  22.8688  24.4056  23.3102  22.9766  23  22.9586  22.8688  0 24.5005  23.3375  22.9677  22.9996  23.006  22.8363  0.144714  0.0193918  0.0120434  0.0209983  0.0363142  0.102251  
146  24.0337  23.2227  22.9767  23  22.9586  22.8688  24.3009  23.2738  22.9766  23  22.9586  22.8688  0 24.256  23.2638  22.9835  23.035  22.9936  22.9217  0.132098  0.0188921  0.0120433  0.0209983  0.0363134  0.10225  
147  24.0337  23.2227  22.9767  23  22.9586  22.8688  24.2523  23.3291  22.9766  23  22.9586  22.8688  0 24.1472  23.3232  22.9817  22.9968  22.9387  22.9592  0.126631  0.019658  0.0120434  0.0209983  0.0363134  0.102251  
148  24.0337  23.2227  22.9767  23  22.9586  22.8688  24.3913  23.3219  22.9766  23  22.9586  22.8688  0 24.3277  23.3313  22.9692  23.0057  22.9313  22.7775  0.14292  0.0195564  0.0120433  0.0209983  0.0363136  0.10225  
149  24.0337  23.2227  22.9767  23  22.9586  22.8688  24.3143  23.2798  22.9767  23  22.9586  22.8688  0 24.3589  23.298  22.9831  23.009  22.9836  22.7277  0.13364  0.0189728  0.0120435  0.0209983  0.0363141  0.102249  
150  24.0337  23.2227  22.9767  23  22.9586  22.8688  24.2791  23.3235  22.9766  23  22.9586  22.8688  0 24.5729  23.3458  22.9863  22.9748  23.0158  22.8838  0.12962  0.0195779  0.0120433  0.0209983  0.0363136  0.102254  
151  24.0337  23.2227  22.9767  23  22.9586  22.8688  24.5025  23.3124  22.9767  23  22.9587  22.8688  0 24.3053  23.306  22.9658  22.9969  22.9235  22.941  0.15753  0.0194223  0.0120434  0.0209983  0.0363146  0.102251  
152  24.0337  23.2227  22.9767  23  22.9586  22.8688  24.3344  23.3084  22.9766  23  22.9587  22.8688  0 24.3635  23.3058  22.989  23.0139  22.9737  22.9798  0.136  0.019366  0.0120434  0.0209983  0.0363148  0.102249  
153  24.0337  23.2227  22.9767  23  22.9586  22.8688  24.2187  23.2952  22.9767  23  22.9586  22.8688  0 24.0154  23.2761  22.9761  22.984  22.9874  22.997  0.122996  0.0191837  0.0120434  0.0209983  0.0363139  0.102252  
154  24.0337  23.2227  22.9767  23  22.9586  22.8688  24.3371  23.3102  22.9766  23  22.9587  22.8688  0 24.3318  23.2852  22.9684  23.0155  23.0068  23.0038  0.136323  0.0193911  0.0120434  0.0209983  0.0363144  0.102251  
155  24.0337  23.2227  22.9767  23  22.9586  22.8688  24.2715  23.3254  22.9766  23  22.9586  22.8688  0 24.2194  23.3228  22.9659  23.0159  23.0277  23.0278  0.128757  0.0196054  0.0120434  0.0209983  0.0363137  0.10225  
156  24.0337  23.2227  22.9767  23  22.9586  22.8688  24.4972  23.3014  22.9766  23  22.9586  22.8688  0 24.5082  23.3003  22.9706  23.0035  22.9525  22.8374  0.156799  0.0192688  0.0120433  0.0209983  0.0363141  0.10225  
157  24.0337  23.2227  22.9767  23  22.9586  22.8688  24.3775  23.3179  22.9766  23  22.9586  22.8688  0 24.1627  23.3165  22.9629  23.0495  22.9546  22.8586  0.141211  0.0194996  0.0120434  0.0209983  0.036314  0.10225  
158  24.0337  23.2227  22.9767  23  22.9586  22.8688  24.2379  23.292  22.9766  23  22.9586  22.8689  0 24.2962  23.2777  22.9725  22.9601  22.9635  22.9792  0.125065  0.0191394  0.0120434  0.0209983  0.0363135  0.102255  
159  24.0337  23.2227  22.9767  23  22.9586  22.8688  24.2076  23.294  22.9766  23  22.9586  22.8688  0 24.525  23.2987  22.9718  23.0002  23.0074  22.8945  0.12183  0.0191669  0.0120434  0.0209983  0.0363134  0.10225  
160  24.0337  23.2227  22.9767  23  22.9586  22.8688  24.2901  23.3186  22.9766  23  22.9586  22.8688  0 23.9802  23.3422  22.9781  23.0021  22.9507  22.9322  0.130861  0.0195097  0.0120434  0.0209983  0.0363138  0.102251  
161  24.0337  23.2227  22.9767  23  22.9586  22.8688  24.243  23.2978  22.9766  23  22.9586  22.8688  0 24.4315  23.2965  22.9905  23.0379  22.9255  22.718  0.125621  0.0192195  0.0120434  0.0209983  0.0363134  0.10225  
162  24.0337  23.2227  22.9767  23  22.9586  22.8688  24.3953  23.3406  22.9767  23  22.9586  22.8688  0 24.5128  23.3051  22.9767  22.9832  22.9869  22.8886  0.143419  0.0198213  0.0120434  0.0209983  0.0363141  0.102252  
163  24.0337  23.2227  22.9767  23  22.9586  22.8688  24.3004  23.3105  22.9766  23  22.9586  22.8688  0 24.233  23.2934  22.984  23.022  22.9433  22.8644  0.132031  0.0193958  0.0120434  0.0209983  0.0363138  0.102251  
164  24.0337  23.2227  22.9767  23  22.9586  22.8688  24.3429  23.3469  22.9766  23  22.9586  22.8688  0 24.3868  23.3142  22.9821  22.9793  22.9858  22.8427  0.13701  0.0199119  0.0120434  0.0209983  0.0363138  0.10225  
165  24.0337  23.2227  22.9767  23  22.9586  22.8688  24.2676  23.3362  22.9766  23  22.9586  22.8688  0 24.246  23.3083  22.9936  23.0079  22.9203  22.7787  0.128332  0.0197592  0.0120434  0.0209983  0.0363137  0.102254  
166  24.0337  23.2227  22.9767  23  22.9586  22.8688  24.2235  23.3461  22.9766  23  22.9586  22.8688  0 24.3643  23.3618  22.9969  22.989  22.9797  22.7981  0.123513  0.0199009  0.0120434  0.0209983  0.0363136  0.102251  
167  24.0337  23.2227  22.9767  23  22.9586  22.8688  24.1825  23.3339  22.9767  23  22.9586  22.8688  0 24.1766  23.3409  22.9857  22.988  22.9533  23.0835  0.119206  0.0197262  0.0120434  0.0209983  0.0363139  0.102252  
168  24.0337  23.2227  22.9767  23  22.9586  22.8688  24.2347  23.3029  22.9767  23  22.9586  22.8688  0 24.2668  23.3231  22.9743  23.0168  22.9883  23.0807  0.124721  0.0192899  0.0120434  0.0209983  0.0363142  0.102251  
169  24.0337  23.2227  22.9767  23  22.9586  22.8688  24.2624  23.3001  22.9767  23  22.9587  22.8688  0 24.396  23.333  22.9818  23.0057  22.9874  22.8429  0.12775  0.0192508  0.0120435  0.0209983  0.0363147  0.102251  
170  24.0337  23.2227  22.9767  23  22.9586  22.8688  24.2786  23.2987  22.9766  23  22.9586  22.8688  0 24.1356  23.3172  22.9549  22.965  22.9916  22.8753  0.129554  0.0192313  0.0120433  0.0209983  0.0363136  0.102254  
171  24.0337  23.2227  22.9767  23  22.9586  22.8688  24.3167  23.3469  22.9766  23  22.9586  22.8688  0 24.2728  23.3214  22.9829  23.0158  23.0455  22.994  0.133917  0.0199132  0.0120434  0.0209983  0.0363142  0.102252  
172  24.0337  23.2227  22.9767  23  22.9586  22.8688  24.2644  23.3207  22.9766  23  22.9586  22.8688  0 24.2649  23.3175  22.9655  23.0229  22.9673  22.8467  0.127968  0.0195389  0.0120434  0.0209983  0.0363138  0.102252  
173  24.0337  23.2227  22.9767  23  22.9586  22.8688  24.3471  23.2934  22.9766  23  22.9586  22.8688  0 24.2783  23.2917  22.9624  22.9981  22.9621  22.9447  0.137518  0.0191584  0.0120434  0.0209983  0.0363142  0.10225  
174  24.0337  23.2227  22.9767  23  22.9586  22.8688  24.5595  23.2686  22.9766  23  22.9586  22.8688  0 24.4627  23.2496  22.9916  23.0077  22.9277  22.9926  0.165615  0.0188214  0.0120433  0.0209983  0.0363135  0.102252  
175  24.0337  23.2227  22.9767  23  22.9586  22.8688  24.3215  23.3413  22.9766  23  22.9586  22.8689  0 24.0009  23.3655  22.9826  22.9783  22.9637  22.8491  0.134483  0.0198313  0.0120432  0.0209983  0.0363133  0.102255  
176  24.0337  23.2227  22.9767  23  22.9586  22.8688  24.328  23.3236  22.9766  23  22.9587  22.8688  0 24.3094  23.3533  22.953  22.9726  22.909  22.9295  0.135241  0.0195798  0.0120434  0.0209983  0.0363144  0.102251  
177  24.0337  23.2227  22.9767  23  22.9586  22.8688  24.2691  23.3261  22.9766  23  22.9586  22.8689  0 24.481  23.3118  23.0033  22.9753  22.8967  22.8478  0.128495  0.0196154  0.0120434  0.0209983  0.0363137  0.102255  
178  24.0337  23.2227  22.9767  23  22.9586  22.8688  24.2952  23.2945  22.9766  23  22.9586  22.8688  0 24.1461  23.2884  22.9727  23.0104  22.9859  22.9293  0.131447  0.0191738  0.0120433  0.0209983  0.0363136  0.102254  
179  24.0337  23.2227  22.9767  23  22.9586  22.8688  24.2266  23.3204  22.9767  23  22.9586  22.8688  0 24.3064  23.3129  22.994  23.0422  22.9254  22.9116  0.12385  0.0195349  0.0120434  0.0209983  0.036314  0.102253  
180  24.0337  23.2227  22.9767  23  22.9586  22.8688  24.472  23.3327  22.9766  23  22.9586  22.8688  0 24.2751  23.3551  22.9649  22.9852  22.9246  23.0691  0.153376  0.0197092  0.0120432  0.0209983  0.0363131  0.102251  
181  24.0337  23.2227  22.9767  23  22.9586  22.8688  24.1826  23.3055  22.9767  23  22.9586  22.8688  0 24.2268  23.3054  22.9871  22.9953  22.9178  22.7443  0.11922  0.0193268  0.0120435  0.0209983  0.036314  0.102249  
182  24.0337  23.2227  22.9767  23  22.9586  22.8688  24.3098  23.3391  22.9766  23  22.9586  22.8688  0 24.1056  23.3117  22.9835  22.9734  22.9973  22.9104  0.133121  0.0198002  0.0120434  0.0209983  0.0363136  0.102254  
183  24.0337  23.2227  22.9767  23  22.9586  22.8688  24.3287  23.3364  22.9766  23  22.9586  22.8688  0 24.3657  23.3413  22.9625  23.0098  22.9592  22.8225  0.135327  0.0197618  0.0120433  0.0209983  0.0363135  0.102252  
184  24.0337  23.2227  22.9767  23  22.9586  22.8688  24.7213  23.2873  22.9766  23  22.9586  22.8688  0 24.8157  23.3226  22.9966  22.9963  23.0007  22.7813  0.191032  0.0190757  0.0120433  0.0209983  0.0363136  0.102249  
185  24.0337  23.2227  22.9767  23  22.9586  22.8688  24.2586  23.2985  22.9767  23  22.9586  22.8688  0 24.5833  23.3317  22.9861  23.0023  23.0146  22.8905  0.127329  0.0192288  0.0120434  0.0209983  0.0363138  0.10225  
186  24.0337  23.2227  22.9767  23  22.9586  22.8688  24.3244  23.2963  22.9766  23  22.9586  22.8688  0 24.3959  23.3437  22.9707  23.006  22.9972  22.8509  0.134821  0.0191984  0.0120434  0.0209983  0.036314  0.10225  
187  24.0337  23.2227  22.9767  23  22.9586  22.8688  24.2802  23.3054  22.9766  23  22.9586  22.8688  0 24.157  23.3332  22.9832  23.0421  22.9452  22.7938  0.129739  0.019325  0.0120434  0.0209983  0.0363139  0.102252  
188  24.0337  23.2227  22.9767  23  22.9586  22.8688  24.3866  23.2982  22.9766  23  22.9586  22.8688  0 24.4318  23.2979  22.9873  22.9857  22.9153  22.829  0.142336  0.0192251  0.0120433  0.0209983  0.0363137  0.102249  
189  24.0337  23.2227  22.9767  23  22.9586  22.8688  24.4058  23.3207  22.9766  23  22.9586  22.8688  0 24.2703  23.3233  22.976  23.0393  22.9384  22.8535  0.144744  0.0195393  0.0120433  0.0209983  0.0363136  0.102253  
190  24.0337  23.2227  22.9767  23  22.9586  22.8688  24.2595  23.3224  22.9766  23  22.9586  22.8688  0 24.148  23.3198  22.9675  22.9749  22.9889  22.9068  0.127431  0.0195635  0.0120434  0.0209983  0.0363142  0.102254  
191  24.0337  23.2227  22.9767  23  22.9586  22.8688  24.2611  23.2775  22.9766  23  22.9586  22.8688  0 24.3021  23.2822  22.9731  23.0238  22.9607  22.8616  0.127605  0.0189418  0.0120434  0.0209983  0.0363137  0.10225  
192  24.0337  23.2227  22.9767  23  22.9586  22.8688  24.2697  23.3374  22.9766  23  22.9586  22.8688  0 24.5044  23.3497  22.9722  22.9621  22.9719  23.0093  0.128557  0.0197758  0.0120434  0.0209983  0.0363139  0.102252  
193  24.0337  23.2227  22.9767  23  22.9586  22.8688  24.3591  23.3183  22.9766  23  22.9586  22.8688  0 24.4562  23.393  23.0101  23.0132  23.0038  22.8377  0.138962  0.0195055  0.0120433  0.0209983  0.0363135  0.102249  
194  24.0337  23.2227  22.9767  23  22.9586  22.8688  24.3078  23.2803  22.9766  23  22.9586  22.8688  0 24.3271  23.2927  22.9534  22.9723  22.8918  22.8376  0.132884  0.0189799  0.0120434  0.0209983  0.0363137  0.102254  
195  24.0337  23.2227  22.9767  23  22.9586  22.8688  24.3567  23.3297  22.9767  23  22.9587  22.8688  0 24.361  23.336  22.9598  22.9856  22.9494  22.9113  0.138666  0.0196661  0.0120435  0.0209983  0.0363147  0.10225  
196  24.0337  23.2227  22.9767  23  22.9586  22.8688  24.294  23.2846  22.9766  23  22.9586  22.8688  0 24.2699  23.2734  22.9823  22.9909  22.9622  22.6848  0.131309  0.0190377  0.0120434  0.0209983  0.036314  0.10225  
197  24.0337  23.2227  22.9767  23  22.9586  22.8688  24.4296  23.3314  22.9766  23  22.9586  22.8689  0 24.3247  23.3214  22.9727  22.9887  23.0033  22.9165  0.147781  0.0196902  0.0120433  0.0209983  0.0363142  0.102255  
198  24.0337  23.2227  22.9767  23  22.9586  22.8688  24.3736  23.3171  22.9766  23  22.9586  22.8688  0 24.4849  23.3197  23.0007  23.0304  22.9741  22.9364  0.140724  0.0194881  0.0120434  0.0209983  0.0363141  0.10225  
199  24.0337  23.2227  22.9767  23  22.9586  22.8688  24.2681  23.295  22.9767  23  22.9586  22.8688  0 24.3152  23.2952  22.958  23.0226  22.8913  22.934  0.128383  0.019181  0.0120435  0.0209983  0.0363139  0.10225  
200  24.0337  23.2227  22.9767  23  22.9586  22.8688  24.507  23.3069  22.9766  23  22.9587  22.8688  0 24.7668  23.3241  23.0085  22.9922  22.9026  22.8774  0.158156  0.019345  0.0120434  0.0209983  0.0363143  0.102252  
201  24.0337  23.2227  22.9767  23  22.9586  22.8688  24.2828  23.2827  22.9767  23  22.9587  22.8688  0 24.1822  23.2812  22.9928  22.9875  22.9305  22.8286  0.130027  0.0190121  0.0120434  0.0209983  0.0363143  0.10225  
202  24.0337  23.2227  22.9767  23  22.9586  22.8688  24.2578  23.3227  22.9766  23  22.9586  22.8688  0 24.498  23.3285  22.9699  22.9719  22.9609  22.9215  0.127242  0.0195677  0.0120434  0.0209983  0.0363137  0.102252  
203  24.0337  23.2227  22.9767  23  22.9586  22.8688  24.328  23.3184  22.9767  23  22.9587  22.8688  0 24.3489  23.3524  22.982  22.9505  22.9848  23.0099  0.135246  0.0195062  0.0120434  0.0209983  0.0363143  0.102254  
204  24.0337  23.2227  22.9767  23  22.9586  22.8688  24.3834  23.3281  22.9767  23  22.9586  22.8688  0 24.4212  23.333  22.9651  22.9849  22.9766  22.8476  0.141934  0.0196432  0.0120434  0.0209983  0.0363142  0.102254  
205  24.0337  23.2227  22.9767  23  22.9586  22.8688  24.3369  23.2966  22.9766  23  22.9586  22.8688  0 24.3936  23.2983  22.9754  22.9938  22.883  22.908  0.136295  0.0192027  0.0120434  0.0209983  0.036314  0.102252  
206  24.0337  23.2227  22.9767  23  22.9586  22.8688  24.2556  23.3192  22.9767  23  22.9587  22.8688  0 24.1901  23.3144  22.9782  22.9673  23.0028  22.9626  0.126998  0.019518  0.0120435  0.0209983  0.0363143  0.102253  
207  24.0337  23.2227  22.9767  23  22.9586  22.8688  24.2777  23.3198  22.9766  23  22.9586  22.8688  0 24.1597  23.3247  22.9643  22.9825  22.9574  22.91  0.129454  0.0195257  0.0120433  0.0209983  0.0363135  0.102251  
208  24.0337  23.2227  22.9767  23  22.9586  22.8688  24.2556  23.3275  22.9767  23  22.9587  22.8688  0 24.2869  23.3713  22.9956  22.9946  22.9709  22.8903  0.127002  0.0196356  0.0120434  0.0209983  0.0363145  0.102252  
209  24.0337  23.2227  22.9767  23  22.9586  22.8688  24.2314  23.2818  22.9766  23  22.9586  22.8688  0 24.2229  23.264  22.9549  22.9932  22.9447  22.7756  0.124362  0.0190007  0.0120434  0.0209983  0.0363139  0.102251  
210  24.0337  23.2227  22.9767  23  22.9586  22.8688  24.2685  23.2859  22.9766  23  22.9586  22.8688  0 24.2839  23.2607  22.9875  22.9861  22.9926  22.7883  0.128424  0.0190555  0.0120434  0.0209983  0.0363138  0.10225  
211  24.0337  23.2227  22.9767  23  22.9586  22.8688  24.3765  23.3025  22.9766  23  22.9586  22.8688  0 24.1826  23.2941  22.9578  23.0029  22.9433  22.8748  0.141084  0.0192851  0.0120434  0.0209983  0.0363138  0.102252  
212  24.0337  23.2227  22.9767  23  22.9586  22.8688  24.3674  23.3073  22.9766  23  22.9586  22.8688  0 24.3107  23.319  22.9741  23.0287  22.9767  22.8708  0.139968  0.0193507  0.0120433  0.0209983  0.0363137  0.10225  
213  24.0337  23.2227  22.9767  23  22.9586  22.8688  24.3382  23.3184  22.9766  23  22.9586  22.8689  0 24.2352  23.3309  22.968  22.9917  22.9289  22.8389  0.136451  0.0195073  0.0120433  0.0209983  0.0363133  0.102257  
214  24.0337  23.2227  22.9767  23  22.9586  22.8688  24.3586  23.3291  22.9766  23  22.9586  22.8688  0 24.2607  23.2985  22.9755  23.0088  22.8919  22.8944  0.138897  0.0196571  0.0120433  0.0209983  0.0363136  0.102251  
215  24.0337  23.2227  22.9767  23  22.9586  22.8688  24.3068  23.3034  22.9767  23  22.9587  22.8688  0 24.2702  23.3294  22.9664  23.0283  22.882  22.793  0.132777  0.0192968  0.0120434  0.0209983  0.0363146  0.102251  
216  24.0337  23.2227  22.9767  23  22.9586  22.8688  24.2562  23.3053  22.9766  23  22.9586  22.8688  0 24.1817  23.3198  22.9801  22.9679  22.8915  22.8655  0.127066  0.0193237  0.0120433  0.0209983  0.0363135  0.102254  
217  24.0337  23.2227  22.9767  23  22.9586  22.8688  24.2229  23.3273  22.9767  23  22.9586  22.8688  0 24.154  23.3349  22.9783  23.011  22.8971  22.8353  0.123453  0.0196323  0.0120435  0.0209983  0.036314  0.102251  
218  24.0337  23.2227  22.9767  23  22.9586  22.8688  24.378  23.3133  22.9767  23  22.9587  22.8688  0 24.5591  23.2709  22.9757  22.9873  23.0157  22.9015  0.141267  0.0194344  0.0120434  0.0209983  0.0363143  0.10225  
219  24.0337  23.2227  22.9767  23  22.9586  22.8688  24.2802  23.3013  22.9766  23  22.9587  22.8688  0 24.1788  23.2818  22.9928  23.0139  22.9586  22.8153  0.129737  0.0192685  0.0120434  0.0209983  0.0363146  0.102253  
220  24.0337  23.2227  22.9767  23  22.9586  22.8688  24.2664  23.3364  22.9767  23  22.9587  22.8688  0 24.1573  23.3289  22.977  22.9751  22.9644  23.0669  0.128195  0.0197615  0.0120434  0.0209983  0.0363143  0.10225  
221  24.0337  23.2227  22.9767  23  22.9586  22.8688  24.3746  23.3136  22.9766  23  22.9586  22.8688  0 24.415  23.281  22.9844  22.9751  22.9927  22.9064  0.140847  0.0194385  0.0120433  0.0209983  0.0363138  0.102254  
222  24.0337  23.2227  22.9767  23  22.9586  22.8688  24.1865  23.2898  22.9766  23  22.9586  22.8688  0 24.0233  23.3194  22.9946  23.0213  22.9397  22.9878  0.119625  0.0191095  0.0120434  0.0209983  0.0363137  0.102251  
223  24.0337  23.2227  22.9767  23  22.9586  22.8688  24.2979  23.2886  22.9766  23  22.9586  22.8688  0 24.2689  23.2761  22.9735  23.0056  22.9474  22.8726  0.131747  0.0190935  0.0120434  0.0209983  0.0363135  0.102253  
224  24.0337  23.2227  22.9767  23  22.9586  22.8688  24.2495  23.3034  22.9767  23  22.9587  22.8688  0 24.3518  23.3203  22.9898  22.9768  22.9797  23.0512  0.12633  0.0192966  0.0120435  0.0209983  0.0363144  0.102251  
225  24.0337  23.2227  22.9767  23  22.9586  22.8688  24.2802  23.3304  22.9767  23  22.9587  22.8688  0 24.1752  23.3387  22.9936  22.9643  22.9771  22.7473  0.129738  0.019676  0.0120434  0.0209983  0.0363146  0.10225  
226  24.0337  23.2227  22.9767  23  22.9586  22.8688  24.3214  23.3045  22.9766  23  22.9587  22.8688  0 24.3891  23.2829  22.9499  22.9891  22.9699  22.8754  0.134465  0.0193122  0.0120434  0.0209983  0.0363143  0.102253  
227  24.0337  23.2227  22.9767  23  22.9586  22.8688  24.3034  23.3505  22.9766  23  22.9586  22.8688  0 24.1303  23.3271  22.9827  22.9904  22.9716  22.891  0.132381  0.0199651  0.0120434  0.0209983  0.0363139  0.10225  
228  24.0337  23.2227  22.9767  23  22.9586  22.8688  24.4114  23.2902  22.9767  23  22.9587  22.8688  0 24.4372  23.2502  22.9525  22.971  22.9622  22.7398  0.145452  0.0191145  0.0120435  0.0209983  0.0363143  0.102251  
229  24.0337  23.2227  22.9767  23  22.9586  22.8688  24.2442  23.3093  22.9766  23  22.9586  22.8688  0 24.2109  23.2846  22.9888  23.0171  23.0015  22.9584  0.12575  0.0193796  0.0120434  0.0209983  0.0363137  0.102252  
230  24.0337  23.2227  22.9767  23  22.9586  22.8688  24.2692  23.3134  22.9766  23  22.9586  22.8688  0 24.3278  23.2791  22.9742  23.0033  22.9346  23.0381  0.128501  0.0194358  0.0120434  0.0209983  0.036314  0.102253  
231  24.0337  23.2227  22.9767  23  22.9586  22.8688  24.3692  23.3298  22.9767  23  22.9587  22.8688  0 24.4608  23.3443  22.9949  22.9895  22.9985  23.0968  0.140187  0.0196672  0.0120434  0.0209983  0.0363147  0.102253  
232  24.0337  23.2227  22.9767  23  22.9586  22.8688  24.3029  23.3342  22.9766  23  22.9586  22.8688  0 24.3868  23.333  22.966  23.0026  22.997  23.086  0.132323  0.0197311  0.0120433  0.0209983  0.0363135  0.102253  
233  24.0337  23.2227  22.9767  23  22.9586  22.8688  24.149  23.3202  22.9767  23  22.9586  22.8688  0 24.0024  23.3133  22.9802  23.0018  22.9637  23.0432  0.115809  0.0195322  0.0120434  0.0209983  0.0363141  0.102251  
234  24.0337  23.2227  22.9767  23  22.9586  22.8688  24.3411  23.3182  22.9766  23  22.9586  22.8688  0 24.2822  23.3402  22.9832  22.9578  22.9905  22.8802  0.136798  0.0195032  0.0120434  0.0209983  0.0363138  0.102252  
235  24.0337  23.2227  22.9767  23  22.9586  22.8688  24.2566  23.2989  22.9766  23  22.9587  22.8688  0 24.2425  23.2803  22.9872  23.0029  22.9336  22.7843  0.127113  0.0192349  0.0120434  0.0209983  0.0363143  0.102252  
236  24.0337  23.2227  22.9767  23  22.9586  22.8688  24.3957  23.2895  22.9767  23  22.9587  22.8688  0 24.5116  23.298  22.9906  22.9931  22.9648  22.9303  0.143476  0.0191057  0.0120435  0.0209983  0.0363144  0.102252  
237  24.0337  23.2227  22.9767  23  22.9586  22.8688  24.4162  23.354  22.9766  23  22.9586  22.8689  0 24.6347  23.3216  22.9792  22.995  22.9864  22.8306  0.146061  0.0200158  0.0120433  0.0209983  0.036314  0.102256  
238  24.0337  23.2227  22.9767  23  22.9586  22.8688  24.2219  23.3387  22.9767  23  22.9586  22.8688  0 24.0099  23.3487  22.9744  23.0022  22.9725  22.9177  0.123346  0.0197952  0.0120434  0.0209983  0.0363138  0.10225  
239  24.0337  23.2227  22.9767  23  22.9586  22.8688  24.4294  23.3058  22.9766  23  22.9586  22.8688  0 24.5868  23.2734  22.9609  23.0056  22.9238  22.953  0.147758  0.01933  0.0120433  0.0209983  0.0363138  0.102251  
240  24.0337  23.2227  22.9767  23  22.9586  22.8688  24.2885  23.3602  22.9766  23  22.9586  22.8688  0 24.122  23.3694  22.9658  22.996  22.9478  23.0142  0.130682  0.0201061  0.0120433  0.0209983  0.0363139  0.10225  
241  24.0337  23.2227  22.9767  23  22.9586  22.8688  24.2585  23.3078  22.9766  23  22.9586  22.8688  0 24.3155  23.3375  22.9748  23.007  22.8925  22.8597  0.127318  0.0193584  0.0120433  0.0209983  0.0363134  0.102251  
242  24.0337  23.2227  22.9767  23  22.9586  22.8688  24.3591  23.3086  22.9766  23  22.9586  22.8688  0 24.2678  23.3279  22.9681  23.024  22.9073  22.8813  0.13896  0.0193687  0.0120434  0.0209983  0.036314  0.102251  
243  24.0337  23.2227  22.9767  23  22.9586  22.8688  24.3046  23.3369  22.9766  23  22.9586  22.8688  0 24.4399  23.3107  22.9948  22.9805  22.9805  22.9671  0.13252  0.0197686  0.0120434  0.0209983  0.0363138  0.102251  
244  24.0337  23.2227  22.9767  23  22.9586  22.8688  24.4004  23.3238  22.9766  23  22.9586  22.8688  0 24.6158  23.339  22.966  22.9978  22.9239  22.7713  0.144059  0.0195825  0.0120433  0.0209983  0.0363133  0.102252  
245  24.0337  23.2227  22.9767  23  22.9586  22.8688  24.2316  23.2895  22.9767  23  22.9586  22.8688  0 24.2163  23.2802  22.966  22.9918  23.0297  22.7719  0.124387  0.0191055  0.0120434  0.0209983  0.0363139  0.102251  
246  24.0337  23.2227  22.9767  23  22.9586  22.8688  24.2583  23.2969  22.9767  23  22.9586  22.8688  0 24.2049  23.3288  22.9727  22.9878  22.9743  22.7297  0.127293  0.0192063  0.0120434  0.0209983  0.0363141  0.102251  
247  24.0337  23.2227  22.9767  23  22.9586  22.8688  24.2204  23.3108  22.9767  23  22.9587  22.8688  0 24.1565  23.3271  22.9853  22.9758  23.0085  22.7783  0.123183  0.0194001  0.0120435  0.0209983  0.0363143  0.102252  
248  24.0337  23.2227  22.9767  23  22.9586  22.8688  24.2374  23.2784  22.9766  23  22.9586  22.8688  0 24.1562  23.2788  22.9839  22.9782  22.9442  22.8592  0.125006  0.0189539  0.0120434  0.0209983  0.0363141  0.10225  
249  24.0337  23.2227  22.9767  23  22.9586  22.8688  24.3429  23.3135  22.9767  23  22.9587  22.8688  0 24.2848  23.3306  22.963  23.0071  22.9341  22.9081  0.137009  0.0194379  0.0120434  0.0209983  0.0363144  0.10225  
250  24.0337  23.2227  22.9767  23  22.9586  22.8688  24.2895  23.2988  22.9767  23  22.9586  22.8688  0 24.212  23.2494  22.9793  23.0193  22.9614  22.9622  0.130793  0.019233  0.0120434  0.0209983  0.0363142  0.102251  
251  24.0337  23.2227  22.9767  23  22.9586  22.8688  24.3143  23.3151  22.9767  23  22.9587  22.8688  0 24.2195  23.328  22.9551  23.0111  22.9514  22.9846  0.133643  0.0194599  0.0120434  0.0209983  0.0363143  0.102251  
252  24.0337  23.2227  22.9767  23  22.9586  22.8688  24.2836  23.2929  22.9766  23  22.9586  22.8688  0 24.1657  23.3588  22.9789  23.011  22.9344  22.7523  0.130121  0.0191513  0.0120433  0.0209983  0.0363141  0.10225  
253  24.0337  23.2227  22.9767  23  22.9586  22.8688  24.3579  23.3035  22.9766  23  22.9587  22.8688  0 23.9891  23.2959  22.9719  22.9665  22.9773  22.9823  0.13881  0.0192986  0.0120433  0.0209983  0.0363143  0.102252  
254  24.0337  23.2227  22.9767  23  22.9586  22.8688  24.3248  23.3236  22.9767  23  22.9587  22.8688  0 24.2927  23.2882  22.9645  23.0258  22.9712  22.6831  0.134874  0.0195793  0.0120434  0.0209983  0.0363144  0.102251  
255  24.0337  23.2227  22.9767  23  22.9586  22.8688  24.2284  23.2986  22.9766  23  22.9586  22.8688  0 24.1428  23.2641  22.9718  22.9887  22.9579  22.784  0.124037  0.0192306  0.0120434  0.0209983  0.0363136  0.102249  
256  24.0337  23.2227  22.9767  23  22.9586  22.8688  24.3176  23.2996  22.9766  23  22.9586  22.8688  0 24.2694  23.3043  22.958  23.001  22.9418  22.793  0.13403  0.019244  0.0120434  0.0209983  0.0363142  0.10225  
257  24.0337  23.2227  22.9767  23  22.9586  22.8688  24.2592  23.3124  22.9766  23  22.9586  22.8688  0 24.278  23.3452  22.9754  23.0032  22.9494  22.7522  0.127399  0.0194218  0.0120434  0.0209983  0.0363142  0.102251  
258  24.0337  23.2227  22.9767  23  22.9586  22.8688  24.2563  23.2819  22.9767  23  22.9586  22.8688  0 24.0924  23.2993  22.9965  22.9744  22.9363  22.8233  0.127078  0.0190013  0.0120435  0.0209983  0.0363137  0.102251  
259  24.0337  23.2227  22.9767  23  22.9586  22.8688  24.3395  23.3175  22.9766  23  22.9586  22.8688  0 24.2473  23.3072  22.9745  23.007  22.9274  22.9197  0.136602  0.0194944  0.0120434  0.0209983  0.0363137  0.102253  
260  24.0337  23.2227  22.9767  23  22.9586  22.8688  24.2107  23.3239  22.9766  23  22.9586  22.8688  0 24.1102  23.3182  22.9771  22.9991  23.0171  22.8443  0.12215  0.0195846  0.0120434  0.0209983  0.036314  0.102252  
261  24.0337  23.2227  22.9767  23  22.9586  22.8688  24.263  23.3303  22.9767  23  22.9586  22.8688  0 24.2809  23.3087  22.9727  23.0021  22.9445  22.915  0.127816  0.0196752  0.0120435  0.0209983  0.0363141  0.102252  
262  24.0337  23.2227  22.9767  23  22.9586  22.8688  24.4363  23.3469  22.9766  23  22.9587  22.8688  0 24.5416  23.3526  22.9809  23.0295  22.9208  22.7928  0.148648  0.0199126  0.0120433  0.0209983  0.0363143  0.102254  
263  24.0337  23.2227  22.9767  23  22.9586  22.8688  24.3419  23.3228  22.9767  23  22.9587  22.8688  0 24.8041  23.2822  22.9881  23.006  22.9228  22.975  0.136889  0.0195685  0.0120434  0.0209983  0.0363147  0.102252  
264  24.0337  23.2227  22.9767  23  22.9586  22.8688  24.3313  23.3225  22.9766  23  22.9586  22.8689  0 24.3928  23.3407  22.9847  22.9943  22.9537  22.7979  0.13564  0.0195637  0.0120433  0.0209983  0.0363131  0.102255  
265  24.0337  23.2227  22.9767  23  22.9586  22.8688  24.3511  23.3095  22.9766  23  22.9587  22.8688  0 24.2678  23.305  22.9723  23.0205  22.9628  22.8106  0.137989  0.0193824  0.0120434  0.0209983  0.0363146  0.102249  
266  24.0337  23.2227  22.9767  23  22.9586  22.8688  24.3468  23.3167  22.9767  23  22.9587  22.8688  0 24.225  23.3318  22.9623  22.9913  22.9106  22.7681  0.137483  0.0194831  0.0120434  0.0209983  0.0363148  0.102252  
267  24.0337  23.2227  22.9767  23  22.9586  22.8688  24.4571  23.2957  22.9766  23  22.9586  22.8688  0 24.4585  23.317  22.9945  22.9944  22.9847  22.81  0.151382  0.0191903  0.0120434  0.0209983  0.0363138  0.102252  
268  24.0337  23.2227  22.9767  23  22.9586  22.8688  24.3956  23.3139  22.9766  23  22.9586  22.8688  0 24.4064  23.2983  23.0014  23.0194  22.9629  22.9404  0.143461  0.0194435  0.0120433  0.0209983  0.036314  0.102249  
269  24.0337  23.2227  22.9767  23  22.9586  22.8688  24.3535  23.2794  22.9767  23  22.9587  22.8688  0 24.2305  23.28  22.9707  22.9925  22.9373  22.8954  0.13828  0.0189674  0.0120434  0.0209983  0.0363143  0.10225  
270  24.0337  23.2227  22.9767  23  22.9586  22.8688  24.2572  23.2888  22.9766  23  22.9586  22.8688  0 24.5028  23.2763  22.9681  23.0397  22.9436  22.9418  0.127177  0.0190962  0.0120434  0.0209983  0.0363135  0.102252  
271  24.0337  23.2227  22.9767  23  22.9586  22.8688  24.4294  23.2996  22.9767  23  22.9587  22.8688  0 24.2741  23.3005  22.9915  23.0287  22.9377  22.6911  0.14776  0.0192439  0.0120434  0.0209983  0.0363147  0.10225  
272  24.0337  23.2227  22.9767  23  22.9586  22.8688  24.442  23.3045  22.9767  23  22.9587  22.8688  0 24.6511  23.2866  22.962  23.0147  23.0135  22.8913  0.149402  0.0193126  0.0120434  0.0209983  0.0363147  0.102251  
273  24.0337  23.2227  22.9767  23  22.9586  22.8688  24.2369  23.3149  22.9767  23  22.9586  22.8688  0 24.408  23.2911  22.9829  23.04  22.9769  22.6987  0.124955  0.0194574  0.0120434  0.0209983  0.0363138  0.10225  
274  24.0337  23.2227  22.9767  23  22.9586  22.8688  24.3841  23.3265  22.9766  23  22.9586  22.8688  0 24.4628  23.3298  22.9966  23.0228  22.9276  22.7705  0.142027  0.0196213  0.0120434  0.0209983  0.0363141  0.102249  
275  24.0337  23.2227  22.9767  23  22.9586  22.8688  24.3971  23.3285  22.9766  23  22.9586  22.8688  0 24.2481  23.3353  22.9991  23.0019  22.9745  22.9166  0.143648  0.0196496  0.0120434  0.0209983  0.036314  0.10225  
276  24.0337  23.2227  22.9767  23  22.9586  22.8688  24.3479  23.316  22.9766  23  22.9586  22.8688  0 24.5138  23.3341  22.9697  22.9744  22.9278  22.8133  0.137605  0.0194735  0.0120434  0.0209983  0.0363137  0.102251  
277  24.0337  23.2227  22.9767  23  22.9586  22.8688  24.3653  23.3044  22.9766  23  22.9586  22.8688  0 24.8607  23.2964  22.9651  22.9828  22.942  22.9836  0.139719  0.0193105  0.0120434  0.0209983  0.036314  0.102252  
278  24.0337  23.2227  22.9767  23  22.9586  22.8688  24.3353  23.3064  22.9767  23  22.9586  22.8688  0 24.1624  23.303  22.9619  23.0129  22.9643  22.9008  0.136108  0.0193382  0.0120434  0.0209983  0.0363139  0.102251  
279  24.0337  23.2227  22.9767  23  22.9586  22.8688  24.3572  23.326  22.9766  23  22.9586  22.8688  0 24.5572  23.3074  22.9739  23.0209  22.9689  22.9986  0.13873  0.0196135  0.0120434  0.0209983  0.0363137  0.102253  
280  24.0337  23.2227  22.9767  23  22.9586  22.8688  24.3252  23.3362  22.9766  23  22.9586  22.8688  0 24.168  23.3401  22.966  22.9702  22.9574  22.8204  0.134918  0.0197586  0.0120433  0.0209983  0.0363137  0.102251  
281  24.0337  23.2227  22.9767  23  22.9586  22.8688  24.2499  23.2972  22.9766  23  22.9586  22.8688  0 24.3189  23.2971  22.9997  22.9821  22.9747  22.8488  0.126373  0.0192109  0.0120434  0.0209983  0.0363138  0.102251  
282  24.0337  23.2227  22.9767  23  22.9586  22.8688  24.2333  23.2773  22.9766  23  22.9586  22.8688  0 24.2852  23.2888  22.9888  23.0246  23.0156  23.0245  0.124563  0.0189384  0.0120434  0.0209983  0.0363136  0.10225  
283  24.0337  23.2227  22.9767  23  22.9586  22.8688  24.2326  23.2964  22.9766  23  22.9586  22.8688  0 24.3536  23.29  22.9699  22.9821  22.9309  22.7992  0.124494  0.0192006  0.0120434  0.0209983  0.0363139  0.10225  
284  24.0337  23.2227  22.9767  23  22.9586  22.8688  24.3231  23.2814  22.9767  23  22.9587  22.8688  0 24.2712  23.2956  22.9747  23.0154  22.9521  22.7967  0.134665  0.0189939  0.0120434  0.0209983  0.0363144  0.10225  
285  24.0337  23.2227  22.9767  23  22.9586  22.8688  24.3145  23.3205  22.9766  23  22.9586  22.8688  0 24.1069  23.3041  22.9761  23.0346  22.9538  22.9014  0.13367  0.0195367  0.0120434  0.0209983  0.0363136  0.102254  
286  24.0337  23.2227  22.9767  23  22.9586  22.8688  24.3155  23.2704  22.9766  23  22.9586  22.8688  0 24.4235  23.2776  22.9875  22.9801  22.9312  22.7736  0.133782  0.0188452  0.0120434  0.0209983  0.0363137  0.102249  
287  24.0337  23.2227  22.9767  23  22.9586  22.8688  24.4555  23.33  22.9766  23  22.9586  22.8688  0 24.3309  23.3304  22.9955  23.0334  22.9871  22.7593  0.151169  0.01967  0.0120433  0.0209983  0.0363141  0.102253  
288  24.0337  23.2227  22.9767  23  22.9586  22.8688  24.3648  23.3166  22.9766  23  22.9587  22.8688  0 24.3616  23.3207  22.9841  23.022  22.9602  23.0499  0.139648  0.0194817  0.0120434  0.0209983  0.0363143  0.102253  
289  24.0337  23.2227  22.9767  23  22.9586  22.8688  24.2302  23.3149  22.9766  23  22.9586  22.8688  0 24.2808  23.359  22.9835  22.9669  22.9416  22.7282  0.124236  0.0194576  0.0120434  0.0209983  0.036314  0.102253  
290  24.0337  23.2227  22.9767  23  22.9586  22.8688  24.2353  23.3231  22.9767  23  22.9586  22.8688  0 24.1883  23.2881  22.9802  22.9982  22.9369  22.9139  0.124781  0.0195726  0.0120434  0.0209983  0.0363139  0.10225  
291  24.0337  23.2227  22.9767  23  22.9586  22.8688  24.5376  23.3149  22.9766  23  22.9586  22.8688  0 24.7258  23.321  22.9972  22.9842  22.9746  23.1102  0.162465  0.0194577  0.0120433  0.0209983  0.0363138  0.102252  
292  24.0337  23.2227  22.9767  23  22.9586  22.8688  24.2922  23.2828  22.9766  23  22.9586  22.8688  0 24.1827  23.2483  22.9828  22.9791  22.9624  22.8452  0.131099  0.0190137  0.0120433  0.0209983  0.0363131  0.102249  
293  24.0337  23.2227  22.9767  23  22.9586  22.8688  24.2618  23.3298  22.9766  23  22.9586  22.8688  0 24.1414  23.3374  22.9758  22.9875  22.9611  22.8963  0.127687  0.0196673  0.0120434  0.0209983  0.0363142  0.102252  
294  24.0337  23.2227  22.9767  23  22.9586  22.8688  24.3761  23.3093  22.9767  23  22.9586  22.8688  0 24.3518  23.3091  22.9675  22.9938  22.9543  22.9909  0.141038  0.0193794  0.0120434  0.0209983  0.0363141  0.102251  
295  24.0337  23.2227  22.9767  23  22.9586  22.8688  24.23  23.3198  22.9766  23  22.9586  22.8688  0 24.5318  23.3319  22.9729  22.9999  22.9451  22.9552  0.124211  0.0195261  0.0120434  0.0209983  0.036314  0.102253  
296  24.0337  23.2227  22.9767  23  22.9586  22.8688  24.3364  23.3197  22.9766  23  22.9586  22.8688  0 24.239  23.328  22.982  23.0002  23.0109  22.8465  0.136238  0.0195249  0.0120433  0.0209983  0.0363136  0.10225  
297  24.0337  23.2227  22.9767  23  22.9586  22.8688  24.333  23.3183  22.9767  23  22.9587  22.8688  0 24.3132  23.3057  22.991  23.0026  22.9054  22.737  0.135841  0.0195047  0.0120434  0.0209983  0.0363144  0.102253  
298  24.0337  23.2227  22.9767  23  22.9586  22.8688  24.391  23.3347  22.9766  23  22.9586  22.8688  0 24.5672  23.3159  22.9741  23.0117  22.9774  22.9132  0.142879  0.0197381  0.0120434  0.0209983  0.0363137  0.10225  
299  24.0337  23.2227  22.9767  23  22.9586  22.8688  24.3213  23.323  22.9766  23  22.9586  22.8688  0 24.2671  23.3104  22.9819  23.0058  22.9093  22.9675  0.134453  0.0195711  0.0120434  0.0209983  0.0363141  0.102252  
300  24.0337  23.2227  22.9767  23  22.9586  22.8688  24.4474  23.2908  22.9766  23  22.9586  22.8688  0 24.2042  23.2712  22.9942  23.0033  22.9347  23.0616  0.150108  0.0191231  0.0120433  0.0209983  0.0363137  0.102253  
