1  24.3173  23.272  23.0112  23  22.9963  22.9039  24.6772  23.3658  23.0112  23  22.9963  22.904  0 24.4955  23.3483  23.0086  22.9817  23.019  22.9304  0.183728  0.0201876  0.0123512  0.0209983  0.0375904  0.105615  
2  24.3173  23.272  23.0112  23  22.9963  22.9039  24.5878  23.3709  23.0112  23  22.9963  22.904  0 24.6309  23.3675  23.0018  22.9992  22.984  22.8556  0.169793  0.0202628  0.0123512  0.0209983  0.0375909  0.105612  
3  24.3173  23.272  23.0112  23  22.9963  22.9039  24.7806  23.3965  23.0112  23  22.9963  22.904  0 24.6468  23.3676  23.0179  23.0205  22.9914  22.8047  0.201333  0.0206436  0.012351  0.0209983  0.0375898  0.105614  
4  24.3173  23.272  23.0112  23  22.9963  22.9039  24.5088  23.3744  23.0112  23  22.9963  22.9039  0 24.5169  23.3621  23.0124  23.0015  23.0147  22.8686  0.158405  0.0203146  0.0123512  0.0209983  0.0375905  0.105612  
5  24.3173  23.272  23.0112  23  22.9963  22.9039  24.6307  23.3862  23.0112  23  22.9963  22.904  0 24.657  23.3778  23.0191  23.0027  23.0243  22.9928  0.176329  0.0204895  0.0123511  0.0209983  0.0375901  0.105613  
6  24.3173  23.272  23.0112  23  22.9963  22.9039  24.6335  23.3946  23.0112  23  22.9963  22.9039  0 24.6603  23.3925  23.008  23.0223  22.9636  23.0792  0.176779  0.0206157  0.0123512  0.0209983  0.0375904  0.105612  
7  24.3173  23.272  23.0112  23  22.9963  22.9039  24.6758  23.3891  23.0112  23  22.9963  22.904  0 24.3346  23.4191  23.0067  23.0105  23.0196  22.9036  0.18349  0.0205334  0.0123511  0.0209983  0.0375908  0.105613  
8  24.3173  23.272  23.0112  23  22.9963  22.9039  24.501  23.3682  23.0112  23  22.9963  22.904  0 24.8036  23.3695  23.0047  22.9938  23.0428  22.9685  0.157321  0.0202225  0.0123511  0.0209983  0.0375905  0.105613  
9  24.3173  23.272  23.0112  23  22.9963  22.9039  24.5993  23.3755  23.0112  23  22.9963  22.904  0 24.416  23.3911  23.0173  23.0203  22.9691  23.0122  0.171525  0.0203308  0.0123511  0.0209983  0.0375898  0.105614  
10  24.3173  23.272  23.0112  23  22.9963  22.9039  24.7236  23.3579  23.0112  23  22.9963  22.9039  0 24.573  23.3647  23.0007  22.9843  23.0055  22.9328  0.191411  0.0200721  0.0123511  0.0209983  0.0375901  0.105612  
11  24.3173  23.272  23.0112  23  22.9963  22.9039  24.7039  23.4229  23.0112  23  22.9963  22.904  0 24.9838  23.4324  23.0197  22.9729  23.0277  23.0828  0.188107  0.0210465  0.0123511  0.0209983  0.0375907  0.105613  
12  24.3173  23.272  23.0112  23  22.9963  22.9039  24.536  23.3708  23.0112  23  22.9963  22.904  0 24.9267  23.3776  23.0079  23.0032  23.0243  22.7819  0.162228  0.0202609  0.0123511  0.0209983  0.03759  0.105615  
13  24.3173  23.272  23.0112  23  22.9963  22.9039  24.4478  23.3505  23.0112  23  22.9963  22.9039  0 24.4968  23.3081  23.0229  22.9928  23.0314  23.0194  0.150152  0.0199648  0.0123512  0.0209983  0.0375905  0.105612  
14  24.3173  23.272  23.0112  23  22.9963  22.9039  24.6141  23.3639  23.0112  23  22.9963  22.904  0 24.842  23.3456  23.0096  22.9896  22.9813  22.9597  0.173772  0.0201599  0.0123511  0.0209983  0.0375902  0.105614  
15  24.3173  23.272  23.0112  23  22.9963  22.9039  24.6867  23.4096  23.0112  23  22.9963  22.904  0 25.0536  23.3829  23.0217  23.0255  22.9993  23.0769  0.185277  0.0208426  0.0123512  0.0209983  0.0375906  0.105615  
16  24.3173  23.272  23.0112  23  22.9963  22.9039  24.6895  23.3672  23.0112  23  22.9963  22.904  0 25.1719  23.3624  23.0271  23.0113  22.899  22.897  0.18574  0.0202087  0.0123512  0.0209983  0.0375903  0.105613  
17  24.3173  23.272  23.0112  23  22.9963  22.9039  24.7689  23.3625  23.0112  23  22.9964  22.904  0 24.6851  23.3891  22.9952  22.9702  23.0297  22.9515  0.199249  0.0201398  0.0123511  0.0209983  0.0375917  0.105613  
18  24.3173  23.272  23.0112  23  22.9963  22.9039  24.4724  23.3746  23.0112  23  22.9963  22.904  0 24.6937  23.3713  22.992  23.0013  22.9644  22.9419  0.153423  0.0203178  0.0123512  0.0209983  0.0375903  0.105614  
19  24.3173  23.272  23.0112  23  22.9963  22.9039  24.5701  23.4408  23.0112  23  22.9963  22.904  0 24.9057  23.4388  23.0249  23.0111  22.9824  22.823  0.167177  0.0213245  0.0123512  0.0209983  0.0375903  0.105614  
20  24.3173  23.272  23.0112  23  22.9963  22.9039  24.5887  23.3879  23.0112  23  22.9963  22.904  0 24.6638  23.396  23.0016  22.9971  22.8929  22.7572  0.16993  0.020515  0.012351  0.0209983  0.0375898  0.105616  
21  24.3173  23.272  23.0112  23  22.9963  22.9039  24.7054  23.3937  23.0112  23  22.9963  22.904  0 24.6015  23.4159  23.0304  23.0133  22.992  23.048  0.188362  0.0206012  0.0123512  0.0209983  0.0375909  0.105617  
22  24.3173  23.272  23.0112  23  22.9963  22.9039  24.6329  23.4128  23.0112  23  22.9964  22.904  0 24.6605  23.4233  23.0179  23.009  23.0543  22.8442  0.176687  0.0208922  0.0123512  0.0209983  0.0375915  0.105613  
23  24.3173  23.272  23.0112  23  22.9963  22.9039  24.6747  23.3985  23.0112  23  22.9963  22.904  0 24.5848  23.39  23.021  22.9838  22.9905  23.1163  0.18332  0.0206748  0.0123512  0.0209983  0.0375913  0.105613  
24  24.3173  23.272  23.0112  23  22.9963  22.9039  24.8954  23.3932  23.0112  23  22.9963  22.904  0 24.8812  23.3785  23.0082  22.9812  23.0126  22.8344  0.222951  0.0205948  0.012351  0.0209983  0.0375905  0.105615  
25  24.3173  23.272  23.0112  23  22.9963  22.9039  24.7121  23.4228  23.0112  23  22.9963  22.904  0 24.7522  23.4078  23.0394  22.9948  22.9299  22.8729  0.189486  0.0210449  0.0123512  0.0209983  0.037591  0.105616  
26  24.3173  23.272  23.0112  23  22.9963  22.9039  24.6161  23.3978  23.0112  23  22.9963  22.904  0 24.5816  23.3947  23.0118  23.0302  22.9793  22.8919  0.174086  0.020664  0.0123512  0.0209983  0.0375905  0.105615  
27  24.3173  23.272  23.0112  23  22.9963  22.9039  24.7756  23.3883  23.0112  23  22.9963  22.904  0 24.8533  23.4341  23.011  23.0267  23.0136  22.7303  0.200444  0.0205202  0.0123511  0.0209983  0.0375908  0.105615  
28  24.3173  23.272  23.0112  23  22.9963  22.9039  24.6807  23.3969  23.0112  23  22.9963  22.904  0 24.6445  23.4095  23.0109  22.9583  22.9765  22.8535  0.184298  0.0206501  0.0123512  0.0209983  0.0375906  0.105615  
29  24.3173  23.272  23.0112  23  22.9963  22.9039  24.4781  23.3814  23.0112  23  22.9963  22.904  0 24.4574  23.3842  23.0122  23.0108  22.9203  22.9604  0.154201  0.0204186  0.0123512  0.0209983  0.0375903  0.105615  
30  24.3173  23.272  23.0112  23  22.9963  22.9039  24.5846  23.3976  23.0112  23  22.9963  22.9039  0 24.7482  23.3935  23.0062  22.9738  22.9945  23.0069  0.169311  0.0206601  0.0123512  0.0209983  0.0375906  0.105612  
31  24.3173  23.272  23.0112  23  22.9963  22.9039  24.6019  23.3773  23.0112  23  22.9963  22.904  0 24.4715  23.367  23.0292  22.9874  23.0736  22.6737  0.171911  0.0203564  0.0123511  0.0209983  0.0375897  0.105613  
32  24.3173  23.272  23.0112  23  22.9963  22.9039  24.4986  23.4013  23.0112  23  22.9963  22.904  0 24.5247  23.3655  23.0195  22.9826  22.943  22.8929  0.156996  0.020717  0.0123512  0.0209983  0.0375903  0.105615  
33  24.3173  23.272  23.0112  23  22.9963  22.9039  24.7341  23.411  23.0112  23  22.9963  22.904  0 24.7197  23.4301  23.0113  23.0667  23.0578  23.0402  0.193207  0.0208646  0.0123511  0.0209983  0.0375904  0.105614  
34  24.3173  23.272  23.0112  23  22.9963  22.9039  24.5246  23.4019  23.0112  23  22.9963  22.904  0 24.3373  23.3962  23.0009  22.9884  23.0045  23.0746  0.16062  0.0207252  0.0123512  0.0209983  0.0375906  0.105613  
35  24.3173  23.272  23.0112  23  22.9963  22.9039  24.6646  23.4348  23.0112  23  22.9963  22.904  0 24.8236  23.4211  22.9999  22.9848  22.9772  22.7069  0.181697  0.021231  0.012351  0.0209983  0.03759  0.105614  
36  24.3173  23.272  23.0112  23  22.9963  22.9039  24.6054  23.3862  23.0112  23  22.9963  22.904  0 24.6767  23.3648  22.9948  22.9771  23.0381  23.0763  0.172451  0.0204898  0.0123512  0.0209983  0.0375905  0.105614  
37  24.3173  23.272  23.0112  23  22.9963  22.9039  24.6449  23.3806  23.0112  23  22.9963  22.904  0 24.8572  23.3825  23.015  22.9651  22.9942  22.8214  0.178559  0.0204061  0.0123512  0.0209983  0.037591  0.105612  
38  24.3173  23.272  23.0112  23  22.9963  22.9039  24.7668  23.3901  23.0112  23  22.9964  22.904  0 25.0071  23.3933  23.0157  23.0127  23.0123  22.8179  0.198876  0.0205481  0.0123512  0.0209983  0.0375915  0.105614  
39  24.3173  23.272  23.0112  23  22.9963  22.9039  24.6545  23.3847  23.0112  23  22.9963  22.904  0 24.4084  23.3879  23.0037  23.0527  22.9184  23.0737  0.180079  0.0204676  0.0123512  0.0209983  0.0375904  0.105614  
40  24.3173  23.272  23.0112  23  22.9963  22.9039  24.593  23.386  23.0112  23  22.9963  22.904  0 24.8447  23.3941  23.0026  23.0141  23.0373  22.9122  0.170573  0.0204871  0.0123512  0.0209983  0.037591  0.105612  
41  24.3173  23.272  23.0112  23  22.9963  22.9039  24.573  23.3812  23.0112  23  22.9963  22.904  0 24.4007  23.3758  22.9876  23.0304  22.9116  22.9761  0.167599  0.0204142  0.0123512  0.0209983  0.0375908  0.105614  
42  24.3173  23.272  23.0112  23  22.9963  22.9039  24.6727  23.3973  23.0112  23  22.9963  22.904  0 24.7262  23.388  23.0086  22.989  23.0429  22.8944  0.182991  0.0206555  0.0123512  0.0209983  0.0375906  0.105615  
43  24.3173  23.272  23.0112  23  22.9963  22.9039  24.6713  23.3575  23.0112  23  22.9963  22.904  0 24.3758  23.3366  23.0323  23.0171  23.0212  22.8281  0.182777  0.0200667  0.0123511  0.0209983  0.0375902  0.105614  
44  24.3173  23.272  23.0112  23  22.9963  22.9039  24.6574  23.3863  23.0112  23  22.9963  22.904  0 24.7358  23.3913  23.0047  23.022  23.0148  22.8315  0.180539  0.0204904  0.0123512  0.0209983  0.0375904  0.105613  
45  24.3173  23.272  23.0112  23  22.9963  22.9039  24.5874  23.4145  23.0112  23  22.9963  22.904  0 24.9349  23.4142  23.0177  23.0248  22.9928  22.8404  0.169742  0.0209177  0.0123511  0.0209983  0.0375906  0.105612  
46  24.3173  23.272  23.0112  23  22.9963  22.9039  24.8146  23.3667  23.0112  23  22.9963  22.904  0 24.7059  23.3382  22.989  22.9592  22.9619  22.7859  0.2075  0.0202004  0.0123511  0.0209983  0.0375903  0.105613  
47  24.3173  23.272  23.0112  23  22.9963  22.9039  24.6441  23.4175  23.0112  23  22.9963  22.904  0 25.1518  23.4271  23.0042  23.0065  22.9337  22.8922  0.178436  0.0209631  0.0123512  0.0209983  0.0375912  0.105613  
48  24.3173  23.272  23.0112  23  22.9963  22.9039  24.6643  23.4029  23.0112  23  22.9963  22.904  0 24.6933  23.3984  23.0231  22.9974  22.9697  23.1272  0.181641  0.0207413  0.0123511  0.0209983  0.0375907  0.105612  
49  24.3173  23.272  23.0112  23  22.9963  22.9039  24.7926  23.3568  23.0112  23  22.9963  22.9039  0 24.8221  23.3411  23.0254  22.9938  23.0303  22.8498  0.203493  0.0200563  0.0123512  0.0209983  0.0375903  0.105612  
50  24.3173  23.272  23.0112  23  22.9963  22.9039  24.5583  23.3999  23.0112  23  22.9963  22.904  0 24.5115  23.3868  22.987  22.9519  22.9927  22.9087  0.16545  0.0206961  0.0123512  0.0209983  0.0375906  0.105615  
51  24.3173  23.272  23.0112  23  22.9963  22.9039  24.5995  23.3903  23.0112  23  22.9963  22.904  0 24.5696  23.3944  23.0014  22.986  23.0103  22.9703  0.171554  0.0205513  0.0123512  0.0209983  0.0375904  0.105615  
52  24.3173  23.272  23.0112  23  22.9963  22.9039  24.5336  23.4068  23.0112  23  22.9963  22.904  0 24.5711  23.3956  23.0142  22.9919  22.9404  22.8317  0.161898  0.0207997  0.0123511  0.0209983  0.0375903  0.105613  
53  24.3173  23.272  23.0112  23  22.9963  22.9039  24.6894  23.4028  23.0112  23  22.9963  22.9039  0 24.3779  23.4064  23.0313  22.9849  23.0231  22.8077  0.185721  0.0207393  0.0123511  0.0209983  0.0375904  0.105612  
54  24.3173  23.272  23.0112  23  22.9963  22.9039  24.6579  23.4154  23.0112  23  22.9963  22.904  0 24.3902  23.3818  23.0122  23.017  23.096  22.9807  0.180628  0.020932  0.0123511  0.0209983  0.0375906  0.105614  
55  24.3173  23.272  23.0112  23  22.9963  22.9039  24.5375  23.3933  23.0112  23  22.9963  22.904  0 24.6543  23.3732  23.0127  22.9874  22.9884  22.8305  0.162454  0.0205954  0.0123512  0.0209983  0.0375907  0.105613  
56  24.3173  23.272  23.0112  23  22.9963  22.9039  24.6733  23.379  23.0112  23  22.9963  22.9039  0 24.614  23.4106  23.0106  22.9953  23.0182  22.7604  0.183092  0.0203819  0.0123512  0.0209983  0.0375911  0.105612  
57  24.3173  23.272  23.0112  23  22.9963  22.9039  24.6715  23.406  23.0112  23  22.9963  22.9039  0 24.6299  23.4105  23.0296  23.0119  23.0068  22.8464  0.182807  0.0207878  0.012351  0.0209983  0.0375896  0.105611  
58  24.3173  23.272  23.0112  23  22.9963  22.9039  24.5554  23.3801  23.0112  23  22.9963  22.904  0 24.3494  23.4307  23.013  23.0014  22.9836  22.9072  0.165022  0.020399  0.0123512  0.0209983  0.0375906  0.105613  
59  24.3173  23.272  23.0112  23  22.9963  22.9039  24.8548  23.3829  23.0112  23  22.9963  22.904  0 24.5484  23.3646  23.0259  22.9756  23.0199  22.929  0.215034  0.0204398  0.0123511  0.0209983  0.0375906  0.105615  
60  24.3173  23.272  23.0112  23  22.9963  22.9039  24.5834  23.3591  23.0112  23  22.9963  22.9039  0 24.1673  23.3821  23.0163  23.0115  22.9693  22.9208  0.169143  0.0200901  0.0123511  0.0209983  0.0375901  0.105612  
61  24.3173  23.272  23.0112  23  22.9963  22.9039  24.5907  23.3746  23.0112  23  22.9963  22.904  0 24.5332  23.3445  23.0034  23.0319  22.964  22.8523  0.170234  0.0203178  0.012351  0.0209983  0.0375899  0.105614  
62  24.3173  23.272  23.0112  23  22.9963  22.9039  24.4888  23.3885  23.0112  23  22.9963  22.904  0 24.5107  23.3861  23.0266  22.9921  22.9242  23.049  0.155648  0.0205234  0.0123512  0.0209983  0.0375905  0.105615  
63  24.3173  23.272  23.0112  23  22.9963  22.9039  24.5574  23.3772  23.0112  23  22.9963  22.904  0 24.376  23.3407  23.0038  22.985  22.9576  22.8038  0.165306  0.0203551  0.0123512  0.0209983  0.0375909  0.105613  
64  24.3173  23.272  23.0112  23  22.9963  22.9039  24.7164  23.4058  23.0112  23  22.9963  22.904  0 24.898  23.4005  23.0293  23.0155  23.0996  22.882  0.190199  0.0207852  0.0123512  0.0209983  0.0375907  0.105613  
65  24.3173  23.272  23.0112  23  22.9963  22.9039  24.5318  23.3671  23.0112  23  22.9963  22.904  0 24.6269  23.3816  23.0137  22.9878  22.9707  22.8875  0.161631  0.0202069  0.0123511  0.0209983  0.03759  0.105615  
66  24.3173  23.272  23.0112  23  22.9963  22.9039  24.6761  23.3971  23.0112  23  22.9963  22.904  0 24.6721  23.4347  23.0227  23.0354  22.9921  22.8055  0.183541  0.0206531  0.0123511  0.0209983  0.0375902  0.105614  
67  24.3173  23.272  23.0112  23  22.9963  22.9039  24.6092  23.3509  23.0112  23  22.9963  22.9039  0 24.5887  23.3387  22.9999  23.0401  23.0155  22.9634  0.173024  0.0199698  0.0123511  0.0209983  0.0375901  0.10561  
68  24.3173  23.272  23.0112  23  22.9963  22.9039  24.5284  23.3667  23.0112  23  22.9963  22.904  0 24.6679  23.3489  23.0126  23.0029  23.0227  22.926  0.161147  0.0202014  0.0123511  0.0209983  0.0375901  0.105615  
69  24.3173  23.272  23.0112  23  22.9963  22.9039  24.6269  23.4007  23.0112  23  22.9963  22.904  0 25.0143  23.4013  23.0133  23.0185  23.0193  22.87  0.175745  0.0207069  0.0123512  0.0209983  0.0375905  0.105614  
70  24.3173  23.272  23.0112  23  22.9963  22.9039  24.6242  23.3854  23.0112  23  22.9963  22.904  0 24.5403  23.4267  22.9872  23.0114  22.9478  23.0781  0.175324  0.0204769  0.0123511  0.0209983  0.0375904  0.105615  
71  24.3173  23.272  23.0112  23  22.9963  22.9039  24.5842  23.3785  23.0112  23  22.9963  22.904  0 24.4466  23.3668  22.9991  23.0206  22.9477  22.9398  0.169259  0.020375  0.0123511  0.0209983  0.03759  0.105613  
72  24.3173  23.272  23.0112  23  22.9963  22.9039  24.5438  23.3686  23.0112  23  22.9963  22.9039  0 24.7188  23.3712  23.0099  22.9797  23.038  23.0806  0.163346  0.0202283  0.0123511  0.0209983  0.0375904  0.105611  
73  24.3173  23.272  23.0112  23  22.9963  22.9039  24.5148  23.371  23.0112  23  22.9963  22.904  0 24.4805  23.3631  22.9929  23.0085  22.9865  22.9754  0.159237  0.0202632  0.0123512  0.0209983  0.0375906  0.105615  
74  24.3173  23.272  23.0112  23  22.9963  22.9039  24.6663  23.3807  23.0112  23  22.9963  22.9039  0 24.5483  23.3287  23.0063  23.0229  22.9633  22.8835  0.181962  0.0204077  0.0123511  0.0209983  0.0375903  0.105612  
75  24.3173  23.272  23.0112  23  22.9963  22.9039  24.6095  23.3635  23.0112  23  22.9963  22.9039  0 24.4951  23.3405  23.0321  22.9977  23.0125  22.9885  0.173069  0.020154  0.0123512  0.0209983  0.0375907  0.105612  
76  24.3173  23.272  23.0112  23  22.9963  22.9039  24.746  23.4015  23.0112  23  22.9964  22.904  0 24.7806  23.3598  23.0248  23.0016  23.0397  22.7979  0.19525  0.0207196  0.0123512  0.0209983  0.0375917  0.105618  
77  24.3173  23.272  23.0112  23  22.9963  22.9039  24.6272  23.4427  23.0112  23  22.9963  22.904  0 24.7208  23.4544  23.0131  22.9899  22.9876  22.8019  0.175791  0.0213557  0.0123512  0.0209983  0.0375911  0.105613  
78  24.3173  23.272  23.0112  23  22.9963  22.9039  24.6262  23.4105  23.0112  23  22.9963  22.904  0 24.6731  23.3979  22.9937  23.0017  23.0028  22.7631  0.175643  0.0208571  0.0123512  0.0209983  0.0375904  0.105615  
79  24.3173  23.272  23.0112  23  22.9963  22.9039  24.6574  23.4006  23.0112  23  22.9963  22.904  0 24.6124  23.3744  23.0028  22.9688  23.0441  22.7555  0.180539  0.0207057  0.0123512  0.0209983  0.0375909  0.105618  
80  24.3173  23.272  23.0112  23  22.9963  22.9039  24.6159  23.4129  23.0112  23  22.9963  22.904  0 24.649  23.4009  22.9918  23.0022  22.9666  22.8374  0.174056  0.0208938  0.0123512  0.0209983  0.0375906  0.105614  
81  24.3173  23.272  23.0112  23  22.9963  22.9039  24.5913  23.3489  23.0112  23  22.9963  22.9039  0 24.8033  23.3504  23.006  22.9788  23.0056  22.9062  0.170315  0.0199418  0.0123512  0.0209983  0.0375911  0.105612  
82  24.3173  23.272  23.0112  23  22.9963  22.9039  24.9138  23.4066  23.0112  23  22.9963  22.904  0 24.7451  23.397  22.9993  22.9574  22.9959  23.0482  0.226622  0.0207974  0.012351  0.0209983  0.0375906  0.105618  
83  24.3173  23.272  23.0112  23  22.9963  22.9039  24.6697  23.4005  23.0112  23  22.9963  22.904  0 24.9044  23.4108  23.0022  22.9962  23.0409  22.8228  0.182505  0.0207044  0.0123511  0.0209983  0.0375909  0.105612  
84  24.3173  23.272  23.0112  23  22.9963  22.9039  24.6301  23.4162  23.0112  23  22.9963  22.904  0 24.6244  23.4506  23.0176  22.9716  22.9671  22.9153  0.176246  0.0209442  0.0123512  0.0209983  0.0375906  0.105614  
85  24.3173  23.272  23.0112  23  22.9963  22.9039  24.5339  23.373  23.0112  23  22.9963  22.904  0 24.2979  23.3881  23.0038  22.9921  22.9664  22.9554  0.161936  0.0202931  0.0123512  0.0209983  0.0375906  0.105613  
86  24.3173  23.272  23.0112  23  22.9963  22.9039  24.6404  23.3989  23.0112  23  22.9963  22.904  0 24.6023  23.4076  23.0168  23.0092  23.05  22.9492  0.177856  0.0206797  0.0123512  0.0209983  0.0375908  0.105614  
87  24.3173  23.272  23.0112  23  22.9963  22.9039  24.6253  23.3849  23.0112  23  22.9963  22.904  0 24.482  23.4045  23.0175  22.9793  22.9371  23.032  0.175499  0.0204696  0.0123511  0.0209983  0.0375901  0.105613  
88  24.3173  23.272  23.0112  23  22.9963  22.9039  24.6464  23.3463  23.0112  23  22.9963  22.9039  0 24.8315  23.3208  22.9941  23.0247  23.0477  22.9963  0.17879  0.0199039  0.0123511  0.0209983  0.0375901  0.105612  
89  24.3173  23.272  23.0112  23  22.9963  22.9039  24.5933  23.4198  23.0112  23  22.9963  22.904  0 24.7746  23.433  22.9902  23.0449  23.0114  22.8111  0.170616  0.0209996  0.0123512  0.0209983  0.0375912  0.105616  
90  24.3173  23.272  23.0112  23  22.9963  22.9039  24.7486  23.3962  23.0112  23  22.9963  22.9039  0 24.6765  23.4248  23.0321  23.0243  22.9828  22.8557  0.195708  0.0206397  0.0123511  0.0209983  0.0375912  0.105611  
91  24.3173  23.272  23.0112  23  22.9963  22.9039  24.6905  23.3855  23.0112  23  22.9963  22.904  0 24.7866  23.4128  23.024  23.0048  23.0217  22.8747  0.185904  0.0204783  0.0123511  0.0209983  0.0375905  0.105613  
92  24.3173  23.272  23.0112  23  22.9963  22.9039  24.5191  23.4177  23.0112  23  22.9963  22.904  0 24.2927  23.3833  23.017  23.0305  22.9961  22.9003  0.159845  0.0209665  0.0123512  0.0209983  0.0375902  0.105612  
93  24.3173  23.272  23.0112  23  22.9963  22.9039  24.6867  23.3999  23.0112  23  22.9963  22.904  0 24.8301  23.3809  23.0186  22.9616  22.9847  22.8121  0.185274  0.0206959  0.0123511  0.0209983  0.0375909  0.105613  
94  24.3173  23.272  23.0112  23  22.9963  22.9039  24.6487  23.369  23.0112  23  22.9963  22.904  0 24.5053  23.4  23.0079  22.943  22.9955  22.7717  0.17916  0.0202343  0.0123512  0.0209983  0.0375911  0.105614  
95  24.3173  23.272  23.0112  23  22.9963  22.9039  24.6721  23.3944  23.0112  23  22.9963  22.904  0 24.7532  23.3923  23.0306  22.9988  23.0793  22.7447  0.182892  0.0206117  0.0123511  0.0209983  0.0375901  0.105613  
96  24.3173  23.272  23.0112  23  22.9963  22.9039  24.6379  23.39  23.0112  23  22.9963  22.904  0 24.4993  23.4239  22.9933  23.0296  22.988  22.8441  0.177454  0.0205469  0.0123512  0.0209983  0.0375905  0.105617  
97  24.3173  23.272  23.0112  23  22.9963  22.9039  24.5085  23.4181  23.0112  23  22.9963  22.904  0 24.3206  23.385  23.0131  22.9773  23.0375  22.9552  0.158363  0.0209732  0.0123512  0.0209983  0.0375904  0.105614  
98  24.3173  23.272  23.0112  23  22.9963  22.9039  24.7105  23.4004  23.0112  23  22.9963  22.904  0 24.7053  23.3872  22.9916  22.9791  23.001  22.8375  0.189214  0.0207028  0.0123512  0.0209983  0.0375902  0.105613  
99  24.3173  23.272  23.0112  23  22.9963  22.9039  24.6949  23.3689  23.0112  23  22.9963  22.904  0 24.785  23.3749  22.9971  22.9924  22.9728  22.9936  0.186618  0.0202337  0.0123511  0.0209983  0.0375906  0.105616  
100  24.3173  23.272  23.0112  23  22.9963  22.9039  24.7657  23.4086  23.0112  23  22.9963  22.904  0 24.5467  23.4185  23.0094  22.9799  22.9765  23.0682  0.198681  0.0208273  0.0123512  0.0209983  0.0375904  0.105617  
101  24.3173  23.272  23.0112  23  22.9963  22.9039  24.6385  23.3972  23.0112  23  22.9963  22.9039  0 24.8768  23.4247  23.0095  23.0086  23.0358  22.9566  0.177559  0.0206547  0.0123512  0.0209983  0.0375911  0.105612  
102  24.3173  23.272  23.0112  23  22.9963  22.9039  24.6785  23.3926  23.0112  23  22.9963  22.904  0 24.6505  23.3977  22.992  23.005  22.9882  22.9593  0.183931  0.0205855  0.0123512  0.0209983  0.037591  0.105617  
103  24.3173  23.272  23.0112  23  22.9963  22.9039  24.4949  23.4169  23.0112  23  22.9963  22.904  0 24.5021  23.4002  23.0395  22.9926  23.0107  22.9305  0.156482  0.0209542  0.0123512  0.0209983  0.0375907  0.105613  
104  24.3173  23.272  23.0112  23  22.9963  22.9039  24.5278  23.4025  23.0112  23  22.9963  22.904  0 24.4518  23.3929  22.997  23.0191  23.0426  23.1413  0.161067  0.020735  0.0123512  0.0209983  0.0375905  0.105615  
105  24.3173  23.272  23.0112  23  22.9963  22.9039  24.4491  23.3711  23.0112  23  22.9963  22.904  0 24.3555  23.3412  23.0026  22.9613  23.0199  22.8875  0.150332  0.0202661  0.0123512  0.0209983  0.0375906  0.105613  
106  24.3173  23.272  23.0112  23  22.9963  22.9039  24.5602  23.3714  23.0112  23  22.9963  22.904  0 24.3248  23.3917  23.021  23.0245  23.0335  22.805  0.165715  0.0202691  0.0123512  0.0209983  0.0375904  0.105613  
107  24.3173  23.272  23.0112  23  22.9963  22.9039  24.6165  23.3787  23.0112  23  22.9963  22.904  0 24.3333  23.3827  23.0246  23.0137  22.9555  22.7484  0.174148  0.0203772  0.0123512  0.0209983  0.0375907  0.105616  
108  24.3173  23.272  23.0112  23  22.9963  22.9039  24.7297  23.3881  23.0112  23  22.9963  22.9039  0 24.8889  23.3589  22.9799  23.0225  23.0174  22.8655  0.192449  0.0205178  0.0123511  0.0209983  0.0375904  0.105612  
109  24.3173  23.272  23.0112  23  22.9963  22.9039  24.5849  23.3972  23.0112  23  22.9963  22.904  0 24.4967  23.3803  23.0161  23.0258  22.9255  22.8002  0.169363  0.0206549  0.0123512  0.0209983  0.0375904  0.105614  
110  24.3173  23.272  23.0112  23  22.9963  22.9039  24.7022  23.438  23.0112  23  22.9963  22.904  0 24.4864  23.4483  23.0261  23.0187  23.0974  23.0275  0.187824  0.021282  0.0123511  0.0209983  0.0375911  0.105617  
111  24.3173  23.272  23.0112  23  22.9963  22.9039  24.4998  23.4122  23.0112  23  22.9963  22.904  0 24.6606  23.3811  22.993  22.9689  23.0276  22.9414  0.157155  0.0208823  0.0123512  0.0209983  0.0375903  0.105615  
112  24.3173  23.272  23.0112  23  22.9963  22.9039  24.597  23.347  23.0112  23  22.9963  22.904  0 24.5541  23.3263  23.0003  23.0223  23.0526  23.0629  0.171175  0.019914  0.0123511  0.0209983  0.0375905  0.105613  
113  24.3173  23.272  23.0112  23  22.9963  22.9039  24.6074  23.3915  23.0112  23  22.9963  22.904  0 24.3534  23.3838  23.0064  23.0066  22.9536  23.2396  0.172746  0.0205683  0.0123512  0.0209983  0.0375907  0.105614  
114  24.3173  23.272  23.0112  23  22.9963  22.9039  24.5379  23.3873  23.0112  23  22.9963  22.9039  0 24.791  23.4015  23.0058  22.9976  22.9727  23.0618  0.162505  0.0205059  0.0123512  0.0209983  0.0375904  0.105612  
115  24.3173  23.272  23.0112  23  22.9963  22.9039  24.6213  23.3843  23.0112  23  22.9963  22.904  0 24.8347  23.4019  22.9906  23.0103  23.0034  23.1334  0.174876  0.0204613  0.0123512  0.0209983  0.037591  0.105615  
116  24.3173  23.272  23.0112  23  22.9963  22.9039  24.7514  23.4319  23.0112  23  22.9963  22.904  0 25.2034  23.4682  23.0072  23.0198  23.0388  22.9755  0.196192  0.0211859  0.0123512  0.0209983  0.0375906  0.105614  
117  24.3173  23.272  23.0112  23  22.9963  22.9039  24.697  23.3809  23.0112  23  22.9963  22.9039  0 24.5617  23.414  23.0102  23.0196  22.9788  22.9443  0.186975  0.02041  0.0123512  0.0209983  0.037591  0.105611  
118  24.3173  23.272  23.0112  23  22.9963  22.9039  24.7418  23.4086  23.0112  23  22.9963  22.904  0 24.6849  23.387  23.0046  23.0036  23.0101  22.88  0.194535  0.0208272  0.0123511  0.0209983  0.0375899  0.105617  
119  24.3173  23.272  23.0112  23  22.9963  22.9039  24.689  23.4062  23.0112  23  22.9963  22.904  0 24.7476  23.3932  23.0294  22.9451  23.0189  22.8103  0.18565  0.0207911  0.0123512  0.0209983  0.0375911  0.105615  
120  24.3173  23.272  23.0112  23  22.9963  22.9039  24.887  23.3588  23.0112  23  22.9963  22.904  0 24.877  23.3484  23.0156  22.9934  23.0534  22.7605  0.221277  0.0200858  0.0123512  0.0209983  0.0375911  0.105613  
121  24.3173  23.272  23.0112  23  22.9963  22.9039  24.6851  23.3792  23.0112  23  22.9963  22.904  0 24.5333  23.3952  23.035  23.0198  22.9767  22.958  0.185016  0.0203853  0.0123511  0.0209983  0.0375903  0.105613  
122  24.3173  23.272  23.0112  23  22.9963  22.9039  24.6144  23.3536  23.0112  23  22.9963  22.9039  0 24.6924  23.3106  22.9875  23.0306  22.9648  23.0097  0.173822  0.0200096  0.0123512  0.0209983  0.0375904  0.105612  
123  24.3173  23.272  23.0112  23  22.9963  22.9039  24.5957  23.3943  23.0112  23  22.9963  22.904  0 24.6352  23.4302  23.0217  23.0071  23.0148  22.9795  0.170977  0.0206104  0.0123512  0.0209983  0.0375903  0.105616  
124  24.3173  23.272  23.0112  23  22.9963  22.9039  24.7973  23.3887  23.0112  23  22.9963  22.904  0 24.829  23.3687  23.0287  23.0176  23.0314  22.984  0.204329  0.0205266  0.0123512  0.0209983  0.0375904  0.105614  
125  24.3173  23.272  23.0112  23  22.9963  22.9039  24.8301  23.3869  23.0112  23  22.9963  22.9039  0 24.6787  23.394  23.028  23.0227  23.0338  22.7436  0.210362  0.0204998  0.0123512  0.0209983  0.0375913  0.105612  
126  24.3173  23.272  23.0112  23  22.9963  22.9039  24.6047  23.362  23.0112  23  22.9963  22.904  0 24.5516  23.3675  22.9924  23.019  23.0415  22.8664  0.172347  0.0201314  0.0123512  0.0209983  0.0375905  0.105612  
127  24.3173  23.272  23.0112  23  22.9963  22.9039  25.0355  23.3663  23.0112  23  22.9963  22.9039  0 25.3817  23.3653  23.0153  23.0088  22.9911  22.9065  0.25261  0.0201952  0.0123511  0.0209983  0.0375907  0.105611  
128  24.3173  23.272  23.0112  23  22.9963  22.9039  24.6638  23.3752  23.0112  23  22.9963  22.904  0 24.4098  23.3858  23.0182  23.0004  22.9942  23.2621  0.181564  0.0203257  0.0123511  0.0209983  0.0375903  0.105617  
129  24.3173  23.272  23.0112  23  22.9963  22.9039  24.5079  23.4104  23.0112  23  22.9963  22.904  0 24.4615  23.4004  23.0044  23.0023  23.0798  22.8832  0.158283  0.0208548  0.0123512  0.0209983  0.0375904  0.105614  
130  24.3173  23.272  23.0112  23  22.9963  22.9039  24.6382  23.454  23.0112  23  22.9963  22.904  0 24.7137  23.4663  22.9853  22.9876  22.9932  22.8976  0.177509  0.0215333  0.0123511  0.0209983  0.0375907  0.105615  
131  24.3173  23.272  23.0112  23  22.9963  22.9039  24.5487  23.3575  23.0112  23  22.9963  22.9039  0 24.4692  23.3556  23.0008  22.9985  22.9621  22.9836  0.164053  0.0200668  0.0123512  0.0209983  0.0375904  0.105612  
132  24.3173  23.272  23.0112  23  22.9963  22.9039  24.603  23.3719  23.0112  23  22.9963  22.904  0 24.7522  23.3816  22.9944  22.995  22.9791  23.0962  0.172077  0.0202766  0.0123512  0.0209983  0.0375912  0.105613  
133  24.3173  23.272  23.0112  23  22.9963  22.9039  24.6384  23.3548  23.0112  23  22.9963  22.9039  0 24.671  23.3722  22.9957  23.0404  22.979  22.966  0.177539  0.0200273  0.0123512  0.0209983  0.0375911  0.105612  
134  24.3173  23.272  23.0112  23  22.9963  22.9039  24.5407  23.4081  23.0112  23  22.9963  22.904  0 24.6122  23.3671  23.0301  23.0286  23.0029  22.9235  0.162911  0.0208202  0.0123512  0.0209983  0.0375904  0.105614  
135  24.3173  23.272  23.0112  23  22.9963  22.9039  24.8732  23.3877  23.0112  23  22.9963  22.904  0 25.0367  23.4278  23.0288  23.0148  23.0305  23.1304  0.218579  0.0205123  0.012351  0.0209983  0.037591  0.105615  
136  24.3173  23.272  23.0112  23  22.9963  22.9039  24.5796  23.3668  23.0112  23  22.9963  22.904  0 24.7136  23.398  23.0166  23.0024  22.9904  22.7327  0.168567  0.0202022  0.0123512  0.0209983  0.0375906  0.105614  
137  24.3173  23.272  23.0112  23  22.9963  22.9039  24.5081  23.417  23.0112  23  22.9963  22.904  0 24.5816  23.4521  22.9946  22.9961  23.0369  22.9695  0.158307  0.0209564  0.0123512  0.0209983  0.0375906  0.105616  
138  24.3173  23.272  23.0112  23  22.9963  22.9039  24.595  23.396  23.0112  23  22.9963  22.904  0 24.7002  23.3917  23.014  23.0124  23.0043  22.8848  0.170877  0.020636  0.0123512  0.0209983  0.0375912  0.105614  
139  24.3173  23.272  23.0112  23  22.9963  22.9039  24.6436  23.3679  23.0112  23  22.9963  22.904  0 24.9158  23.3541  23.0201  23.0259  23.0501  22.8846  0.178362  0.0202178  0.0123512  0.0209983  0.037591  0.105614  
140  24.3173  23.272  23.0112  23  22.9963  22.9039  24.6657  23.3768  23.0112  23  22.9963  22.904  0 24.6772  23.355  23.0018  22.9584  22.9619  22.8135  0.181871  0.0203495  0.0123512  0.0209983  0.0375909  0.105615  
141  24.3173  23.272  23.0112  23  22.9963  22.9039  24.5377  23.3849  23.0112  23  22.9963  22.904  0 24.5385  23.3991  22.9986  23.0355  23.028  22.7828  0.162479  0.0204704  0.0123512  0.0209983  0.0375905  0.105613  
142  24.3173  23.272  23.0112  23  22.9963  22.9039  24.678  23.382  23.0112  23  22.9963  22.904  0 24.4234  23.3978  23.0125  23.0216  22.9894  22.6735  0.183856  0.0204275  0.0123512  0.0209983  0.0375908  0.105614  
143  24.3173  23.272  23.0112  23  22.9963  22.9039  24.6805  23.4219  23.0112  23  22.9963  22.904  0 24.51  23.389  23.006  22.9979  22.9746  23.0259  0.184269  0.0210314  0.0123511  0.0209983  0.0375908  0.105618  
144  24.3173  23.272  23.0112  23  22.9963  22.9039  24.5385  23.3884  23.0112  23  22.9963  22.904  0 24.5389  23.3787  23.0169  22.9888  23.0079  22.8735  0.162585  0.0205224  0.0123512  0.0209983  0.0375903  0.105613  
145  24.3173  23.272  23.0112  23  22.9963  22.9039  24.7584  23.4027  23.0112  23  22.9964  22.904  0 24.8901  23.4319  23.002  22.9996  23.0454  22.8704  0.197415  0.0207377  0.0123512  0.0209983  0.0375914  0.105615  
146  24.3173  23.272  23.0112  23  22.9963  22.9039  24.6162  23.3858  23.0112  23  22.9963  22.904  0 24.5574  23.3749  23.0183  23.035  23.0326  22.9586  0.174104  0.0204829  0.0123512  0.0209983  0.0375907  0.105616  
147  24.3173  23.272  23.0112  23  22.9963  22.9039  24.4983  23.4036  23.0112  23  22.9963  22.904  0 24.3695  23.3973  23.0164  22.9968  22.9757  22.9974  0.156952  0.0207519  0.0123512  0.0209983  0.0375906  0.105614  
148  24.3173  23.272  23.0112  23  22.9963  22.9039  24.6774  23.3726  23.0112  23  22.9963  22.9039  0 24.5964  23.3822  23.0036  23.0057  22.9681  22.8098  0.183765  0.0202871  0.0123512  0.0209983  0.0375907  0.105612  
149  24.3173  23.272  23.0112  23  22.9963  22.9039  24.6533  23.4033  23.0112  23  22.9963  22.904  0 24.7138  23.4232  23.0178  23.009  23.0222  22.7585  0.179891  0.0207467  0.0123512  0.0209983  0.0375905  0.105614  
150  24.3173  23.272  23.0112  23  22.9963  22.9039  24.6227  23.4181  23.0112  23  22.9963  22.904  0 25.0418  23.442  23.0211  22.9748  23.0556  22.9194  0.175098  0.020973  0.0123512  0.0209983  0.0375908  0.105614  
151  24.3173  23.272  23.0112  23  22.9963  22.9039  24.578  23.3634  23.0112  23  22.9963  22.904  0 24.3685  23.3568  23.0001  22.9969  22.96  22.9786  0.168333  0.0201526  0.0123512  0.0209983  0.0375904  0.105613  
152  24.3173  23.272  23.0112  23  22.9963  22.9039  24.6412  23.3921  23.0112  23  22.9963  22.904  0 24.6794  23.3894  23.0239  23.0139  23.012  23.0188  0.17797  0.0205785  0.0123512  0.0209983  0.037591  0.105614  
153  24.3173  23.272  23.0112  23  22.9963  22.9039  24.5746  23.4217  23.0112  23  22.9963  22.904  0 24.3059  23.4008  23.0106  22.984  23.0261  23.0366  0.167841  0.0210285  0.0123512  0.0209983  0.0375904  0.105614  
154  24.3173  23.272  23.0112  23  22.9963  22.9039  24.5942  23.4032  23.0112  23  22.9963  22.904  0 24.5875  23.3765  23.0027  23.0155  23.0462  23.0437  0.170749  0.0207453  0.0123512  0.0209983  0.0375904  0.105614  
155  24.3173  23.272  23.0112  23  22.9963  22.9039  24.5446  23.3525  23.0112  23  22.9963  22.904  0 24.479  23.3499  23.0002  23.0159  23.0679  23.0686  0.163469  0.0199937  0.0123512  0.0209983  0.0375904  0.105612  
156  24.3173  23.272  23.0112  23  22.9963  22.9039  24.6002  23.3999  23.0112  23  22.9963  22.904  0 24.6122  23.3987  23.005  23.0035  22.9899  22.8716  0.171653  0.020695  0.0123512  0.0209983  0.0375908  0.105615  
157  24.3173  23.272  23.0112  23  22.9963  22.9039  24.592  23.361  23.0112  23  22.9963  22.904  0 24.3376  23.3595  22.9971  23.0495  22.9921  22.8935  0.170426  0.0201167  0.0123512  0.0209983  0.0375904  0.105614  
158  24.3173  23.272  23.0112  23  22.9963  22.9039  24.6736  23.3565  23.0112  23  22.9963  22.904  0 24.76  23.3415  23.0069  22.9601  23.0013  23.0181  0.183134  0.0200521  0.012351  0.0209983  0.0375899  0.105615  
159  24.3173  23.272  23.0112  23  22.9963  22.9039  24.7386  23.3653  23.0112  23  22.9963  22.904  0 25.2997  23.3703  23.0062  23.0002  23.0469  22.9305  0.193977  0.0201809  0.0123511  0.0209983  0.0375904  0.105616  
160  24.3173  23.272  23.0112  23  22.9963  22.9039  24.6721  23.3943  23.0112  23  22.9963  22.904  0 24.2599  23.4193  23.0126  23.0021  22.9881  22.9695  0.182893  0.0206116  0.0123512  0.0209983  0.0375907  0.105614  
161  24.3173  23.272  23.0112  23  22.9963  22.9039  24.6912  23.4142  23.0112  23  22.9963  22.904  0 24.9835  23.4128  23.0254  23.0379  22.962  22.7485  0.18602  0.0209136  0.012351  0.0209983  0.0375899  0.105616  
162  24.3173  23.272  23.0112  23  22.9963  22.9039  24.6674  23.3645  23.0112  23  22.9963  22.9039  0 24.8189  23.3284  23.0112  22.9832  23.0256  22.9244  0.18214  0.0201683  0.0123511  0.0209983  0.0375905  0.105612  
163  24.3173  23.272  23.0112  23  22.9963  22.9039  24.6628  23.4067  23.0112  23  22.9963  22.904  0 24.5713  23.3883  23.0187  23.022  22.9804  22.8994  0.181406  0.0207978  0.0123512  0.0209983  0.0375908  0.105613  
164  24.3173  23.272  23.0112  23  22.9963  22.9039  24.7972  23.3836  23.0112  23  22.9963  22.904  0 24.8633  23.3501  23.0168  22.9793  23.0245  22.877  0.204309  0.0204512  0.0123511  0.0209983  0.0375907  0.105615  
165  24.3173  23.272  23.0112  23  22.9963  22.9039  24.6628  23.403  23.0112  23  22.9963  22.904  0 24.6323  23.3737  23.0285  23.0079  22.9567  22.8109  0.181402  0.0207423  0.0123511  0.0209983  0.0375906  0.105613  
166  24.3173  23.272  23.0112  23  22.9963  22.9039  24.5061  23.3774  23.0112  23  22.9963  22.904  0 24.6898  23.3935  23.032  22.989  23.0181  22.8311  0.158034  0.0203588  0.0123511  0.0209983  0.0375902  0.105615  
167  24.3173  23.272  23.0112  23  22.9963  22.9039  24.7074  23.433  23.0112  23  22.9963  22.904  0 24.6982  23.4406  23.0205  22.988  22.9908  23.1265  0.188703  0.0212039  0.0123511  0.0209983  0.0375911  0.105614  
168  24.3173  23.272  23.0112  23  22.9963  22.9039  24.607  23.3921  23.0112  23  22.9963  22.904  0 24.6516  23.4136  23.0088  23.0168  23.0271  23.1236  0.17269  0.0205777  0.0123512  0.0209983  0.037591  0.105616  
169  24.3173  23.272  23.0112  23  22.9963  22.9039  24.5456  23.3868  23.0112  23  22.9963  22.904  0 24.7198  23.4219  23.0165  23.0057  23.0261  22.8772  0.163602  0.020499  0.0123513  0.0209983  0.0375911  0.105613  
170  24.3173  23.272  23.0112  23  22.9963  22.9039  24.6045  23.4025  23.0112  23  22.9963  22.904  0 24.4182  23.4225  22.9889  22.965  23.0305  22.9106  0.172314  0.020735  0.0123511  0.0209983  0.0375904  0.105614  
171  24.3173  23.272  23.0112  23  22.9963  22.9039  24.6199  23.3381  23.0112  23  22.9963  22.9039  0 24.5631  23.3127  23.0176  23.0158  23.0863  23.0335  0.174665  0.019786  0.0123512  0.0209983  0.0375901  0.10561  
172  24.3173  23.272  23.0112  23  22.9963  22.9039  24.5208  23.4101  23.0112  23  22.9963  22.904  0 24.5215  23.4067  22.9997  23.0229  23.0052  22.8811  0.160088  0.0208506  0.0123511  0.0209983  0.0375901  0.105615  
173  24.3173  23.272  23.0112  23  22.9963  22.9039  24.6809  23.3857  23.0112  23  22.9963  22.904  0 24.5896  23.3839  22.9965  22.9981  22.9998  22.9824  0.184322  0.0204819  0.0123511  0.0209983  0.0375902  0.105613  
174  24.3173  23.272  23.0112  23  22.9963  22.9039  24.5068  23.3809  23.0112  23  22.9963  22.904  0 24.4142  23.3604  23.0265  23.0077  22.9643  23.032  0.158122  0.0204108  0.0123512  0.0209983  0.0375905  0.105613  
175  24.3173  23.272  23.0112  23  22.9963  22.9039  24.6268  23.414  23.0112  23  22.9963  22.904  0 24.2243  23.4395  23.0173  22.9783  23.0016  22.8836  0.175728  0.0209095  0.0123511  0.0209983  0.0375902  0.105613  
176  24.3173  23.272  23.0112  23  22.9963  22.9039  24.6456  23.4472  23.0112  23  22.9963  22.904  0 24.6211  23.4798  22.9869  22.9726  22.945  22.9667  0.178669  0.0214264  0.0123512  0.0209983  0.0375913  0.105618  
177  24.3173  23.272  23.0112  23  22.9963  22.9039  24.6873  23.4012  23.0112  23  22.9963  22.904  0 25.008  23.3861  23.0385  22.9753  22.9323  22.8822  0.185371  0.0207151  0.0123511  0.0209983  0.0375906  0.105615  
178  24.3173  23.272  23.0112  23  22.9963  22.9039  24.6619  23.4086  23.0112  23  22.9963  22.904  0 24.4612  23.402  23.0072  23.0104  23.0246  22.9665  0.181257  0.0208279  0.0123511  0.0209983  0.0375907  0.105614  
179  24.3173  23.272  23.0112  23  22.9963  22.9039  24.5782  23.4013  23.0112  23  22.9963  22.904  0 24.6881  23.3934  23.029  23.0422  22.9619  22.9482  0.168359  0.0207171  0.0123512  0.0209983  0.0375908  0.105614  
180  24.3173  23.272  23.0112  23  22.9963  22.9039  24.5509  23.4042  23.0112  23  22.9963  22.904  0 24.3412  23.4278  22.9991  22.9852  22.9612  23.1115  0.164372  0.0207607  0.0123512  0.0209983  0.0375903  0.105615  
181  24.3173  23.272  23.0112  23  22.9963  22.9039  24.7126  23.398  23.0112  23  22.9963  22.904  0 24.7837  23.3979  23.0219  22.9953  22.9541  22.7756  0.18956  0.0206662  0.0123511  0.0209983  0.0375903  0.105614  
182  24.3173  23.272  23.0112  23  22.9963  22.9039  24.5945  23.3764  23.0112  23  22.9964  22.904  0 24.3388  23.3482  23.0183  22.9734  23.0364  22.9469  0.170796  0.0203431  0.0123512  0.0209983  0.0375914  0.105613  
183  24.3173  23.272  23.0112  23  22.9963  22.9039  24.646  23.3819  23.0112  23  22.9963  22.904  0 24.6952  23.3869  22.9967  23.0098  22.9969  22.8562  0.178739  0.0204247  0.0123511  0.0209983  0.0375907  0.105614  
184  24.3173  23.272  23.0112  23  22.9963  22.9039  24.6113  23.427  23.0112  23  22.9963  22.904  0 24.6966  23.4661  23.0317  22.9963  23.0399  22.8138  0.173348  0.0211097  0.0123512  0.0209983  0.0375903  0.105616  
185  24.3173  23.272  23.0112  23  22.9963  22.9039  24.7318  23.4156  23.0112  23  22.9963  22.904  0 25.2709  23.4518  23.0209  23.0023  23.0543  22.9264  0.192815  0.0209348  0.0123512  0.0209983  0.0375909  0.105615  
186  24.3173  23.272  23.0112  23  22.9963  22.9039  24.6776  23.3825  23.0112  23  22.9963  22.9039  0 24.7763  23.433  23.0051  23.006  23.0363  22.8854  0.183787  0.0204337  0.0123512  0.0209983  0.0375905  0.105612  
187  24.3173  23.272  23.0112  23  22.9963  22.9039  24.705  23.4027  23.0112  23  22.9963  22.9039  0 24.5305  23.4325  23.0179  23.0421  22.9824  22.8266  0.188292  0.0207381  0.0123512  0.0209983  0.0375913  0.105612  
188  24.3173  23.272  23.0112  23  22.9963  22.9039  24.5566  23.4368  23.0112  23  22.9963  22.904  0 24.6092  23.4364  23.0221  22.9857  22.9515  22.8629  0.165191  0.0212625  0.0123511  0.0209983  0.0375901  0.105613  
189  24.3173  23.272  23.0112  23  22.9963  22.9039  24.568  23.4257  23.0112  23  22.9963  22.904  0 24.4131  23.4284  23.0105  23.0393  22.9754  22.8881  0.166856  0.0210892  0.0123511  0.0209983  0.0375901  0.105614  
190  24.3173  23.272  23.0112  23  22.9963  22.9039  24.6062  23.4107  23.0112  23  22.9963  22.904  0 24.4578  23.4079  23.0019  22.9749  23.0276  22.9432  0.17257  0.0208598  0.0123512  0.0209983  0.0375905  0.105615  
191  24.3173  23.272  23.0112  23  22.9963  22.9039  24.6243  23.3958  23.0112  23  22.9963  22.904  0 24.6811  23.4009  23.0075  23.0238  22.9985  22.8965  0.175343  0.0206333  0.0123512  0.0209983  0.0375907  0.105614  
192  24.3173  23.272  23.0112  23  22.9963  22.9039  24.5982  23.3763  23.0112  23  22.9963  22.904  0 24.924  23.389  23.0066  22.9621  23.0101  23.0494  0.171361  0.0203419  0.0123511  0.0209983  0.0375901  0.105614  
193  24.3173  23.272  23.0112  23  22.9963  22.9039  24.5647  23.376  23.0112  23  22.9963  22.904  0 24.682  23.454  23.0455  23.0132  23.0431  22.8719  0.166372  0.0203373  0.0123512  0.0209983  0.0375905  0.105616  
194  24.3173  23.272  23.0112  23  22.9963  22.9039  24.59  23.3803  23.0112  23  22.9963  22.904  0 24.6148  23.3936  22.9874  22.9723  22.9272  22.8717  0.170129  0.020401  0.0123512  0.0209983  0.0375906  0.105614  
195  24.3173  23.272  23.0112  23  22.9963  22.9039  24.5849  23.4057  23.0112  23  22.9963  22.904  0 24.5903  23.4125  22.9939  22.9856  22.9867  22.9479  0.169367  0.0207839  0.0123512  0.0209983  0.0375906  0.105614  
196  24.3173  23.272  23.0112  23  22.9963  22.9039  24.774  23.372  23.0112  23  22.9963  22.904  0 24.7374  23.3601  23.0169  22.9909  23  22.7144  0.200161  0.0202784  0.0123511  0.0209983  0.0375907  0.105613  
197  24.3173  23.272  23.0112  23  22.9963  22.9039  24.5525  23.4074  23.0112  23  22.9963  22.904  0 24.4362  23.3968  23.0071  22.9887  23.0426  22.9532  0.164596  0.0208089  0.0123512  0.0209983  0.0375907  0.105613  
198  24.3173  23.272  23.0112  23  22.9963  22.9039  24.687  23.3887  23.0112  23  22.9963  22.904  0 24.8362  23.3914  23.0358  23.0304  23.0123  22.9739  0.185324  0.0205261  0.0123511  0.0209983  0.0375904  0.105614  
199  24.3173  23.272  23.0112  23  22.9963  22.9039  24.6585  23.3872  23.0112  23  22.9963  22.904  0 24.7254  23.3874  22.9921  23.0226  22.9267  22.9714  0.180718  0.0205041  0.0123511  0.0209983  0.0375904  0.105614  
200  24.3173  23.272  23.0112  23  22.9963  22.9039  24.5901  23.3983  23.0112  23  22.9963  22.904  0 24.8723  23.4168  23.0439  22.9922  22.9383  22.9129  0.170138  0.0206714  0.0123511  0.0209983  0.0375902  0.105613  
201  24.3173  23.272  23.0112  23  22.9963  22.9039  24.6743  23.3926  23.0112  23  22.9963  22.904  0 24.5352  23.391  23.0278  22.9875  22.9672  22.8624  0.183262  0.0205856  0.0123512  0.0209983  0.0375906  0.105613  
202  24.3173  23.272  23.0112  23  22.9963  22.9039  24.5839  23.3664  23.0112  23  22.9963  22.904  0 24.9167  23.3724  23.0043  22.9719  22.9987  22.9584  0.169216  0.0201965  0.0123512  0.0209983  0.0375904  0.105614  
203  24.3173  23.272  23.0112  23  22.9963  22.9039  24.6417  23.4537  23.0112  23  22.9963  22.904  0 24.6693  23.4913  23.0167  22.9505  23.0235  23.05  0.178054  0.0215286  0.0123512  0.0209983  0.0375909  0.105613  
204  24.3173  23.272  23.0112  23  22.9963  22.9039  24.723  23.4164  23.0112  23  22.9963  22.904  0 24.7743  23.4217  22.9994  22.9849  23.0149  22.882  0.191321  0.0209462  0.0123511  0.0209983  0.0375905  0.105615  
205  24.3173  23.272  23.0112  23  22.9963  22.9039  24.7364  23.4102  23.0112  23  22.9963  22.904  0 24.8178  23.4121  23.0099  22.9938  22.9181  22.9444  0.193598  0.0208522  0.0123511  0.0209983  0.0375902  0.105614  
206  24.3173  23.272  23.0112  23  22.9963  22.9039  24.6772  23.3765  23.0112  23  22.9963  22.904  0 24.5837  23.3715  23.0127  22.9673  23.0421  23.001  0.18373  0.0203459  0.0123511  0.0209983  0.0375904  0.105614  
207  24.3173  23.272  23.0112  23  22.9963  22.9039  24.6576  23.3553  23.0112  23  22.9963  22.904  0 24.4963  23.3604  22.9985  22.9825  22.9951  22.9465  0.180565  0.0200341  0.0123512  0.0209983  0.0375911  0.105613  
208  24.3173  23.272  23.0112  23  22.9963  22.9039  24.8425  23.3753  23.0112  23  22.9963  22.904  0 24.8954  23.4205  23.0306  22.9946  23.009  22.9262  0.212692  0.0203268  0.0123511  0.0209983  0.03759  0.105613  
209  24.3173  23.272  23.0112  23  22.9963  22.9039  24.6183  23.4039  23.0112  23  22.9963  22.904  0 24.6063  23.3844  22.9889  22.9932  22.9819  22.8078  0.174417  0.0207553  0.0123512  0.0209983  0.0375905  0.105614  
210  24.3173  23.272  23.0112  23  22.9963  22.9039  24.7174  23.348  23.0112  23  22.9964  22.904  0 24.7404  23.3217  23.0224  22.9861  23.0315  22.8209  0.190374  0.0199277  0.0123512  0.0209983  0.0375918  0.105614  
211  24.3173  23.272  23.0112  23  22.9963  22.9039  24.6417  23.4024  23.0112  23  22.9963  22.904  0 24.4022  23.3933  22.9919  23.0029  22.9805  22.9102  0.178062  0.0207331  0.0123512  0.0209983  0.0375905  0.105615  
212  24.3173  23.272  23.0112  23  22.9963  22.9039  24.6857  23.4093  23.0112  23  22.9963  22.904  0 24.6114  23.4219  23.0086  23.0287  23.015  22.906  0.185111  0.0208381  0.0123512  0.0209983  0.0375903  0.105613  
213  24.3173  23.272  23.0112  23  22.9963  22.9039  24.695  23.3529  23.0112  23  22.9963  22.9039  0 24.5565  23.3656  23.0023  22.9917  22.9656  22.873  0.186639  0.0199991  0.0123511  0.0209983  0.0375904  0.105612  
214  24.3173  23.272  23.0112  23  22.9963  22.9039  24.6195  23.3931  23.0112  23  22.9963  22.904  0 24.4979  23.3612  23.01  23.0088  22.9273  22.9304  0.174601  0.0205929  0.0123511  0.0209983  0.037591  0.105613  
215  24.3173  23.272  23.0112  23  22.9963  22.9039  24.6179  23.3815  23.0112  23  22.9963  22.904  0 24.57  23.4091  23.0007  23.0283  22.9171  22.8257  0.174353  0.0204199  0.0123512  0.0209983  0.037591  0.105614  
216  24.3173  23.272  23.0112  23  22.9963  22.9039  24.7331  23.4175  23.0112  23  22.9963  22.904  0 24.6218  23.4331  23.0147  22.9679  22.927  22.9005  0.193043  0.0209632  0.0123511  0.0209983  0.037591  0.105615  
217  24.3173  23.272  23.0112  23  22.9963  22.9039  24.6911  23.3623  23.0112  23  22.9963  22.904  0 24.5888  23.3701  23.0129  23.011  22.9327  22.8693  0.185988  0.0201367  0.0123511  0.0209983  0.0375904  0.105613  
218  24.3173  23.272  23.0112  23  22.9963  22.9039  24.5659  23.4315  23.0112  23  22.9963  22.904  0 24.7828  23.3854  23.0102  22.9873  23.0555  22.9378  0.166549  0.0211799  0.0123511  0.0209983  0.0375903  0.105616  
219  24.3173  23.272  23.0112  23  22.9963  22.9039  24.5277  23.4045  23.0112  23  22.9963  22.904  0 24.4032  23.3835  23.0278  23.0139  22.9962  22.8487  0.161057  0.020765  0.0123511  0.0209983  0.0375901  0.105613  
220  24.3173  23.272  23.0112  23  22.9963  22.9039  24.8351  23.3746  23.0112  23  22.9963  22.904  0 24.6607  23.367  23.0115  22.9751  23.0022  23.1092  0.21131  0.0203178  0.012351  0.0209983  0.0375905  0.105616  
221  24.3173  23.272  23.0112  23  22.9963  22.9039  24.7829  23.4446  23.0112  23  22.9963  22.904  0 24.8413  23.4089  23.0191  22.9751  23.0316  22.9428  0.201749  0.0213848  0.012351  0.0209983  0.0375903  0.105615  
222  24.3173  23.272  23.0112  23  22.9963  22.9039  24.6329  23.41  23.0112  23  22.9963  22.904  0 24.3997  23.4423  23.0296  23.0213  22.9767  23.0271  0.176676  0.0208492  0.0123512  0.0209983  0.0375905  0.105614  
223  24.3173  23.272  23.0112  23  22.9963  22.9039  24.7803  23.3702  23.0112  23  22.9963  22.904  0 24.7363  23.3569  23.008  23.0056  22.9848  22.9079  0.201275  0.0202522  0.0123512  0.0209983  0.0375911  0.105613  
224  24.3173  23.272  23.0112  23  22.9963  22.9039  24.6155  23.4276  23.0112  23  22.9963  22.904  0 24.759  23.4462  23.0247  22.9768  23.0181  23.0929  0.173987  0.0211197  0.0123512  0.0209983  0.0375909  0.105615  
225  24.3173  23.272  23.0112  23  22.9963  22.9039  24.7161  23.4273  23.0112  23  22.9964  22.904  0 24.5654  23.4363  23.0285  22.9643  23.0154  22.7787  0.190147  0.0211149  0.0123512  0.0209983  0.0375914  0.105614  
226  24.3173  23.272  23.0112  23  22.9963  22.9039  24.7463  23.35  23.0112  23  22.9963  22.904  0 24.8461  23.3277  22.9837  22.9891  23.008  22.9107  0.195306  0.019957  0.0123512  0.0209983  0.0375902  0.105613  
227  24.3173  23.272  23.0112  23  22.9963  22.9039  24.6796  23.3884  23.0112  23  22.9963  22.904  0 24.4457  23.3643  23.0173  22.9904  23.0097  22.9269  0.184122  0.020522  0.0123511  0.0209983  0.0375899  0.105615  
228  24.3173  23.272  23.0112  23  22.9963  22.9039  24.6436  23.4056  23.0112  23  22.9963  22.904  0 24.6753  23.3622  22.9864  22.971  23  22.771  0.17835  0.0207816  0.0123511  0.0209983  0.0375897  0.105616  
229  24.3173  23.272  23.0112  23  22.9963  22.9039  24.7951  23.3711  23.0112  23  22.9963  22.9039  0 24.7416  23.3452  23.0236  23.0171  23.0407  22.9966  0.203945  0.0202647  0.0123511  0.0209983  0.0375908  0.105612  
230  24.3173  23.272  23.0112  23  22.9963  22.9039  24.488  23.3818  23.0112  23  22.9963  22.904  0 24.5593  23.3458  23.0087  23.0033  22.9714  23.0792  0.155533  0.0204237  0.0123512  0.0209983  0.0375908  0.105614  
231  24.3173  23.272  23.0112  23  22.9963  22.9039  24.628  23.3579  23.0112  23  22.9963  22.9039  0 24.7443  23.3727  23.0299  22.9895  23.0376  23.1403  0.175914  0.0200723  0.0123512  0.0209983  0.0375905  0.105612  
232  24.3173  23.272  23.0112  23  22.9963  22.9039  24.6957  23.3621  23.0112  23  22.9963  22.904  0 24.8162  23.3609  23.0002  23.0026  23.036  23.1291  0.186761  0.0201338  0.0123512  0.0209983  0.0375903  0.105612  
233  24.3173  23.272  23.0112  23  22.9963  22.9039  24.586  23.3889  23.0112  23  22.9963  22.904  0 24.3775  23.3816  23.0148  23.0018  23.0015  23.0846  0.169524  0.0205299  0.0123512  0.0209983  0.0375907  0.105614  
234  24.3173  23.272  23.0112  23  22.9963  22.9039  24.7825  23.3963  23.0112  23  22.9963  22.904  0 24.6968  23.4196  23.0179  22.9578  23.0294  22.9157  0.201676  0.020641  0.0123512  0.0209983  0.0375913  0.105614  
235  24.3173  23.272  23.0112  23  22.9963  22.9039  24.729  23.4097  23.0112  23  22.9963  22.904  0 24.7076  23.3895  23.022  23.0029  22.9704  22.8168  0.192332  0.020844  0.0123512  0.0209983  0.0375905  0.105616  
236  24.3173  23.272  23.0112  23  22.9963  22.9039  24.5808  23.4102  23.0112  23  22.9963  22.904  0 24.7185  23.4194  23.0255  22.9931  23.0026  22.9675  0.168759  0.0208517  0.0123511  0.0209983  0.0375905  0.105613  
237  24.3173  23.272  23.0112  23  22.9963  22.9039  24.6375  23.3682  23.0112  23  22.9963  22.9039  0 24.9093  23.3354  23.0138  22.995  23.0251  22.8645  0.177397  0.0202234  0.012351  0.0209983  0.0375901  0.105611  
238  24.3173  23.272  23.0112  23  22.9963  22.9039  24.568  23.3612  23.0112  23  22.9963  22.904  0 24.2901  23.3714  23.0089  23.0022  23.0107  22.9545  0.166868  0.0201206  0.0123512  0.0209983  0.0375906  0.105614  
239  24.3173  23.272  23.0112  23  22.9963  22.9039  24.633  23.3901  23.0112  23  22.9963  22.904  0 24.8241  23.3557  22.9951  23.0056  22.9603  22.9911  0.176695  0.0205479  0.0123512  0.0209983  0.0375903  0.105613  
240  24.3173  23.272  23.0112  23  22.9963  22.9039  24.5448  23.4017  23.0112  23  22.9963  22.904  0 24.3402  23.4112  23.0001  22.996  22.9851  23.0545  0.163499  0.020723  0.0123512  0.0209983  0.0375905  0.105614  
241  24.3173  23.272  23.0112  23  22.9963  22.9039  24.5877  23.4291  23.0112  23  22.9963  22.904  0 24.6644  23.4615  23.0093  23.007  22.9279  22.8946  0.169784  0.0211423  0.0123512  0.0209983  0.0375906  0.105619  
242  24.3173  23.272  23.0112  23  22.9963  22.9039  24.6288  23.4138  23.0112  23  22.9963  22.904  0 24.5143  23.4347  23.0024  23.024  22.9432  22.9169  0.176041  0.0209072  0.0123512  0.0209983  0.0375906  0.105612  
243  24.3173  23.272  23.0112  23  22.9963  22.9039  24.7234  23.3941  23.0112  23  22.9963  22.904  0 24.9248  23.3668  23.0298  22.9805  23.019  23.0056  0.191392  0.0206074  0.0123511  0.0209983  0.0375904  0.105615  
244  24.3173  23.272  23.0112  23  22.9963  22.9039  24.5999  23.4107  23.0112  23  22.9963  22.9039  0 24.8619  23.4269  23.0003  22.9978  22.9605  22.8034  0.171612  0.0208594  0.0123512  0.0209983  0.0375907  0.105612  
245  24.3173  23.272  23.0112  23  22.9963  22.9039  24.6282  23.4227  23.0112  23  22.9963  22.904  0 24.6065  23.4124  23.0002  22.9918  23.0699  22.804  0.175944  0.0210438  0.0123511  0.0209983  0.0375907  0.105615  
246  24.3173  23.272  23.0112  23  22.9963  22.9039  24.6969  23.3884  23.0112  23  22.9963  22.904  0 24.6194  23.4226  23.0072  22.9878  23.0125  22.7606  0.186955  0.0205228  0.0123511  0.0209983  0.0375903  0.105614  
247  24.3173  23.272  23.0112  23  22.9963  22.9039  24.5967  23.4395  23.0112  23  22.9963  22.904  0 24.5089  23.4574  23.02  22.9758  23.048  22.8106  0.171127  0.0213042  0.0123512  0.0209983  0.0375904  0.105614  
248  24.3173  23.272  23.0112  23  22.9963  22.9039  24.8446  23.3955  23.0112  23  22.9963  22.904  0 24.7097  23.3959  23.0186  22.9782  22.9814  22.894  0.213098  0.0206294  0.0123511  0.0209983  0.037591  0.105614  
249  24.3173  23.272  23.0112  23  22.9963  22.9039  24.7595  23.4201  23.0112  23  22.9964  22.904  0 24.6767  23.4386  22.9972  23.0071  22.971  22.9447  0.197593  0.0210035  0.0123512  0.0209983  0.0375918  0.105619  
250  24.3173  23.272  23.0112  23  22.9963  22.9039  24.5481  23.3909  23.0112  23  22.9963  22.904  0 24.4518  23.3381  23.0139  23.0193  22.9992  23.0005  0.163963  0.0205592  0.0123512  0.0209983  0.0375904  0.105614  
251  24.3173  23.272  23.0112  23  22.9963  22.9039  24.6754  23.3692  23.0112  23  22.9963  22.904  0 24.5473  23.3827  22.9891  23.0111  22.9889  23.0238  0.183439  0.0202377  0.0123511  0.0209983  0.0375906  0.105614  
252  24.3173  23.272  23.0112  23  22.9963  22.9039  24.5323  23.3795  23.0112  23  22.9963  22.904  0 24.3876  23.4499  23.0135  23.011  22.9713  22.7838  0.161703  0.0203898  0.0123512  0.0209983  0.0375904  0.105614  
253  24.3173  23.272  23.0112  23  22.9963  22.9039  24.5325  23.4015  23.0112  23  22.9963  22.904  0 24.1133  23.3934  23.0064  22.9665  23.0156  23.0214  0.161733  0.0207202  0.0123512  0.0209983  0.0375905  0.105613  
254  24.3173  23.272  23.0112  23  22.9963  22.9039  24.5715  23.38  23.0112  23  22.9963  22.9039  0 24.5318  23.3432  22.9987  23.0258  23.0093  22.7126  0.167376  0.0203978  0.0123512  0.0209983  0.0375905  0.105612  
255  24.3173  23.272  23.0112  23  22.9963  22.9039  24.73  23.3756  23.0112  23  22.9963  22.904  0 24.5999  23.3392  23.0063  22.9887  22.9956  22.8165  0.192505  0.0203313  0.0123511  0.0209983  0.0375901  0.105614  
256  24.3173  23.272  23.0112  23  22.9963  22.9039  24.5891  23.3823  23.0112  23  22.9963  22.904  0 24.5283  23.3873  22.992  23.001  22.9789  22.8257  0.169995  0.0204316  0.0123512  0.0209983  0.0375906  0.105615  
257  24.3173  23.272  23.0112  23  22.9963  22.9039  24.488  23.3361  23.0112  23  22.9963  22.904  0 24.511  23.3696  23.0099  23.0032  22.9868  22.7838  0.155536  0.0197577  0.0123512  0.0209983  0.0375905  0.105613  
258  24.3173  23.272  23.0112  23  22.9963  22.9039  24.658  23.4018  23.0112  23  22.9963  22.904  0 24.4317  23.4208  23.0315  22.9744  22.9733  22.8569  0.180634  0.0207248  0.0123512  0.0209983  0.037591  0.105614  
259  24.3173  23.272  23.0112  23  22.9963  22.9039  24.6388  23.4126  23.0112  23  22.9963  22.9039  0 24.5203  23.4016  23.009  23.007  22.964  22.9566  0.177594  0.0208892  0.0123512  0.0209983  0.0375904  0.105611  
260  24.3173  23.272  23.0112  23  22.9963  22.9039  24.6238  23.3801  23.0112  23  22.9963  22.904  0 24.4825  23.3741  23.0117  22.9991  23.0569  22.8786  0.175271  0.0203981  0.0123512  0.0209983  0.0375905  0.105614  
261  24.3173  23.272  23.0112  23  22.9963  22.9039  24.6096  23.3684  23.0112  23  22.9963  22.904  0 24.6338  23.3462  23.0071  23.0021  22.9817  22.9517  0.173082  0.0202261  0.0123512  0.0209983  0.037591  0.105613  
262  24.3173  23.272  23.0112  23  22.9963  22.9039  24.5402  23.3531  23.0112  23  22.9963  22.9039  0 24.6561  23.3588  23.0156  23.0295  22.9572  22.8255  0.162837  0.0200016  0.0123512  0.0209983  0.0375903  0.105612  
263  24.3173  23.272  23.0112  23  22.9963  22.9039  24.5943  23.3867  23.0112  23  22.9963  22.904  0 25.2094  23.3442  23.023  23.006  22.9592  23.0139  0.17077  0.0204966  0.0123512  0.0209983  0.0375903  0.105616  
264  24.3173  23.272  23.0112  23  22.9963  22.9039  24.5824  23.3615  23.0112  23  22.9963  22.904  0 24.6594  23.3803  23.0195  22.9943  22.9912  22.8308  0.168983  0.0201239  0.0123512  0.0209983  0.0375906  0.105615  
265  24.3173  23.272  23.0112  23  22.9963  22.9039  24.6905  23.4697  23.0112  23  22.9963  22.904  0 24.5798  23.4647  23.0068  23.0205  23.0006  22.8439  0.185901  0.0217845  0.0123512  0.0209983  0.0375906  0.105616  
266  24.3173  23.272  23.0112  23  22.9963  22.9039  24.5909  23.3993  23.0112  23  22.9963  22.9039  0 24.4419  23.4153  22.9965  22.9913  22.9466  22.8001  0.170259  0.0206858  0.012351  0.0209983  0.0375901  0.105612  
267  24.3173  23.272  23.0112  23  22.9963  22.9039  24.5918  23.3903  23.0112  23  22.9963  22.904  0 24.5934  23.4131  23.0295  22.9944  23.0234  22.8432  0.170398  0.0205504  0.0123511  0.0209983  0.0375904  0.105614  
268  24.3173  23.272  23.0112  23  22.9963  22.9039  24.6356  23.3825  23.0112  23  22.9963  22.9039  0 24.6489  23.3661  23.0366  23.0194  23.0007  22.978  0.177104  0.0204337  0.0123512  0.0209983  0.0375903  0.105612  
269  24.3173  23.272  23.0112  23  22.9963  22.9039  24.6684  23.3728  23.0112  23  22.9963  22.904  0 24.509  23.3735  23.0051  22.9925  22.9743  22.9314  0.182301  0.0202904  0.0123511  0.0209983  0.0375899  0.105615  
270  24.3173  23.272  23.0112  23  22.9963  22.9039  24.659  23.3824  23.0112  23  22.9963  22.9039  0 25.0274  23.369  23.0024  23.0397  22.9808  22.9794  0.180788  0.0204335  0.0123511  0.0209983  0.0375902  0.105612  
271  24.3173  23.272  23.0112  23  22.9963  22.9039  24.5394  23.3583  23.0112  23  22.9963  22.904  0 24.3695  23.3592  23.0264  23.0287  22.9746  22.7209  0.162712  0.020078  0.0123512  0.0209983  0.0375903  0.105613  
272  24.3173  23.272  23.0112  23  22.9963  22.9039  24.7551  23.3614  23.0112  23  22.9963  22.9039  0 25.0399  23.3428  22.9962  23.0147  23.0532  22.9272  0.196826  0.0201231  0.0123511  0.0209983  0.0375913  0.105611  
273  24.3173  23.272  23.0112  23  22.9963  22.9039  24.6351  23.3466  23.0112  23  22.9963  22.9039  0 24.8863  23.3223  23.0176  23.04  23.0152  22.7287  0.177023  0.0199082  0.0123512  0.0209983  0.0375907  0.105611  
274  24.3173  23.272  23.0112  23  22.9963  22.9039  24.6753  23.3915  23.0112  23  22.9963  22.904  0 24.778  23.395  23.0316  23.0228  22.9642  22.8026  0.183411  0.0205688  0.0123511  0.0209983  0.0375906  0.105614  
275  24.3173  23.272  23.0112  23  22.9963  22.9039  24.5285  23.4344  23.0112  23  22.9963  22.904  0 24.3627  23.4418  23.0342  23.0019  23.0128  22.9533  0.16117  0.021225  0.0123512  0.0209983  0.0375905  0.105615  
276  24.3173  23.272  23.0112  23  22.9963  22.9039  24.5464  23.402  23.0112  23  22.9963  22.904  0 24.7469  23.4212  23.0041  22.9744  22.9644  22.8467  0.163721  0.0207272  0.0123512  0.0209983  0.0375907  0.105617  
277  24.3173  23.272  23.0112  23  22.9963  22.9039  24.5984  23.4002  23.0112  23  22.9963  22.9039  0 25.2462  23.3917  22.9994  22.9828  22.979  23.0227  0.171384  0.0207005  0.0123512  0.0209983  0.0375903  0.105612  
278  24.3173  23.272  23.0112  23  22.9963  22.9039  24.6812  23.3666  23.0112  23  22.9963  22.904  0 24.4531  23.3631  22.9961  23.0129  23.0021  22.9371  0.18438  0.0201999  0.0123511  0.0209983  0.0375901  0.105615  
279  24.3173  23.272  23.0112  23  22.9963  22.9039  24.6263  23.3825  23.0112  23  22.9963  22.904  0 24.8864  23.3631  23.0083  23.0209  23.007  23.0382  0.175656  0.0204347  0.0123512  0.0209983  0.0375904  0.105613  
280  24.3173  23.272  23.0112  23  22.9963  22.9039  24.6347  23.3569  23.0112  23  22.9963  22.904  0 24.4328  23.3609  23.0003  22.9702  22.995  22.854  0.176956  0.0200567  0.0123512  0.0209983  0.0375901  0.105615  
281  24.3173  23.272  23.0112  23  22.9963  22.9039  24.4943  23.3888  23.0112  23  22.9963  22.904  0 24.5803  23.3887  23.0348  22.9821  23.013  22.8833  0.156396  0.0205277  0.0123512  0.0209983  0.0375907  0.105613  
282  24.3173  23.272  23.0112  23  22.9963  22.9039  24.5834  23.3552  23.0112  23  22.9963  22.9039  0 24.6546  23.3675  23.0237  23.0246  23.0554  23.0652  0.169143  0.0200334  0.0123512  0.0209983  0.0375904  0.105612  
283  24.3173  23.272  23.0112  23  22.9963  22.9039  24.6624  23.3422  23.0112  23  22.9963  22.904  0 24.8434  23.3356  23.0043  22.9821  22.9676  22.8321  0.18134  0.0198456  0.0123511  0.0209983  0.0375905  0.105613  
284  24.3173  23.272  23.0112  23  22.9963  22.9039  24.6664  23.4097  23.0112  23  22.9963  22.904  0 24.5969  23.4253  23.0091  23.0154  22.9895  22.8296  0.181977  0.0208434  0.012351  0.0209983  0.0375901  0.105615  
285  24.3173  23.272  23.0112  23  22.9963  22.9039  24.7139  23.3604  23.0112  23  22.9963  22.904  0 24.4296  23.3435  23.0106  23.0346  22.9913  22.9377  0.18978  0.0201086  0.0123512  0.0209983  0.0375911  0.105616  
286  24.3173  23.272  23.0112  23  22.9963  22.9039  24.7248  23.3776  23.0112  23  22.9963  22.904  0 24.883  23.3855  23.0223  22.9801  22.9679  22.8058  0.191616  0.020362  0.0123511  0.0209983  0.0375904  0.105614  
287  24.3173  23.272  23.0112  23  22.9963  22.9039  24.569  23.3918  23.0112  23  22.9963  22.904  0 24.4322  23.3923  23.0305  23.0334  23.0257  22.791  0.167003  0.0205736  0.0123511  0.0209983  0.0375901  0.105613  
288  24.3173  23.272  23.0112  23  22.9963  22.9039  24.5316  23.3879  23.0112  23  22.9963  22.904  0 24.528  23.3922  23.0189  23.022  22.9979  23.0916  0.161614  0.0205151  0.0123512  0.0209983  0.0375904  0.105613  
289  24.3173  23.272  23.0112  23  22.9963  22.9039  24.6636  23.4134  23.0112  23  22.9963  22.904  0 24.7383  23.4608  23.0182  22.9669  22.9787  22.759  0.181533  0.0209004  0.0123511  0.0209983  0.0375908  0.105616  
290  24.3173  23.272  23.0112  23  22.9963  22.9039  24.6181  23.4312  23.0112  23  22.9963  22.904  0 24.5531  23.3934  23.0149  22.9982  22.9738  22.9506  0.174389  0.0211746  0.0123511  0.0209983  0.0375903  0.105615  
291  24.3173  23.272  23.0112  23  22.9963  22.9039  24.6295  23.3988  23.0112  23  22.9963  22.9039  0 24.8351  23.4052  23.0323  22.9842  23.0129  23.1543  0.17615  0.0206784  0.0123512  0.0209983  0.0375905  0.105612  
292  24.3173  23.272  23.0112  23  22.9963  22.9039  24.7442  23.4236  23.0112  23  22.9963  22.904  0 24.5851  23.3854  23.0175  22.9791  23.0003  22.8796  0.194944  0.021058  0.0123511  0.0209983  0.037591  0.105613  
293  24.3173  23.272  23.0112  23  22.9963  22.9039  24.6272  23.4175  23.0112  23  22.9963  22.904  0 24.4647  23.4256  23.0103  22.9875  22.9988  22.9324  0.175794  0.0209629  0.012351  0.0209983  0.0375899  0.105613  
294  24.3173  23.272  23.0112  23  22.9963  22.9039  24.6007  23.397  23.0112  23  22.9963  22.904  0 24.5712  23.3968  23.0018  22.9938  22.9919  23.0303  0.171735  0.0206518  0.0123512  0.0209983  0.0375912  0.105614  
295  24.3173  23.272  23.0112  23  22.9963  22.9039  24.619  23.3769  23.0112  23  22.9963  22.904  0 25.0717  23.3895  23.0073  22.9999  22.9823  22.9933  0.174525  0.0203513  0.0123511  0.0209983  0.0375902  0.105613  
296  24.3173  23.272  23.0112  23  22.9963  22.9039  24.6451  23.4046  23.0112  23  22.9963  22.904  0 24.5192  23.4134  23.0167  23.0002  23.0504  22.8809  0.178599  0.0207664  0.0123511  0.0209983  0.0375907  0.105613  
297  24.3173  23.272  23.0112  23  22.9963  22.9039  24.6044  23.4114  23.0112  23  22.9963  22.904  0 24.5793  23.398  23.0259  23.0026  22.9412  22.7681  0.172297  0.0208708  0.0123511  0.0209983  0.0375907  0.105613  
298  24.3173  23.272  23.0112  23  22.9963  22.9039  24.5926  23.3778  23.0112  23  22.9963  22.904  0 24.8066  23.3584  23.0086  23.0117  23.0157  22.9499  0.170517  0.0203648  0.0123511  0.0209983  0.0375903  0.105617  
299  24.3173  23.272  23.0112  23  22.9963  22.9039  24.5324  23.3653  23.0112  23  22.9963  22.904  0 24.4675  23.3524  23.0166  23.0058  22.9453  23.006  0.161722  0.0201808  0.0123512  0.0209983  0.0375903  0.105613  
300  24.3173  23.272  23.0112  23  22.9963  22.9039  24.7058  23.3735  23.0112  23  22.9963  22.904  0 24.4083  23.3527  23.0292  23.0033  22.9715  23.1037  0.188424  0.0203005  0.0123512  0.0209983  0.0375903  0.105614  
301  24.3173  23.272  23.0112  23  22.9963  22.9039  24.6972  23.3821  23.0112  23  22.9963  22.904  0 24.5992  23.352  23.0044  23.0248  22.9248  22.9076  0.187  0.0204288  0.012351  0.0209983  0.0375901  0.105616  
302  24.3173  23.272  23.0112  23  22.9963  22.9039  24.5946  23.3998  23.0112  23  22.9963  22.904  0 24.7077  23.4402  23.0312  23.0417  23.0015  22.807  0.17081  0.0206941  0.0123511  0.0209983  0.0375903  0.105613  
303  24.3173  23.272  23.0112  23  22.9963  22.9039  24.6281  23.383  23.0112  23  22.9963  22.904  0 24.7731  23.3959  22.9959  23.0148  22.988  23.0274  0.175936  0.0204415  0.0123511  0.0209983  0.0375905  0.105613  
304  24.3173  23.272  23.0112  23  22.9963  22.9039  24.652  23.3521  23.0112  23  22.9963  22.904  0 24.5821  23.3269  23.0001  23.0614  23.001  22.8144  0.17968  0.0199878  0.0123511  0.0209983  0.0375904  0.105615  
305  24.3173  23.272  23.0112  23  22.9963  22.9039  24.6006  23.3608  23.0112  23  22.9963  22.904  0 24.7779  23.3413  23.0113  22.9998  23.0599  22.8303  0.171723  0.0201138  0.0123512  0.0209983  0.0375904  0.105613  
306  24.3173  23.272  23.0112  23  22.9963  22.9039  24.7445  23.3718  23.0112  23  22.9963  22.904  0 24.7696  23.3704  23.0149  22.999  23.0915  22.7994  0.195001  0.020275  0.0123511  0.0209983  0.0375913  0.105615  
307  24.3173  23.272  23.0112  23  22.9963  22.9039  24.5705  23.3966  23.0112  23  22.9963  22.904  0 24.561  23.3935  23.0011  22.9937  22.9569  22.8345  0.167228  0.0206452  0.0123511  0.0209983  0.0375902  0.105615  
308  24.3173  23.272  23.0112  23  22.9963  22.9039  24.5024  23.3944  23.0112  23  22.9963  22.9039  0 24.4138  23.4082  23.0029  22.9988  23.0517  22.8314  0.15752  0.0206128  0.0123512  0.0209983  0.0375906  0.105612  
309  24.3173  23.272  23.0112  23  22.9963  22.9039  24.5884  23.3575  23.0112  23  22.9963  22.9039  0 24.8039  23.3413  23.0119  23.0112  22.991  22.8078  0.169885  0.0200665  0.0123511  0.0209983  0.0375903  0.105611  
310  24.3173  23.272  23.0112  23  22.9963  22.9039  24.779  23.4141  23.0112  23  22.9963  22.9039  0 24.9345  23.4  22.9986  22.9915  22.9944  22.8062  0.201047  0.0209119  0.0123511  0.0209983  0.0375903  0.105612  
311  24.3173  23.272  23.0112  23  22.9963  22.9039  24.8981  23.3997  23.0112  23  22.9963  22.904  0 24.5861  23.3805  23.0085  22.977  22.9706  22.984  0.223481  0.0206927  0.0123509  0.0209983  0.0375893  0.105613  
312  24.3173  23.272  23.0112  23  22.9963  22.9039  24.5864  23.4351  23.0112  23  22.9963  22.904  0 24.8073  23.4773  23.0151  23.0082  22.9783  22.8143  0.169588  0.0212367  0.0123512  0.0209983  0.0375905  0.105614  
313  24.3173  23.272  23.0112  23  22.9963  22.9039  24.7198  23.3722  23.0112  23  22.9963  22.904  0 24.9398  23.4012  23.0043  22.9888  22.9857  22.8172  0.190781  0.0202822  0.0123511  0.0209983  0.0375904  0.105613  
314  24.3173  23.272  23.0112  23  22.9963  22.9039  24.5406  23.374  23.0112  23  22.9963  22.904  0 24.5728  23.3351  22.9913  23.0005  23.1112  22.8628  0.16289  0.0203076  0.0123512  0.0209983  0.0375906  0.105614  
315  24.3173  23.272  23.0112  23  22.9963  22.9039  24.7293  23.4163  23.0112  23  22.9964  22.904  0 24.7311  23.4504  23.0332  22.9762  22.9397  23.0085  0.192383  0.0209459  0.0123512  0.0209983  0.0375915  0.105613  
316  24.3173  23.272  23.0112  23  22.9963  22.9039  24.5564  23.3741  23.0112  23  22.9963  22.904  0 24.7256  23.3842  23.0098  22.9967  22.914  23.094  0.165167  0.0203104  0.0123512  0.0209983  0.037591  0.105614  
317  24.3173  23.272  23.0112  23  22.9963  22.9039  24.5983  23.378  23.0112  23  22.9963  22.9039  0 24.6851  23.3591  23.0369  23.0174  22.9647  23.0595  0.171377  0.0203671  0.0123512  0.0209983  0.0375903  0.105612  
318  24.3173  23.272  23.0112  23  22.9963  22.9039  24.6789  23.3555  23.0112  23  22.9964  22.904  0 25.307  23.3597  23.0397  23.006  22.993  22.8072  0.184006  0.0200371  0.0123512  0.0209983  0.0375914  0.105614  
319  24.3173  23.272  23.0112  23  22.9963  22.9039  24.676  23.4065  23.0112  23  22.9963  22.904  0 24.7486  23.4327  23.0031  23.0028  22.9619  23.0507  0.183536  0.0207955  0.0123511  0.0209983  0.0375905  0.105614  
320  24.3173  23.272  23.0112  23  22.9963  22.9039  24.7226  23.4073  23.0112  23  22.9963  22.9039  0 25.0692  23.4244  23.0339  22.9716  22.9394  22.8877  0.19125  0.0208069  0.0123512  0.0209983  0.0375906  0.105612  
321  24.3173  23.272  23.0112  23  22.9963  22.9039  24.5761  23.346  23.0112  23  22.9963  22.904  0 24.6364  23.3497  23.0193  23.0093  23.0207  22.8615  0.168049  0.0198991  0.0123512  0.0209983  0.0375906  0.105614  
322  24.3173  23.272  23.0112  23  22.9963  22.9039  24.5559  23.3619  23.0112  23  22.9963  22.904  0 24.6877  23.3335  22.9987  22.986  23.02  22.7861  0.165092  0.0201305  0.0123511  0.0209983  0.0375899  0.105614  
323  24.3173  23.272  23.0112  23  22.9963  22.9039  24.6688  23.3807  23.0112  23  22.9963  22.904  0 24.6008  23.3992  22.9915  22.9926  22.9851  23.2061  0.182364  0.0204069  0.0123512  0.0209983  0.0375908  0.105615  
324  24.3173  23.272  23.0112  23  22.9963  22.9039  24.6795  23.3785  23.0112  23  22.9963  22.904  0 24.506  23.3628  22.9846  22.9724  22.9715  22.7255  0.184093  0.0203753  0.0123512  0.0209983  0.0375901  0.105613  
325  24.3173  23.272  23.0112  23  22.9963  22.9039  24.6773  23.4317  23.0112  23  22.9963  22.904  0 24.877  23.4173  23.0081  23.0022  23.0062  22.8938  0.183744  0.0211829  0.0123511  0.0209983  0.0375909  0.105616  
326  24.3173  23.272  23.0112  23  22.9963  22.9039  24.7517  23.3756  23.0112  23  22.9963  22.9039  0 24.9257  23.3987  23.0275  22.995  22.9859  22.9135  0.196249  0.0203325  0.0123511  0.0209983  0.0375906  0.105612  
327  24.3173  23.272  23.0112  23  22.9963  22.9039  24.6007  23.3725  23.0112  23  22.9963  22.904  0 24.5667  23.3442  23.0231  23.032  23.0132  22.9303  0.171738  0.0202862  0.0123511  0.0209983  0.0375901  0.105614  
328  24.3173  23.272  23.0112  23  22.9963  22.9039  24.552  23.4033  23.0112  23  22.9963  22.904  0 24.6026  23.4076  23.0137  23.0019  23.0758  22.9422  0.164533  0.0207475  0.0123511  0.0209983  0.0375901  0.105614  
329  24.3173  23.272  23.0112  23  22.9963  22.9039  24.6174  23.4288  23.0112  23  22.9963  22.904  0 24.3569  23.3946  23.0124  23.0013  23.0036  23.0921  0.174277  0.0211373  0.0123511  0.0209983  0.0375908  0.105614  
330  24.3173  23.272  23.0112  23  22.9963  22.9039  24.6452  23.4215  23.0112  23  22.9963  22.904  0 24.6129  23.4127  22.9867  22.977  23.0287  22.9084  0.178614  0.021025  0.0123512  0.0209983  0.0375906  0.105617  
331  24.3173  23.272  23.0112  23  22.9963  22.9039  24.4527  23.4344  23.0112  23  22.9963  22.904  0 24.6281  23.4558  23.0112  22.9927  23.0088  22.8429  0.150802  0.0212247  0.0123512  0.0209983  0.0375905  0.105618  
332  24.3173  23.272  23.0112  23  22.9963  22.9039  24.4969  23.4289  23.0112  23  22.9963  22.904  0 24.6298  23.4347  23.0079  22.9807  23.0571  23.0618  0.156765  0.0211396  0.0123511  0.0209983  0.0375902  0.105615  
333  24.3173  23.272  23.0112  23  22.9963  22.9039  24.6021  23.3654  23.0112  23  22.9963  22.904  0 24.522  23.3535  23.0112  23.0176  22.9647  22.8877  0.171949  0.020181  0.0123512  0.0209983  0.0375906  0.105616  
334  24.3173  23.272  23.0112  23  22.9963  22.9039  24.6542  23.3777  23.0112  23  22.9963  22.904  0 24.4555  23.3644  22.9971  22.9839  22.9665  22.8325  0.180034  0.0203636  0.0123512  0.0209983  0.0375906  0.105613  
335  24.3173  23.272  23.0112  23  22.9963  22.9039  24.6386  23.4017  23.0112  23  22.9963  22.904  0 24.5551  23.4002  23.0152  22.985  23.0668  22.9208  0.17757  0.0207229  0.0123512  0.0209983  0.0375908  0.105613  
336  24.3173  23.272  23.0112  23  22.9963  22.9039  24.4849  23.401  23.0112  23  22.9963  22.904  0 24.7363  23.3842  23.0283  23.0148  23.0044  22.8451  0.155117  0.0207114  0.0123512  0.0209983  0.0375906  0.105615  
337  24.3173  23.272  23.0112  23  22.9963  22.9039  24.6778  23.3986  23.0112  23  22.9963  22.9039  0 24.9259  23.3902  23.0142  23.0063  22.967  22.9089  0.183821  0.0206759  0.0123512  0.0209983  0.037591  0.105612  
338  24.3173  23.272  23.0112  23  22.9963  22.9039  24.5415  23.3858  23.0112  23  22.9963  22.904  0 24.7139  23.3771  22.9937  22.9885  23.0148  22.7908  0.163018  0.0204836  0.0123511  0.0209983  0.0375902  0.105614  
339  24.3173  23.272  23.0112  23  22.9963  22.9039  24.598  23.4002  23.0112  23  22.9963  22.904  0 24.4916  23.4254  22.9874  23.001  23.0117  23.1449  0.171325  0.0207  0.0123512  0.0209983  0.0375911  0.105613  
340  24.3173  23.272  23.0112  23  22.9963  22.9039  24.7977  23.4044  23.0112  23  22.9963  22.904  0 24.7314  23.3999  23.0391  22.9984  22.9947  22.8961  0.204405  0.0207642  0.0123511  0.0209983  0.0375902  0.105615  
341  24.3173  23.272  23.0112  23  22.9963  22.9039  24.5548  23.3609  23.0112  23  22.9963  22.904  0 24.5101  23.3788  22.9884  23.0219  22.9919  22.9475  0.164941  0.0201163  0.0123511  0.0209983  0.0375904  0.105616  
342  24.3173  23.272  23.0112  23  22.9963  22.9039  24.4915  23.4036  23.0112  23  22.9963  22.9039  0 24.595  23.4244  22.9896  23.0373  23.0724  22.883  0.156016  0.0207521  0.0123512  0.0209983  0.0375902  0.105611  
343  24.3173  23.272  23.0112  23  22.9963  22.9039  24.6047  23.379  23.0112  23  22.9963  22.904  0 24.6106  23.4202  23.0016  23.003  22.9679  22.9961  0.172334  0.0203816  0.0123512  0.0209983  0.0375906  0.105613  
344  24.3173  23.272  23.0112  23  22.9963  22.9039  24.5773  23.3649  23.0112  23  22.9963  22.904  0 24.6873  23.3612  23.0349  23.0048  23.0436  22.8697  0.168228  0.0201742  0.0123512  0.0209983  0.0375905  0.105613  
345  24.3173  23.272  23.0112  23  22.9963  22.9039  24.7296  23.4136  23.0112  23  22.9963  22.904  0 24.7519  23.4194  23.0092  23.0477  22.9707  22.7456  0.192429  0.0209035  0.0123511  0.0209983  0.0375905  0.105618  
346  24.3173  23.272  23.0112  23  22.9963  22.9039  24.6146  23.4341  23.0112  23  22.9963  22.904  0 24.8013  23.4362  23.0229  22.986  23.0239  22.8718  0.173852  0.0212208  0.0123511  0.0209983  0.0375903  0.105615  
347  24.3173  23.272  23.0112  23  22.9963  22.9039  24.5719  23.3744  23.0112  23  22.9963  22.904  0 24.6786  23.3801  23.0118  22.9989  22.9817  22.9648  0.167433  0.0203136  0.0123511  0.0209983  0.03759  0.105613  
348  24.3173  23.272  23.0112  23  22.9963  22.9039  24.5686  23.3722  23.0112  23  22.9963  22.904  0 24.8985  23.354  23.0223  22.9938  22.9672  22.775  0.166953  0.0202822  0.0123513  0.0209983  0.0375906  0.105616  
349  24.3173  23.272  23.0112  23  22.9963  22.9039  24.5749  23.3925  23.0112  23  22.9963  22.904  0 24.6925  23.4054  23.0225  23.0116  23.0016  22.8882  0.167883  0.0205839  0.0123511  0.0209983  0.0375904  0.105614  
350  24.3173  23.272  23.0112  23  22.9963  22.9039  24.5627  23.4068  23.0112  23  22.9963  22.904  0 24.5703  23.3929  22.9827  22.9969  22.9794  22.791  0.166083  0.0208006  0.0123511  0.0209983  0.0375904  0.105613  
351  24.3173  23.272  23.0112  23  22.9963  22.9039  24.4464  23.4123  23.0112  23  22.9963  22.904  0 24.6161  23.4172  23.0108  22.9888  22.9917  22.6863  0.149974  0.0208839  0.0123512  0.0209983  0.0375903  0.105613  
352  24.3173  23.272  23.0112  23  22.9963  22.9039  24.5662  23.4313  23.0112  23  22.9963  22.904  0 24.3665  23.4233  23.0037  23.0162  22.9221  22.7815  0.166594  0.0211772  0.0123512  0.0209983  0.0375905  0.105614  
353  24.3173  23.272  23.0112  23  22.9963  22.9039  24.5563  23.4184  23.0112  23  22.9963  22.904  0 24.5185  23.4101  23.0211  22.9858  22.9755  22.9902  0.165153  0.0209773  0.0123512  0.0209983  0.0375902  0.105613  
354  24.3173  23.272  23.0112  23  22.9963  22.9039  24.534  23.3659  23.0112  23  22.9963  22.904  0 24.4349  23.3482  22.9777  23.0229  23.0065  22.8006  0.161952  0.0201894  0.0123512  0.0209983  0.0375903  0.105614  
355  24.3173  23.272  23.0112  23  22.9963  22.9039  24.7239  23.3934  23.0112  23  22.9963  22.904  0 24.6528  23.4146  23.0271  23.007  22.8859  22.921  0.191465  0.0205972  0.0123511  0.0209983  0.03759  0.105612  
356  24.3173  23.272  23.0112  23  22.9963  22.9039  24.6014  23.3749  23.0112  23  22.9963  22.904  0 24.4334  23.4141  23.022  22.9806  23.0936  23.1234  0.171836  0.0203218  0.0123512  0.0209983  0.0375904  0.105614  
357  24.3173  23.272  23.0112  23  22.9963  22.9039  24.7151  23.4055  23.0112  23  22.9963  22.904  0 24.6372  23.4335  23.0196  23.0042  23.0619  22.972  0.18999  0.0207802  0.012351  0.0209983  0.0375896  0.105614  
358  24.3173  23.272  23.0112  23  22.9963  22.9039  24.5174  23.3895  23.0112  23  22.9963  22.904  0 24.4385  23.3673  23.0083  23.0732  22.9801  22.868  0.159601  0.0205388  0.0123512  0.0209983  0.0375903  0.105615  
359  24.3173  23.272  23.0112  23  22.9963  22.9039  24.6871  23.4472  23.0112  23  22.9963  22.904  0 24.4943  23.4512  23.0223  22.996  22.9314  23.0385  0.185338  0.0214258  0.0123512  0.0209983  0.0375909  0.105616  
360  24.3173  23.272  23.0112  23  22.9963  22.9039  24.6669  23.358  23.0112  23  22.9963  22.9039  0 24.5082  23.3774  23.0134  22.9943  22.9691  22.9359  0.182064  0.0200738  0.0123512  0.0209983  0.0375911  0.105612  
361  24.3173  23.272  23.0112  23  22.9963  22.9039  24.7941  23.3929  23.0112  23  22.9963  22.904  0 25.027  23.3511  23.0403  23.0124  22.9936  22.8876  0.203751  0.0205896  0.0123512  0.0209983  0.0375911  0.105613  
362  24.3173  23.272  23.0112  23  22.9963  22.9039  24.7648  23.404  23.0112  23  22.9963  22.904  0 24.5914  23.3792  23.0089  23.0113  22.9772  22.9551  0.198531  0.0207571  0.0123511  0.0209983  0.0375906  0.105615  
363  24.3173  23.272  23.0112  23  22.9963  22.9039  24.595  23.3961  23.0112  23  22.9963  22.9039  0 24.8253  23.3545  22.9989  23.0443  22.9662  22.947  0.170874  0.0206386  0.0123512  0.0209983  0.0375903  0.105612  
364  24.3173  23.272  23.0112  23  22.9963  22.9039  24.6258  23.4061  23.0112  23  22.9963  22.904  0 24.5921  23.398  23.0121  22.9666  22.9549  22.9108  0.175577  0.020789  0.0123512  0.0209983  0.0375903  0.105615  
365  24.3173  23.272  23.0112  23  22.9963  22.9039  24.6226  23.3669  23.0112  23  22.9963  22.904  0 24.4774  23.373  23.0212  22.9832  23.0421  22.9924  0.175082  0.0202044  0.0123512  0.0209983  0.0375905  0.105613  
366  24.3173  23.272  23.0112  23  22.9963  22.9039  24.597  23.3902  23.0112  23  22.9963  22.904  0 24.7741  23.4204  22.9914  22.975  23.0213  22.7442  0.171179  0.0205494  0.0123512  0.0209983  0.03759  0.105613  
367  24.3173  23.272  23.0112  23  22.9963  22.9039  24.5252  23.4317  23.0112  23  22.9963  22.904  0 24.5478  23.4655  22.9975  23.0131  23.0443  22.8588  0.160697  0.0211838  0.0123512  0.0209983  0.0375905  0.105614  
368  24.3173  23.272  23.0112  23  22.9963  22.9039  24.5699  23.3616  23.0112  23  22.9963  22.904  0 24.6239  23.3377  23.0168  22.9586  23.0258  22.8716  0.167148  0.0201256  0.0123512  0.0209983  0.0375907  0.105616  
369  24.3173  23.272  23.0112  23  22.9963  22.9039  24.5813  23.4241  23.0112  23  22.9963  22.904  0 24.6738  23.4264  23.01  23.0035  22.9645  22.8192  0.168827  0.0210656  0.0123512  0.0209983  0.0375906  0.105616  
370  24.3173  23.272  23.0112  23  22.9963  22.9039  24.5991  23.3789  23.0112  23  22.9963  22.904  0 24.5463  23.3738  23.0032  23.0036  23.0768  22.8679  0.171495  0.0203802  0.0123512  0.0209983  0.0375908  0.105614  
371  24.3173  23.272  23.0112  23  22.9963  22.9039  24.6142  23.4317  23.0112  23  22.9963  22.904  0 24.6294  23.4376  22.9988  23.0016  22.9408  23.0275  0.173794  0.0211823  0.0123512  0.0209983  0.0375909  0.105616  
372  24.3173  23.272  23.0112  23  22.9963  22.9039  24.5719  23.3736  23.0112  23  22.9963  22.904  0 24.5355  23.3441  23.0203  22.9946  23.022  22.9324  0.16743  0.0203023  0.0123512  0.0209983  0.0375903  0.105614  
373  24.3173  23.272  23.0112  23  22.9963  22.9039  24.6024  23.3944  23.0112  23  22.9963  22.904  0 24.335  23.3668  22.9854  22.9582  23.0495  22.9362  0.17199  0.0206131  0.0123512  0.0209983  0.0375911  0.105614  
374  24.3173  23.272  23.0112  23  22.9963  22.9039  24.5156  23.4043  23.0112  23  22.9963  22.904  0 24.7094  23.4216  22.9906  22.9814  22.9821  22.8871  0.159355  0.0207619  0.0123512  0.0209983  0.0375906  0.105616  
375  24.3173  23.272  23.0112  23  22.9963  22.9039  24.5846  23.3751  23.0112  23  22.9963  22.904  0 24.5757  23.3654  23.021  23.0036  22.981  22.8913  0.169321  0.0203251  0.0123512  0.0209983  0.0375907  0.105614  
376  24.3173  23.272  23.0112  23  22.9963  22.9039  24.529  23.3927  23.0112  23  22.9963  22.904  0 24.5604  23.3679  23.0296  23.0073  23.0086  22.7736  0.161245  0.0205862  0.0123511  0.0209983  0.03759  0.105613  
377  24.3173  23.272  23.0112  23  22.9963  22.9039  24.6327  23.4023  23.0112  23  22.9963  22.904  0 24.758  23.4031  23.0208  22.9688  23.0427  22.9709  0.176649  0.0207319  0.0123511  0.0209983  0.0375901  0.105613  
378  24.3173  23.272  23.0112  23  22.9963  22.9039  24.5351  23.4034  23.0112  23  22.9963  22.9039  0 24.5215  23.4167  23.0136  22.9831  22.9863  22.8759  0.162103  0.0207481  0.0123512  0.0209983  0.0375907  0.105611  
379  24.3173  23.272  23.0112  23  22.9963  22.9039  24.6  23.3874  23.0112  23  22.9963  22.904  0 24.4562  23.3443  22.9867  22.9736  23.0191  22.873  0.171632  0.0205074  0.0123511  0.0209983  0.0375905  0.105615  
380  24.3173  23.272  23.0112  23  22.9963  22.9039  24.5077  23.4046  23.0112  23  22.9963  22.904  0 24.5334  23.4353  23.0325  22.973  23.0032  22.8853  0.158244  0.0207666  0.0123512  0.0209983  0.0375902  0.105617  
381  24.3173  23.272  23.0112  23  22.9963  22.9039  24.6904  23.4071  23.0112  23  22.9963  22.904  0 24.4396  23.4355  23.0105  23.0172  22.9982  22.8412  0.185872  0.0208043  0.0123512  0.0209983  0.0375903  0.105614  
382  24.3173  23.272  23.0112  23  22.9963  22.9039  24.5889  23.3911  23.0112  23  22.9963  22.904  0 24.6823  23.3849  23.0116  23.017  23.0572  23.0354  0.169963  0.0205623  0.0123511  0.0209983  0.0375901  0.105616  
383  24.3173  23.272  23.0112  23  22.9963  22.9039  24.7487  23.3977  23.0112  23  22.9963  22.904  0 24.904  23.3878  23.0042  23.004  23.029  22.8464  0.195712  0.0206615  0.0123511  0.0209983  0.0375903  0.105613  
384  24.3173  23.272  23.0112  23  22.9963  22.9039  24.6225  23.4302  23.0112  23  22.9963  22.904  0 24.436  23.3771  23.0123  22.9555  23.0436  22.9333  0.175061  0.0211603  0.012351  0.0209983  0.03759  0.105612  
385  24.3173  23.272  23.0112  23  22.9963  22.9039  24.6819  23.3874  23.0112  23  22.9963  22.904  0 25.0478  23.4094  23.0253  23.0163  23.0464  23.0268  0.184484  0.020507  0.0123511  0.0209983  0.0375903  0.105615  
386  24.3173  23.272  23.0112  23  22.9963  22.9039  24.5567  23.3762  23.0112  23  22.9963  22.904  0 24.4509  23.373  23.004  23.0127  22.9743  22.9017  0.165205  0.0203404  0.0123512  0.0209983  0.0375904  0.105614  
387  24.3173  23.272  23.0112  23  22.9963  22.9039  24.5479  23.3777  23.0112  23  22.9963  22.904  0 24.5391  23.3933  23.0015  22.992  22.9785  22.8846  0.163934  0.0203625  0.0123511  0.0209983  0.03759  0.105614  
388  24.3173  23.272  23.0112  23  22.9963  22.9039  24.5023  23.4261  23.0112  23  22.9963  22.904  0 24.5966  23.3997  22.9981  23.014  23.0136  22.9497  0.157499  0.021096  0.0123512  0.0209983  0.0375904  0.105615  
389  24.3173  23.272  23.0112  23  22.9963  22.9039  24.6418  23.4191  23.0112  23  22.9963  22.904  0 24.6543  23.4136  23.0412  22.9928  22.9348  22.9326  0.178067  0.0209888  0.0123512  0.0209983  0.0375908  0.105613  
390  24.3173  23.272  23.0112  23  22.9963  22.9039  24.6284  23.369  23.0112  23  22.9963  22.904  0 24.8289  23.3718  23.0047  23.0139  22.9603  22.8484  0.175983  0.0202339  0.0123512  0.0209983  0.0375905  0.105614  
391  24.3173  23.272  23.0112  23  22.9963  22.9039  24.6561  23.3828  23.0112  23  22.9963  22.904  0 24.5295  23.4091  23.0368  23.0175  23.0586  22.9225  0.180325  0.0204382  0.0123512  0.0209983  0.0375908  0.105613  
392  24.3173  23.272  23.0112  23  22.9963  22.9039  24.764  23.4051  23.0112  23  22.9963  22.904  0 24.7759  23.4062  23.0275  23.0355  23.0664  23.0476  0.19839  0.0207745  0.0123511  0.0209983  0.0375904  0.105615  
393  24.3173  23.272  23.0112  23  22.9963  22.9039  24.6697  23.3906  23.0112  23  22.9963  22.904  0 25.3064  23.4026  23.0092  23.0002  22.993  23.1003  0.182515  0.0205549  0.0123511  0.0209983  0.0375902  0.105616  
394  24.3173  23.272  23.0112  23  22.9963  22.9039  24.4949  23.3923  23.0112  23  22.9963  22.904  0 24.3568  23.3844  23.0271  22.9704  23.0065  22.9196  0.156483  0.0205807  0.0123512  0.0209983  0.0375906  0.105613  
395  24.3173  23.272  23.0112  23  22.9963  22.9039  24.4938  23.3714  23.0112  23  22.9963  22.904  0 24.4684  23.4009  22.9819  23.0399  22.992  22.8516  0.156327  0.0202701  0.0123511  0.0209983  0.0375898  0.105618  
396  24.3173  23.272  23.0112  23  22.9963  22.9039  24.6286  23.3953  23.0112  23  22.9963  22.904  0 24.7876  23.4207  23.0114  22.9701  22.9878  22.9616  0.176017  0.0206259  0.012351  0.0209983  0.0375895  0.105617  
397  24.3173  23.272  23.0112  23  22.9963  22.9039  24.6756  23.3938  23.0112  23  22.9963  22.904  0 24.576  23.3819  23.0258  23.0186  22.9934  22.9931  0.183462  0.0206031  0.0123512  0.0209983  0.0375907  0.105617  
398  24.3173  23.272  23.0112  23  22.9963  22.9039  24.6594  23.3646  23.0112  23  22.9963  22.904  0 24.5964  23.3197  23.0109  23.0171  22.9974  22.9056  0.180859  0.0201695  0.0123511  0.0209983  0.0375903  0.105614  
399  24.3173  23.272  23.0112  23  22.9963  22.9039  24.6765  23.383  23.0112  23  22.9963  22.904  0 24.7508  23.3988  22.9981  23.0517  23.0346  22.9159  0.183609  0.0204425  0.0123512  0.0209983  0.0375906  0.105614  
400  24.3173  23.272  23.0112  23  22.9963  22.9039  24.5993  23.3757  23.0112  23  22.9963  22.9039  0 24.8198  23.3625  23.0045  23.0207  22.929  22.7996  0.171518  0.0203338  0.0123512  0.0209983  0.0375908  0.105611  
