1  23.8086  23.1727  22.9715  23  22.9215  22.869  24.1607  23.2413  22.9715  23  22.9216  22.869  0 24.0416  23.2253  22.9689  22.9817  22.9427  22.8946  0.116989  0.0184578  0.0119981  0.0209983  0.0351004  0.10227  
2  23.8086  23.1727  22.9715  23  22.9215  22.869  23.9566  23.2587  22.9715  23  22.9216  22.869  0 23.9814  23.2555  22.9623  22.9992  22.9101  22.8222  0.0981932  0.0186887  0.0119981  0.0209983  0.0351005  0.102272  
3  23.8086  23.1727  22.9715  23  22.9215  22.869  23.9846  23.2485  22.9715  23  22.9216  22.869  0 23.9157  23.2225  22.978  23.0205  22.917  22.7727  0.100565  0.0185534  0.0119981  0.0209983  0.0351003  0.102271  
4  23.8086  23.1727  22.9715  23  22.9215  22.869  24.0854  23.2483  22.9715  23  22.9216  22.869  0 24.091  23.237  22.9727  23.0015  22.9387  22.8348  0.109639  0.0185499  0.011998  0.0209983  0.0351002  0.102271  
5  23.8086  23.1727  22.9715  23  22.9215  22.869  24.0675  23.2238  22.9715  23  22.9215  22.869  0 24.0835  23.2163  22.9792  23.0027  22.9476  22.955  0.107963  0.0182296  0.0119981  0.0209983  0.0351002  0.102271  
6  23.8086  23.1727  22.9715  23  22.9215  22.869  24.0259  23.2251  22.9715  23  22.9216  22.869  0 24.0416  23.2231  22.9684  23.0223  22.891  23.0383  0.104181  0.0182464  0.0119981  0.0209983  0.0351007  0.10227  
7  23.8086  23.1727  22.9715  23  22.9215  22.869  24.1629  23.214  22.9715  23  22.9216  22.869  0 23.933  23.2404  22.9671  23.0105  22.9432  22.8686  0.117208  0.0181041  0.011998  0.0209983  0.0351004  0.102269  
8  23.8086  23.1727  22.9715  23  22.9215  22.869  24.0512  23.2549  22.9715  23  22.9216  22.869  0 24.2465  23.256  22.9652  22.9938  22.9649  22.9315  0.106467  0.0186375  0.011998  0.0209983  0.035101  0.102271  
9  23.8086  23.1727  22.9715  23  22.9215  22.869  24.0173  23.2378  22.9715  23  22.9216  22.869  0 23.9031  23.2519  22.9774  23.0203  22.8962  22.9736  0.103415  0.0184119  0.0119981  0.0209983  0.0351007  0.102271  
10  23.8086  23.1727  22.9715  23  22.9215  22.869  23.9769  23.2242  22.9715  23  22.9216  22.869  0 23.8958  23.2303  22.9613  22.9843  22.9302  22.897  0.0999089  0.0182347  0.0119981  0.0209983  0.0351002  0.102271  
11  23.8086  23.1727  22.9715  23  22.9215  22.869  24.221  23.235  22.9715  23  22.9216  22.869  0 24.396  23.2433  22.9797  22.9729  22.9508  23.0417  0.123244  0.0183751  0.0119981  0.0209983  0.0351009  0.102271  
12  23.8086  23.1727  22.9715  23  22.9215  22.869  23.945  23.2452  22.9715  23  22.9216  22.869  0 24.1619  23.2514  22.9683  23.0032  22.9477  22.7506  0.0972226  0.0185091  0.0119981  0.0209983  0.0351003  0.102271  
13  23.8086  23.1727  22.9715  23  22.9215  22.869  24.0466  23.2349  22.9715  23  22.9215  22.869  0 24.081  23.1958  22.9828  22.9928  22.9542  22.9806  0.106049  0.0183738  0.011998  0.0209983  0.0351  0.102273  
14  23.8086  23.1727  22.9715  23  22.9215  22.869  23.951  23.2473  22.9715  23  22.9215  22.869  0 24.0733  23.2305  22.9699  22.9896  22.9075  22.9229  0.0977259  0.0185374  0.011998  0.0209983  0.0351  0.102271  
15  23.8086  23.1727  22.9715  23  22.9215  22.869  24.1237  23.2469  22.9715  23  22.9216  22.869  0 24.3331  23.2231  22.9817  23.0255  22.9243  23.036  0.113312  0.0185319  0.0119981  0.0209983  0.0351004  0.102272  
16  23.8086  23.1727  22.9715  23  22.9215  22.869  24.1024  23.2447  22.9715  23  22.9216  22.869  0 24.365  23.2402  22.9869  23.0113  22.8305  22.8623  0.111251  0.0185024  0.011998  0.0209983  0.0351002  0.102273  
17  23.8086  23.1727  22.9715  23  22.9215  22.869  24.0794  23.2319  22.9715  23  22.9216  22.869  0 24.0327  23.256  22.956  22.9702  22.9527  22.9151  0.109073  0.0183356  0.011998  0.0209983  0.0351008  0.102271  
18  23.8086  23.1727  22.9715  23  22.9215  22.869  24.024  23.2227  22.9715  23  22.9215  22.869  0 24.169  23.2196  22.9528  23.0013  22.8917  22.9057  0.104015  0.0182154  0.0119981  0.0209983  0.0351001  0.10227  
19  23.8086  23.1727  22.9715  23  22.9215  22.869  24.1593  23.2414  22.9715  23  22.9215  22.869  0 24.3825  23.2397  22.9847  23.0111  22.9086  22.7905  0.116845  0.01846  0.0119979  0.0209983  0.0350999  0.102269  
20  23.8086  23.1727  22.9715  23  22.9215  22.869  23.9934  23.2426  22.9715  23  22.9216  22.869  0 24.0376  23.2499  22.9621  22.9971  22.8247  22.7266  0.101323  0.0184758  0.0119981  0.0209983  0.0351009  0.10227  
21  23.8086  23.1727  22.9715  23  22.9215  22.869  23.9738  23.2273  22.9715  23  22.9215  22.869  0 23.9176  23.247  22.9901  23.0133  22.9175  23.0082  0.0996417  0.0182749  0.0119981  0.0209983  0.0351001  0.10227  
22  23.8086  23.1727  22.9715  23  22.9215  22.869  23.9512  23.2405  22.9715  23  22.9215  22.869  0 23.9664  23.2497  22.978  23.009  22.9755  22.8111  0.097741  0.0184479  0.011998  0.0209983  0.0351001  0.102271  
23  23.8086  23.1727  22.9715  23  22.9215  22.869  24.0886  23.2404  22.9715  23  22.9216  22.869  0 24.0338  23.2328  22.981  22.9838  22.9161  23.0739  0.109944  0.018447  0.0119981  0.0209983  0.0351008  0.102271  
24  23.8086  23.1727  22.9715  23  22.9215  22.869  23.9172  23.228  22.9715  23  22.9215  22.869  0 23.9111  23.2149  22.9686  22.9812  22.9367  22.8016  0.094946  0.0182843  0.0119981  0.0209983  0.0351002  0.10227  
25  23.8086  23.1727  22.9715  23  22.9215  22.869  23.9743  23.256  22.9715  23  22.9216  22.869  0 23.9952  23.2427  22.9989  22.9948  22.8594  22.8389  0.0996803  0.018652  0.0119981  0.0209983  0.0351004  0.102272  
26  23.8086  23.1727  22.9715  23  22.9215  22.869  24.0925  23.2258  22.9715  23  22.9215  22.869  0 24.0705  23.2231  22.9721  23.0302  22.9056  22.8573  0.110308  0.0182561  0.011998  0.0209983  0.0350996  0.102271  
27  23.8086  23.1727  22.9715  23  22.9215  22.869  24.0143  23.2794  22.9715  23  22.9216  22.8691  0 24.0535  23.3218  22.9713  23.0267  22.9377  22.7005  0.103148  0.018968  0.0119981  0.0209983  0.0351008  0.102274  
28  23.8086  23.1727  22.9715  23  22.9215  22.869  24.0155  23.2229  22.9715  23  22.9215  22.869  0 23.9951  23.234  22.9712  22.9583  22.903  22.8201  0.103257  0.0182182  0.011998  0.0209983  0.0351  0.102272  
29  23.8086  23.1727  22.9715  23  22.9215  22.869  24.0537  23.2677  22.9715  23  22.9216  22.869  0 24.0393  23.2703  22.9724  23.0108  22.8504  22.9237  0.106692  0.0188091  0.0119981  0.0209983  0.0351005  0.102273  
30  23.8086  23.1727  22.9715  23  22.9215  22.869  24.0553  23.245  22.9715  23  22.9216  22.869  0 24.1557  23.2413  22.9666  22.9738  22.9198  22.9685  0.106843  0.0185065  0.0119981  0.0209983  0.0351009  0.102271  
31  23.8086  23.1727  22.9715  23  22.9215  22.869  24.0018  23.24  22.9715  23  22.9215  22.869  0 23.9225  23.2307  22.989  22.9874  22.9936  22.6453  0.102052  0.0184416  0.0119981  0.0209983  0.0351002  0.10227  
32  23.8086  23.1727  22.9715  23  22.9215  22.869  24.1566  23.2696  22.9715  23  22.9216  22.869  0 24.1759  23.2369  22.9795  22.9826  22.8717  22.8583  0.116574  0.0188346  0.011998  0.0209983  0.0351002  0.102272  
33  23.8086  23.1727  22.9715  23  22.9215  22.869  24.0811  23.2459  22.9715  23  22.9216  22.869  0 24.073  23.2628  22.9716  23.0667  22.9789  23.0007  0.109238  0.0185188  0.0119981  0.0209983  0.0351007  0.102272  
34  23.8086  23.1727  22.9715  23  22.9215  22.869  23.9424  23.2349  22.9715  23  22.9215  22.8691  0 23.8254  23.2299  22.9614  22.9884  22.9292  23.0338  0.0970097  0.0183741  0.011998  0.0209983  0.0350998  0.102274  
35  23.8086  23.1727  22.9715  23  22.9215  22.869  24.0577  23.2219  22.9715  23  22.9215  22.869  0 24.1486  23.2102  22.9605  22.9848  22.9037  22.6777  0.107065  0.0182059  0.011998  0.0209983  0.0351001  0.102271  
36  23.8086  23.1727  22.9715  23  22.9215  22.869  24.0673  23.237  22.9715  23  22.9216  22.869  0 24.1113  23.2177  22.9556  22.9771  22.9605  23.0355  0.107946  0.0184015  0.0119981  0.0209983  0.0351004  0.10227  
37  23.8086  23.1727  22.9715  23  22.9215  22.869  23.9992  23.2523  22.9715  23  22.9216  22.869  0 24.1152  23.2541  22.9752  22.9651  22.9195  22.789  0.101831  0.0186038  0.0119981  0.0209983  0.0351004  0.102273  
38  23.8086  23.1727  22.9715  23  22.9215  22.869  24.2117  23.2383  22.9715  23  22.9216  22.869  0 24.3531  23.2412  22.9758  23.0127  22.9364  22.7856  0.122258  0.0184187  0.0119981  0.0209983  0.0351005  0.10227  
39  23.8086  23.1727  22.9715  23  22.9215  22.869  24.01  23.2503  22.9715  23  22.9215  22.869  0 23.8628  23.2532  22.9642  23.0527  22.8486  23.033  0.102777  0.0185771  0.011998  0.0209983  0.0350999  0.102272  
40  23.8086  23.1727  22.9715  23  22.9215  22.869  24.0795  23.2619  22.9715  23  22.9216  22.8691  0 24.2336  23.2692  22.9631  23.0141  22.9598  22.877  0.109086  0.018731  0.0119981  0.0209983  0.0351005  0.102273  
41  23.8086  23.1727  22.9715  23  22.9215  22.869  24.051  23.2516  22.9715  23  22.9216  22.869  0 23.9384  23.2467  22.9486  23.0304  22.8422  22.9388  0.106446  0.0185946  0.0119981  0.0209983  0.0351004  0.102271  
42  23.8086  23.1727  22.9715  23  22.9215  22.869  24.0701  23.2345  22.9715  23  22.9216  22.869  0 24.1015  23.2263  22.9689  22.989  22.965  22.8598  0.10821  0.018369  0.0119981  0.0209983  0.0351004  0.102272  
43  23.8086  23.1727  22.9715  23  22.9215  22.869  24.0222  23.2168  22.9715  23  22.9215  22.869  0 23.8445  23.1978  22.9919  23.0171  22.9448  22.7954  0.103849  0.01814  0.011998  0.0209983  0.0350998  0.102269  
44  23.8086  23.1727  22.9715  23  22.9215  22.869  23.9819  23.2646  22.9715  23  22.9215  22.8691  0 24.0248  23.2693  22.9652  23.022  22.9388  22.7988  0.100336  0.0187681  0.011998  0.0209983  0.0350999  0.102274  
45  23.8086  23.1727  22.9715  23  22.9215  22.869  24.0067  23.2402  22.9715  23  22.9215  22.869  0 24.203  23.2399  22.9778  23.0248  22.9183  22.8074  0.102487  0.0184432  0.011998  0.0209983  0.0351  0.102271  
46  23.8086  23.1727  22.9715  23  22.9215  22.869  24.072  23.2307  22.9715  23  22.9216  22.869  0 24.0138  23.2049  22.9499  22.9592  22.8894  22.7545  0.108381  0.0183201  0.0119981  0.0209983  0.0351006  0.10227  
47  23.8086  23.1727  22.9715  23  22.9215  22.869  23.9545  23.2259  22.9715  23  22.9215  22.869  0 24.2038  23.2342  22.9647  23.0065  22.863  22.8577  0.0980116  0.0182572  0.0119981  0.0209983  0.0351001  0.102271  
48  23.8086  23.1727  22.9715  23  22.9215  22.869  24.1174  23.2631  22.9715  23  22.9215  22.869  0 24.1353  23.259  22.9831  22.9974  22.8966  23.0844  0.112694  0.0187473  0.011998  0.0209983  0.0350999  0.102269  
49  23.8086  23.1727  22.9715  23  22.9215  22.869  24.017  23.2203  22.9715  23  22.9216  22.869  0 24.0319  23.206  22.9853  22.9938  22.9533  22.8165  0.103394  0.0181849  0.0119981  0.0209983  0.0351003  0.102271  
50  23.8086  23.1727  22.9715  23  22.9215  22.869  24.1877  23.2398  22.9715  23  22.9216  22.869  0 24.1536  23.228  22.948  22.9519  22.9181  22.8736  0.119742  0.0184379  0.0119981  0.0209983  0.0351006  0.102271  
51  23.8086  23.1727  22.9715  23  22.9215  22.869  24.1302  23.2321  22.9715  23  22.9216  22.869  0 24.1102  23.2357  22.962  22.986  22.9346  22.9331  0.113944  0.0183373  0.0119981  0.0209983  0.035101  0.102272  
52  23.8086  23.1727  22.9715  23  22.9215  22.869  23.9412  23.2116  22.9715  23  22.9216  22.869  0 23.9635  23.2019  22.9744  22.9919  22.8693  22.799  0.0969104  0.0180732  0.0119981  0.0209983  0.0351004  0.10227  
53  23.8086  23.1727  22.9715  23  22.9215  22.869  24.172  23.2419  22.9715  23  22.9216  22.869  0 23.9638  23.2452  22.991  22.9849  22.9465  22.7757  0.11813  0.0184667  0.011998  0.0209983  0.0351006  0.102269  
54  23.8086  23.1727  22.9715  23  22.9215  22.869  24.0252  23.2068  22.9715  23  22.9216  22.869  0 23.8629  23.1778  22.9725  23.017  23.0143  22.9433  0.104114  0.0180119  0.0119981  0.0209983  0.035101  0.10227  
55  23.8086  23.1727  22.9715  23  22.9215  22.869  24.0288  23.2332  22.9715  23  22.9216  22.869  0 24.1024  23.2153  22.973  22.9874  22.9142  22.7978  0.104439  0.0183528  0.0119981  0.0209983  0.0351005  0.102272  
56  23.8086  23.1727  22.9715  23  22.9215  22.869  24.1335  23.2236  22.9714  23  22.9216  22.869  0 24.0961  23.2518  22.9709  22.9953  22.942  22.7297  0.114275  0.0182273  0.0119979  0.0209983  0.0351004  0.10227  
57  23.8086  23.1727  22.9715  23  22.9215  22.869  23.9799  23.2523  22.9715  23  22.9216  22.869  0 23.9569  23.2563  22.9893  23.0119  22.9314  22.8133  0.10016  0.0186029  0.0119981  0.0209983  0.0351004  0.102271  
58  23.8086  23.1727  22.9715  23  22.9215  22.869  24.0134  23.229  22.9715  23  22.9216  22.869  0 23.8802  23.2742  22.9732  23.0014  22.9097  22.8722  0.103068  0.0182968  0.0119981  0.0209983  0.0351008  0.102271  
59  23.8086  23.1727  22.9715  23  22.9215  22.869  24.0414  23.2193  22.9715  23  22.9216  22.869  0 23.8802  23.203  22.9858  22.9756  22.9435  22.8932  0.105577  0.0181714  0.0119981  0.0209983  0.0351003  0.10227  
60  23.8086  23.1727  22.9715  23  22.9215  22.869  24.0655  23.2183  22.9715  23  22.9215  22.869  0 23.7826  23.239  22.9765  23.0115  22.8963  22.8853  0.107778  0.0181594  0.011998  0.0209983  0.0350998  0.102271  
61  23.8086  23.1727  22.9715  23  22.9215  22.869  23.9865  23.2571  22.9715  23  22.9215  22.869  0 23.9521  23.2293  22.964  23.0319  22.8913  22.819  0.100726  0.0186666  0.0119981  0.0209983  0.0351002  0.10227  
62  23.8086  23.1727  22.9715  23  22.9215  22.869  24.1044  23.2468  22.9715  23  22.9215  22.869  0 24.1201  23.2446  22.9864  22.9921  22.854  23.0091  0.111448  0.0185302  0.011998  0.0209983  0.0351  0.10227  
63  23.8086  23.1727  22.9715  23  22.9215  22.869  24.0203  23.2451  22.9715  23  22.9216  22.869  0 23.9031  23.2119  22.9643  22.985  22.8853  22.7719  0.103686  0.0185083  0.0119981  0.0209983  0.0351005  0.102273  
64  23.8086  23.1727  22.9715  23  22.9215  22.869  24.1045  23.219  22.9715  23  22.9215  22.869  0 24.2072  23.2143  22.9891  23.0155  23.0176  22.8478  0.111459  0.0181686  0.011998  0.0209983  0.0351001  0.102272  
65  23.8086  23.1727  22.9715  23  22.9215  22.869  24.0259  23.2616  22.9715  23  22.9216  22.869  0 24.0862  23.275  22.9739  22.9878  22.8977  22.8531  0.10418  0.0187269  0.0119981  0.0209983  0.0351006  0.102273  
66  23.8086  23.1727  22.9715  23  22.9215  22.869  24.1687  23.257  22.9715  23  22.9216  22.8691  0 24.1661  23.2909  22.9826  23.0354  22.9177  22.7736  0.117798  0.0186663  0.0119981  0.0209983  0.0351008  0.102273  
67  23.8086  23.1727  22.9715  23  22.9215  22.869  24.0593  23.2293  22.9715  23  22.9216  22.869  0 24.0466  23.2182  22.9606  23.0401  22.9395  22.9266  0.10721  0.018302  0.0119981  0.0209983  0.0351007  0.10227  
68  23.8086  23.1727  22.9715  23  22.9215  22.869  24.0172  23.2511  22.9715  23  22.9216  22.869  0 24.1046  23.2347  22.9728  23.0029  22.9462  22.8904  0.103405  0.0185875  0.0119981  0.0209983  0.0351005  0.10227  
69  23.8086  23.1727  22.9715  23  22.9215  22.869  24.0515  23.2451  22.9715  23  22.9216  22.869  0 24.2695  23.2457  22.9735  23.0185  22.943  22.8361  0.106495  0.0185083  0.0119981  0.0209983  0.0351005  0.102272  
70  23.8086  23.1727  22.9715  23  22.9215  22.869  24.1093  23.2815  22.9715  23  22.9216  22.869  0 24.055  23.3198  22.9482  23.0114  22.8762  23.0372  0.111915  0.0189956  0.0119981  0.0209983  0.0351004  0.102273  
71  23.8086  23.1727  22.9715  23  22.9215  22.869  23.9864  23.2413  22.9715  23  22.9216  22.869  0 23.9024  23.2306  22.9597  23.0206  22.8761  22.9037  0.100716  0.0184577  0.0119981  0.0209983  0.0351006  0.102271  
72  23.8086  23.1727  22.9715  23  22.9215  22.869  23.9857  23.2313  22.9715  23  22.9216  22.869  0 24.0902  23.2337  22.9703  22.9797  22.9604  23.0396  0.100658  0.0183276  0.0119981  0.0209983  0.0351003  0.10227  
73  23.8086  23.1727  22.9715  23  22.9215  22.869  24.1424  23.2563  22.9715  23  22.9216  22.869  0 24.1176  23.2491  22.9537  23.0085  22.9124  22.9382  0.115158  0.0186565  0.011998  0.0209983  0.0351006  0.102271  
74  23.8086  23.1727  22.9715  23  22.9215  22.869  24.0143  23.2184  22.9715  23  22.9215  22.869  0 23.9458  23.172  22.9667  23.0229  22.8907  22.8492  0.103151  0.0181607  0.0119981  0.0209983  0.0351001  0.102272  
75  23.8086  23.1727  22.9715  23  22.9215  22.869  24.0739  23.2465  22.9715  23  22.9215  22.869  0 24.0007  23.2253  22.9918  22.9977  22.9366  22.9508  0.108557  0.0185266  0.011998  0.0209983  0.0351001  0.102271  
76  23.8086  23.1727  22.9715  23  22.9215  22.869  24.0454  23.2402  22.9715  23  22.9215  22.869  0 24.0641  23.203  22.9847  23.0016  22.9619  22.7661  0.105941  0.0184439  0.0119981  0.0209983  0.0351001  0.102271  
77  23.8086  23.1727  22.9715  23  22.9215  22.869  24.1194  23.2493  22.9715  23  22.9216  22.869  0 24.1786  23.2594  22.9733  22.9899  22.9134  22.77  0.112896  0.0185643  0.011998  0.0209983  0.0351006  0.10227  
78  23.8086  23.1727  22.9715  23  22.9215  22.869  24.076  23.2654  22.9715  23  22.9216  22.869  0 24.1048  23.2541  22.9545  23.0017  22.9276  22.7324  0.108752  0.0187789  0.0119981  0.0209983  0.0351009  0.102271  
79  23.8086  23.1727  22.9715  23  22.9215  22.869  24.0822  23.2814  22.9715  23  22.9216  22.8691  0 24.0547  23.2573  22.9634  22.9688  22.9661  22.725  0.109335  0.0189945  0.0119981  0.0209983  0.0351003  0.102274  
80  23.8086  23.1727  22.9715  23  22.9215  22.869  24.0067  23.2414  22.9715  23  22.9215  22.869  0 24.026  23.2308  22.9526  23.0022  22.8938  22.8046  0.10248  0.0184597  0.011998  0.0209983  0.0351001  0.102272  
81  23.8086  23.1727  22.9715  23  22.9215  22.869  23.9454  23.2447  22.9715  23  22.9216  22.869  0 24.0614  23.246  22.9665  22.9788  22.9302  22.8712  0.0972579  0.0185024  0.0119981  0.0209983  0.0351002  0.102271  
82  23.8086  23.1727  22.9715  23  22.9215  22.869  23.9627  23.224  22.9715  23  22.9216  22.869  0 23.886  23.2155  22.9599  22.9574  22.9211  23.0083  0.0987031  0.0182321  0.011998  0.0209983  0.0351002  0.10227  
83  23.8086  23.1727  22.9715  23  22.9215  22.869  24.08  23.27  22.9715  23  22.9216  22.8691  0 24.2142  23.2794  22.9627  22.9962  22.9631  22.7903  0.10913  0.0188398  0.0119981  0.0209983  0.0351004  0.102274  
84  23.8086  23.1727  22.9715  23  22.9215  22.869  24.0145  23.2194  22.9715  23  22.9215  22.869  0 24.0112  23.2491  22.9777  22.9716  22.8943  22.88  0.103172  0.0181728  0.0119981  0.0209983  0.0351  0.10227  
85  23.8086  23.1727  22.9715  23  22.9215  22.869  24.0692  23.2447  22.9715  23  22.9216  22.869  0 23.9061  23.2585  22.9643  22.9921  22.8936  22.9188  0.108126  0.0185029  0.0119981  0.0209983  0.0351012  0.102272  
86  23.8086  23.1727  22.9715  23  22.9215  22.869  24.0042  23.2494  22.9715  23  22.9215  22.869  0 23.9821  23.2572  22.9769  23.0092  22.9716  22.9128  0.102267  0.0185648  0.011998  0.0209983  0.0350999  0.10227  
87  23.8086  23.1727  22.9715  23  22.9215  22.869  24.0544  23.2345  22.9715  23  22.9216  22.869  0 23.965  23.2521  22.9776  22.9793  22.8662  22.9928  0.106755  0.0183693  0.0119981  0.0209983  0.0351005  0.102271  
88  23.8086  23.1727  22.9715  23  22.9215  22.869  24.0312  23.2201  22.9715  23  22.9215  22.869  0 24.1357  23.1968  22.9549  23.0247  22.9694  22.9583  0.104654  0.0181827  0.011998  0.0209983  0.0350997  0.10227  
89  23.8086  23.1727  22.9715  23  22.9215  22.869  24.0173  23.2173  22.9715  23  22.9216  22.869  0 24.1235  23.2287  22.951  23.0449  22.9356  22.779  0.103415  0.0181465  0.0119981  0.0209983  0.0351002  0.102271  
90  23.8086  23.1727  22.9715  23  22.9215  22.869  23.9377  23.2444  22.9715  23  22.9216  22.869  0 23.9015  23.27  22.9918  23.0243  22.9089  22.8223  0.0966171  0.0184996  0.0119981  0.0209983  0.0351005  0.102273  
91  23.8086  23.1727  22.9715  23  22.9215  22.869  24.0717  23.2291  22.9715  23  22.9216  22.869  0 24.1267  23.2535  22.984  23.0048  22.9452  22.8407  0.108356  0.0182985  0.0119981  0.0209983  0.0351005  0.102271  
92  23.8086  23.1727  22.9715  23  22.9215  22.869  24.0232  23.24  22.9715  23  22.9216  22.869  0 23.8707  23.2097  22.9771  23.0305  22.9213  22.8655  0.103937  0.0184411  0.0119981  0.0209983  0.0351005  0.102273  
93  23.8086  23.1727  22.9715  23  22.9215  22.869  24.0739  23.2507  22.9715  23  22.9216  22.869  0 24.1556  23.2336  22.9787  22.9616  22.9107  22.78  0.108559  0.0185828  0.0119981  0.0209983  0.0351003  0.102269  
94  23.8086  23.1727  22.9715  23  22.9215  22.869  24.0187  23.2444  22.9715  23  22.9215  22.869  0 23.9336  23.2727  22.9683  22.943  22.9208  22.7407  0.103543  0.0184984  0.0119981  0.0209983  0.0351001  0.102271  
95  23.8086  23.1727  22.9715  23  22.9215  22.869  24.0011  23.2191  22.9715  23  22.9215  22.869  0 24.0456  23.2174  22.9903  22.9988  22.9989  22.7144  0.101996  0.0181699  0.0119981  0.0209983  0.0351002  0.102271  
96  23.8086  23.1727  22.9715  23  22.9215  22.869  23.9825  23.2138  22.9715  23  22.9215  22.869  0 23.902  23.2436  22.9541  23.0296  22.9138  22.811  0.100387  0.0181018  0.0119981  0.0209983  0.0351  0.10227  
97  23.8086  23.1727  22.9715  23  22.9215  22.869  24.0283  23.2623  22.9715  23  22.9216  22.869  0 23.9009  23.2327  22.9733  22.9773  22.9599  22.9186  0.104399  0.018737  0.0119981  0.0209983  0.0351008  0.102272  
98  23.8086  23.1727  22.9715  23  22.9215  22.869  24.1672  23.2366  22.9715  23  22.9216  22.869  0 24.164  23.2249  22.9524  22.9791  22.926  22.8046  0.117647  0.0183965  0.0119981  0.0209983  0.0351013  0.102271  
99  23.8086  23.1727  22.9715  23  22.9215  22.869  24.0571  23.246  22.9715  23  22.9215  22.869  0 24.1079  23.2515  22.9578  22.9924  22.8995  22.9557  0.10701  0.0185206  0.011998  0.0209983  0.0351  0.102272  
100  23.8086  23.1727  22.9715  23  22.9215  22.869  23.9604  23.2222  22.9715  23  22.9215  22.869  0 23.8464  23.2308  22.9697  22.9799  22.903  23.0276  0.0985096  0.0182096  0.0119981  0.0209983  0.0351001  0.102271  
101  23.8086  23.1727  22.9715  23  22.9215  22.869  23.9626  23.2426  22.9715  23  22.9215  22.869  0 24.0886  23.2672  22.9699  23.0086  22.9584  22.92  0.0986958  0.0184752  0.0119981  0.0209983  0.0351002  0.10227  
102  23.8086  23.1727  22.9715  23  22.9215  22.869  24.0545  23.2268  22.9715  23  22.9215  22.869  0 24.0382  23.2314  22.9529  23.005  22.9139  22.9225  0.106769  0.0182695  0.011998  0.0209983  0.0350998  0.102271  
103  23.8086  23.1727  22.9715  23  22.9215  22.869  24.0624  23.223  22.9715  23  22.9216  22.869  0 24.0673  23.2084  22.999  22.9926  22.935  22.8947  0.107496  0.0182194  0.0119981  0.0209983  0.0351003  0.10227  
104  23.8086  23.1727  22.9715  23  22.9215  22.869  23.9841  23.2409  22.9715  23  22.9216  22.8691  0 23.9361  23.2323  22.9577  23.0191  22.9647  23.098  0.100524  0.0184525  0.0119981  0.0209983  0.0351002  0.102275  
105  23.8086  23.1727  22.9715  23  22.9215  22.869  23.9718  23.2406  22.9715  23  22.9216  22.869  0 23.909  23.2133  22.9631  22.9613  22.9436  22.8531  0.0994743  0.0184491  0.0119981  0.0209983  0.0351006  0.102271  
106  23.8086  23.1727  22.9715  23  22.9215  22.869  24.0818  23.2646  22.9715  23  22.9216  22.869  0 23.9211  23.2834  22.981  23.0245  22.9562  22.7731  0.109304  0.0187669  0.0119981  0.0209983  0.0351005  0.102272  
107  23.8086  23.1727  22.9715  23  22.9215  22.869  23.998  23.2306  22.9715  23  22.9216  22.869  0 23.8237  23.2342  22.9845  23.0137  22.8833  22.718  0.101723  0.0183181  0.0119981  0.0209983  0.0351003  0.102272  
108  23.8086  23.1727  22.9715  23  22.9215  22.869  24.0534  23.2402  22.9715  23  22.9215  22.869  0 24.1387  23.2139  22.941  23.0225  22.9412  22.8318  0.106662  0.0184435  0.011998  0.0209983  0.0351  0.102273  
109  23.8086  23.1727  22.9715  23  22.9215  22.869  24.0426  23.2477  22.9715  23  22.9216  22.869  0 23.9868  23.2325  22.9762  23.0258  22.8553  22.7684  0.105686  0.0185427  0.011998  0.0209983  0.0351004  0.102271  
110  23.8086  23.1727  22.9715  23  22.9215  22.869  24.0986  23.2342  22.9714  23  22.9215  22.869  0 23.9662  23.243  22.986  23.0187  23.0156  22.9883  0.110893  0.0183649  0.0119979  0.0209983  0.0350993  0.10227  
111  23.8086  23.1727  22.9715  23  22.9215  22.869  24.0133  23.2653  22.9715  23  22.9216  22.869  0 24.1161  23.2373  22.9538  22.9689  22.9508  22.9053  0.103065  0.0187773  0.011998  0.0209983  0.0351002  0.102273  
112  23.8086  23.1727  22.9715  23  22.9215  22.869  23.9682  23.2125  22.9715  23  22.9216  22.869  0 23.9431  23.1936  22.9609  23.0223  22.974  23.0226  0.0991619  0.0180843  0.0119981  0.0209983  0.0351004  0.10227  
113  23.8086  23.1727  22.9715  23  22.9215  22.869  24.102  23.2465  22.9715  23  22.9216  22.869  0 23.9319  23.2396  22.9669  23.0066  22.8816  23.1923  0.111218  0.0185268  0.0119981  0.0209983  0.0351005  0.102271  
114  23.8086  23.1727  22.9715  23  22.9215  22.869  23.9756  23.2161  22.9715  23  22.9216  22.869  0 24.1239  23.2286  22.9662  22.9976  22.8995  23.0215  0.0997923  0.0181301  0.0119981  0.0209983  0.0351005  0.10227  
115  23.8086  23.1727  22.9715  23  22.9215  22.869  23.9998  23.2311  22.9715  23  22.9215  22.869  0 24.119  23.2469  22.9514  23.0103  22.9281  23.0904  0.10188  0.0183254  0.011998  0.0209983  0.0351  0.102271  
116  23.8086  23.1727  22.9715  23  22.9215  22.869  24.1008  23.2393  22.9715  23  22.9216  22.869  0 24.3334  23.2709  22.9676  23.0198  22.9612  22.9383  0.111104  0.0184323  0.0119981  0.0209983  0.0351009  0.102271  
117  23.8086  23.1727  22.9715  23  22.9215  22.869  24.0313  23.2446  22.9715  23  22.9216  22.8691  0 23.9535  23.2746  22.9705  23.0196  22.9052  22.9082  0.104666  0.0185016  0.011998  0.0209983  0.0351006  0.102275  
118  23.8086  23.1727  22.9715  23  22.9215  22.869  23.9787  23.2138  22.9715  23  22.9216  22.869  0 23.9491  23.195  22.9651  23.0036  22.9344  22.8458  0.100059  0.0181013  0.0119981  0.0209983  0.0351003  0.10227  
119  23.8086  23.1727  22.9715  23  22.9215  22.869  24.1384  23.2209  22.9715  23  22.9216  22.869  0 24.1743  23.2094  22.9891  22.9451  22.9426  22.7782  0.11476  0.018192  0.0119981  0.0209983  0.0351004  0.102271  
120  23.8086  23.1727  22.9715  23  22.9215  22.869  24.2279  23.2083  22.9715  23  22.9215  22.869  0 24.2223  23.1989  22.9757  22.9934  22.9747  22.7298  0.123984  0.0180308  0.0119979  0.0209983  0.0350998  0.10227  
121  23.8086  23.1727  22.9715  23  22.9215  22.869  23.9837  23.2551  22.9715  23  22.9216  22.869  0 23.8986  23.2697  22.9946  23.0198  22.9032  22.9213  0.100484  0.0186409  0.0119981  0.0209983  0.0351003  0.102272  
122  23.8086  23.1727  22.9715  23  22.9215  22.869  24.0137  23.2771  22.9715  23  22.9216  22.869  0 24.0593  23.2364  22.9484  23.0306  22.8921  22.9713  0.103097  0.0189362  0.0119981  0.0209983  0.0351003  0.102272  
123  23.8086  23.1727  22.9715  23  22.9215  22.869  24.1029  23.2363  22.9715  23  22.9216  22.869  0 24.1285  23.2683  22.9817  23.0071  22.9388  22.9421  0.1113  0.0183927  0.0119981  0.0209983  0.0351011  0.102272  
124  23.8086  23.1727  22.9715  23  22.9215  22.869  24.0487  23.2506  22.9715  23  22.9215  22.869  0 24.0651  23.2326  22.9885  23.0176  22.9543  22.9464  0.106236  0.0185813  0.0119981  0.0209983  0.0351001  0.102271  
125  23.8086  23.1727  22.9715  23  22.9215  22.869  24.0128  23.2235  22.9715  23  22.9216  22.869  0 23.936  23.2299  22.9878  23.0227  22.9565  22.7134  0.103022  0.0182267  0.0119981  0.0209983  0.0351005  0.10227  
126  23.8086  23.1727  22.9715  23  22.9215  22.869  24.0134  23.2385  22.9715  23  22.9216  22.869  0 23.9813  23.2436  22.9533  23.019  22.9637  22.8326  0.10307  0.0184215  0.0119981  0.0209983  0.0351006  0.102271  
127  23.8086  23.1727  22.9715  23  22.9215  22.869  24.0305  23.2326  22.9715  23  22.9216  22.869  0 24.1607  23.2316  22.9755  23.0088  22.9167  22.8715  0.104591  0.0183441  0.0119981  0.0209983  0.0351007  0.102272  
128  23.8086  23.1727  22.9715  23  22.9215  22.869  24.1083  23.2588  22.9715  23  22.9215  22.869  0 23.945  23.2686  22.9783  23.0004  22.9196  23.2138  0.111824  0.0186899  0.0119981  0.0209983  0.0351002  0.102272  
129  23.8086  23.1727  22.9715  23  22.9215  22.869  24.1813  23.2209  22.9715  23  22.9216  22.869  0 24.1461  23.2123  22.9649  23.0023  22.9993  22.8489  0.119083  0.018193  0.0119981  0.0209983  0.0351005  0.10227  
130  23.8086  23.1727  22.9715  23  22.9215  22.869  23.9878  23.2301  22.9715  23  22.9215  22.869  0 24.03  23.2406  22.9463  22.9876  22.9186  22.8629  0.100836  0.0183121  0.0119981  0.0209983  0.0351002  0.10227  
131  23.8086  23.1727  22.9715  23  22.9215  22.869  24.0484  23.2218  22.9715  23  22.9216  22.869  0 23.9963  23.2201  22.9614  22.9985  22.8896  22.946  0.106213  0.0182046  0.0119981  0.0209983  0.0351009  0.10227  
132  23.8086  23.1727  22.9715  23  22.9215  22.869  24.0875  23.2333  22.9715  23  22.9215  22.869  0 24.1804  23.2421  22.9552  22.995  22.9054  23.0546  0.109841  0.018354  0.0119981  0.0209983  0.0351001  0.102271  
133  23.8086  23.1727  22.9715  23  22.9215  22.869  24.0402  23.2728  22.9715  23  22.9216  22.869  0 24.0595  23.2892  22.9564  23.0404  22.9054  22.9291  0.105469  0.0188783  0.0119981  0.0209983  0.0351004  0.102271  
134  23.8086  23.1727  22.9715  23  22.9215  22.869  24.0129  23.2254  22.9715  23  22.9215  22.869  0 24.0575  23.1894  22.9898  23.0286  22.9276  22.8879  0.103027  0.018251  0.0119981  0.0209983  0.0351002  0.102269  
135  23.8086  23.1727  22.9715  23  22.9215  22.869  24.0303  23.222  22.9715  23  22.9215  22.869  0 24.1055  23.2575  22.9886  23.0148  22.9534  23.0875  0.104577  0.0182063  0.0119979  0.0209983  0.0350997  0.102271  
136  23.8086  23.1727  22.9715  23  22.9215  22.869  23.9804  23.2455  22.9715  23  22.9215  22.869  0 24.058  23.2741  22.9767  23.0024  22.916  22.7028  0.100201  0.0185137  0.011998  0.0209983  0.0350998  0.102273  
137  23.8086  23.1727  22.9715  23  22.9215  22.869  24.1  23.2609  22.9715  23  22.9216  22.869  0 24.1511  23.2921  22.9554  22.9961  22.9594  22.9324  0.111027  0.0187178  0.0119981  0.0209983  0.0351004  0.102272  
138  23.8086  23.1727  22.9715  23  22.9215  22.869  24.1135  23.2196  22.9715  23  22.9215  22.869  0 24.1814  23.2159  22.9742  23.0124  22.929  22.8504  0.112317  0.0181755  0.0119979  0.0209983  0.0350995  0.10227  
139  23.8086  23.1727  22.9715  23  22.9215  22.869  24.0422  23.2236  22.9715  23  22.9216  22.869  0 24.195  23.2111  22.9801  23.0259  22.9717  22.8503  0.105642  0.0182269  0.0119981  0.0209983  0.0351004  0.102271  
140  23.8086  23.1727  22.9715  23  22.9215  22.869  24.1107  23.2491  22.9715  23  22.9216  22.869  0 24.1178  23.2292  22.9623  22.9584  22.8894  22.7813  0.112051  0.0185611  0.0119981  0.0209983  0.0351008  0.102271  
141  23.8086  23.1727  22.9715  23  22.9215  22.869  24.0629  23.1984  22.9715  23  22.9216  22.869  0 24.0634  23.2108  22.9592  23.0355  22.9511  22.7515  0.107538  0.017905  0.0119981  0.0209983  0.0351005  0.10227  
142  23.8086  23.1727  22.9715  23  22.9215  22.869  23.9645  23.2644  22.9715  23  22.9215  22.869  0 23.8203  23.2789  22.9727  23.0216  22.915  22.6451  0.0988572  0.0187654  0.0119981  0.0209983  0.0350999  0.10227  
143  23.8086  23.1727  22.9715  23  22.9215  22.869  24.1054  23.229  22.9715  23  22.9215  22.869  0 23.999  23.2003  22.9665  22.9979  22.9012  22.9868  0.111537  0.0182975  0.0119981  0.0209983  0.0351001  0.102271  
144  23.8086  23.1727  22.9715  23  22.9215  22.869  24.0055  23.2517  22.9715  23  22.9215  22.869  0 24.0058  23.2429  22.977  22.9888  22.9323  22.8396  0.102377  0.0185951  0.0119981  0.0209983  0.0351002  0.102271  
145  23.8086  23.1727  22.9715  23  22.9215  22.869  24.0952  23.2055  22.9714  23  22.9215  22.869  0 24.1669  23.2308  22.9626  22.9996  22.9673  22.8365  0.110562  0.0179956  0.0119979  0.0209983  0.0351  0.102272  
146  23.8086  23.1727  22.9715  23  22.9215  22.869  24.001  23.2306  22.9714  23  22.9215  22.8691  0 23.9662  23.2209  22.9783  23.035  22.9553  22.9219  0.101986  0.0183181  0.0119979  0.0209983  0.0350996  0.102275  
147  23.8086  23.1727  22.9715  23  22.9215  22.869  24.1503  23.2473  22.9715  23  22.9216  22.869  0 24.0537  23.2417  22.9765  22.9968  22.9023  22.9594  0.11594  0.0185375  0.0119981  0.0209983  0.0351006  0.102272  
148  23.8086  23.1727  22.9715  23  22.9215  22.869  23.9392  23.272  22.9715  23  22.9216  22.8691  0 23.8958  23.281  22.9641  23.0057  22.8952  22.7778  0.0967442  0.0188667  0.0119981  0.0209983  0.0351008  0.102273  
149  23.8086  23.1727  22.9715  23  22.9215  22.869  24.0442  23.2149  22.9715  23  22.9215  22.869  0 24.0794  23.2323  22.9779  23.009  22.9457  22.7279  0.105831  0.0181152  0.0119981  0.0209983  0.0351001  0.102271  
150  23.8086  23.1727  22.9715  23  22.9215  22.869  24.2354  23.2426  22.9715  23  22.9215  22.869  0 24.5167  23.2637  22.9811  22.9748  22.9767  22.884  0.124797  0.0184758  0.0119981  0.0209983  0.0351002  0.102269  
151  23.8086  23.1727  22.9715  23  22.9215  22.869  23.9997  23.2756  22.9715  23  22.9215  22.869  0 23.8682  23.2694  22.9607  22.9969  22.8876  22.9412  0.101874  0.0189157  0.0119981  0.0209983  0.0351002  0.102271  
152  23.8086  23.1727  22.9715  23  22.9215  22.869  24.0196  23.2272  22.9715  23  22.9216  22.869  0 24.0417  23.2248  22.9838  23.0139  22.9361  22.98  0.103618  0.0182746  0.0119981  0.0209983  0.0351003  0.102272  
153  23.8086  23.1727  22.9715  23  22.9215  22.869  23.9873  23.2408  22.9715  23  22.9216  22.869  0 23.8181  23.2224  22.9709  22.984  22.9493  22.9972  0.1008  0.0184513  0.0119981  0.0209983  0.0351004  0.102271  
154  23.8086  23.1727  22.9715  23  22.9215  22.869  24.0336  23.2339  22.9715  23  22.9216  22.869  0 24.0295  23.2102  22.9632  23.0155  22.9681  23.004  0.10487  0.0183608  0.0119981  0.0209983  0.0351004  0.102271  
155  23.8086  23.1727  22.9715  23  22.9215  22.869  24.1427  23.2273  22.9715  23  22.9216  22.869  0 24.0961  23.2249  22.9608  23.0159  22.9882  23.0281  0.115184  0.0182756  0.0119981  0.0209983  0.0351006  0.102271  
156  23.8086  23.1727  22.9715  23  22.9215  22.869  24.1361  23.2174  22.9715  23  22.9215  22.869  0 24.1442  23.2164  22.9654  23.0035  22.9156  22.8376  0.114532  0.0181477  0.011998  0.0209983  0.0350998  0.102269  
157  23.8086  23.1727  22.9715  23  22.9215  22.869  24.0039  23.2503  22.9715  23  22.9216  22.869  0 23.8443  23.2489  22.9578  23.0495  22.9177  22.8588  0.10224  0.0185769  0.0119981  0.0209983  0.0351007  0.102272  
158  23.8086  23.1727  22.9715  23  22.9215  22.869  23.9721  23.2767  22.9715  23  22.9215  22.8691  0 24.0182  23.2625  22.9674  22.9601  22.9262  22.9794  0.0994963  0.0189305  0.0119981  0.0209983  0.0351002  0.102274  
159  23.8086  23.1727  22.9715  23  22.9215  22.869  23.9845  23.2479  22.9715  23  22.9216  22.869  0 24.2393  23.2524  22.9666  23.0002  22.9687  22.8947  0.100554  0.0185452  0.0119981  0.0209983  0.0351004  0.102271  
160  23.8086  23.1727  22.9715  23  22.9215  22.869  24.0722  23.2482  22.9715  23  22.9216  22.869  0 23.8096  23.2706  22.9729  23.0021  22.9139  22.9324  0.108406  0.0185488  0.0119981  0.0209983  0.0351004  0.102272  
161  23.8086  23.1727  22.9715  23  22.9215  22.869  24.1422  23.2181  22.9715  23  22.9216  22.869  0 24.3136  23.2168  22.9853  23.0379  22.8895  22.7181  0.115135  0.0181559  0.0119981  0.0209983  0.0351009  0.102269  
162  23.8086  23.1727  22.9715  23  22.9215  22.869  24.0507  23.2179  22.9715  23  22.9216  22.869  0 24.1366  23.1853  22.9715  22.9832  22.9489  22.8888  0.106419  0.0181535  0.0119981  0.0209983  0.0351007  0.10227  
163  23.8086  23.1727  22.9715  23  22.9215  22.869  24.0414  23.2493  22.9715  23  22.9216  22.869  0 23.9872  23.2329  22.9788  23.022  22.9067  22.8646  0.105573  0.0185638  0.0119981  0.0209983  0.0351003  0.10227  
164  23.8086  23.1727  22.9715  23  22.9215  22.869  24.116  23.2332  22.9715  23  22.9216  22.869  0 24.1519  23.203  22.9769  22.9793  22.9478  22.8429  0.11256  0.0183522  0.0119981  0.0209983  0.0351007  0.10227  
165  23.8086  23.1727  22.9715  23  22.9215  22.869  24.1086  23.2513  22.9715  23  22.9215  22.8691  0 24.0897  23.225  22.9883  23.0079  22.8845  22.7789  0.111846  0.0185908  0.011998  0.0209983  0.0351  0.102275  
166  23.8086  23.1727  22.9715  23  22.9215  22.869  24.0542  23.2587  22.9715  23  22.9216  22.869  0 24.1748  23.2735  22.9917  22.989  22.9419  22.7984  0.106737  0.0186888  0.0119982  0.0209983  0.0351006  0.102273  
167  23.8086  23.1727  22.9715  23  22.9215  22.869  24.0371  23.2389  22.9715  23  22.9216  22.869  0 24.0319  23.2454  22.9805  22.988  22.9164  23.0838  0.105182  0.0184265  0.0119981  0.0209983  0.0351004  0.102271  
168  23.8086  23.1727  22.9715  23  22.9215  22.869  23.9562  23.2274  22.9715  23  22.9216  22.869  0 23.9813  23.2465  22.9691  23.0168  22.9502  23.0809  0.0981559  0.0182771  0.0119981  0.0209983  0.0351003  0.10227  
169  23.8086  23.1727  22.9715  23  22.9215  22.869  24.0838  23.2414  22.9715  23  22.9216  22.869  0 24.1973  23.2729  22.9766  23.0057  22.9493  22.8431  0.109492  0.0184595  0.0119979  0.0209983  0.0351004  0.10227  
170  23.8086  23.1727  22.9715  23  22.9215  22.869  24.0218  23.224  22.9715  23  22.9216  22.869  0 23.9058  23.2416  22.9498  22.965  22.9534  22.8755  0.10382  0.0182326  0.0119981  0.0209983  0.0351004  0.10227  
171  23.8086  23.1727  22.9715  23  22.9215  22.869  24.0773  23.2326  22.9715  23  22.9216  22.869  0 24.0415  23.2091  22.9777  23.0158  23.0053  22.9943  0.108878  0.0183439  0.0119981  0.0209983  0.0351004  0.102271  
172  23.8086  23.1727  22.9715  23  22.9215  22.869  24.0133  23.2338  22.9715  23  22.9215  22.869  0 24.0137  23.2308  22.9603  23.0229  22.9299  22.8469  0.103063  0.0183605  0.011998  0.0209983  0.0350997  0.102271  
173  23.8086  23.1727  22.9715  23  22.9215  22.869  24.1454  23.2673  22.9715  23  22.9216  22.8691  0 24.0873  23.2657  22.9572  22.9981  22.9248  22.9449  0.115446  0.0188042  0.011998  0.0209983  0.0351002  0.102274  
174  23.8086  23.1727  22.9715  23  22.9215  22.869  23.9887  23.2297  22.9715  23  22.9215  22.869  0 23.9287  23.2112  22.9864  23.0077  22.8916  22.9928  0.100914  0.0183064  0.0119981  0.0209983  0.0351002  0.102271  
175  23.8086  23.1727  22.9715  23  22.9215  22.869  23.9921  23.2288  22.9715  23  22.9216  22.869  0 23.7425  23.2511  22.9774  22.9783  22.9265  22.8493  0.101211  0.0182943  0.0119981  0.0209983  0.0351009  0.10227  
176  23.8086  23.1727  22.9715  23  22.9215  22.869  24.031  23.242  22.9715  23  22.9216  22.869  0 24.0166  23.27  22.9479  22.9726  22.8735  22.9297  0.104639  0.018468  0.0119981  0.0209983  0.0351009  0.10227  
177  23.8086  23.1727  22.9715  23  22.9215  22.869  24.0808  23.2603  22.9715  23  22.9215  22.869  0 24.2581  23.2467  22.998  22.9753  22.8616  22.848  0.109204  0.0187101  0.011998  0.0209983  0.0350999  0.10227  
178  23.8086  23.1727  22.9715  23  22.9215  22.869  24.1244  23.2537  22.9715  23  22.9216  22.869  0 23.9946  23.2477  22.9676  23.0104  22.948  22.9295  0.113377  0.0186219  0.0119981  0.0209983  0.0351011  0.102271  
179  23.8086  23.1727  22.9715  23  22.9215  22.869  23.9346  23.2622  22.9715  23  22.9216  22.8691  0 23.9962  23.255  22.9888  23.0422  22.8894  22.9119  0.0963656  0.0187356  0.0119981  0.0209983  0.0351005  0.102274  
180  23.8086  23.1727  22.9715  23  22.9215  22.869  23.9924  23.2535  22.9715  23  22.9215  22.869  0 23.8585  23.2746  22.9598  22.9852  22.8887  23.0694  0.101237  0.0186188  0.0119981  0.0209983  0.0351  0.102273  
181  23.8086  23.1727  22.9715  23  22.9215  22.869  24.0347  23.2379  22.9715  23  22.9215  22.869  0 24.0735  23.2378  22.9819  22.9953  22.8821  22.7445  0.104974  0.0184135  0.011998  0.0209983  0.0350999  0.102272  
182  23.8086  23.1727  22.9715  23  22.9215  22.869  23.9891  23.2423  22.9715  23  22.9216  22.869  0 23.8308  23.2168  22.9783  22.9734  22.9589  22.9105  0.100952  0.0184718  0.0119981  0.0209983  0.0351004  0.10227  
183  23.8086  23.1727  22.9715  23  22.9215  22.869  24.2218  23.2348  22.9714  23  22.9215  22.869  0 24.2555  23.2393  22.9574  23.0098  22.922  22.8227  0.123331  0.0183728  0.0119979  0.0209983  0.0350996  0.102273  
184  23.8086  23.1727  22.9715  23  22.9215  22.869  24.04  23.2306  22.9715  23  22.9215  22.869  0 24.0911  23.2645  22.9913  22.9963  22.9621  22.7815  0.105449  0.0183186  0.011998  0.0209983  0.0350997  0.102271  
185  23.8086  23.1727  22.9715  23  22.9215  22.869  24.0104  23.2278  22.9715  23  22.9216  22.869  0 24.2646  23.2594  22.9809  23.0023  22.9756  22.8907  0.10281  0.0182824  0.0119981  0.0209983  0.0351005  0.102272  
186  23.8086  23.1727  22.9715  23  22.9215  22.869  24.1566  23.2216  22.9715  23  22.9216  22.869  0 24.2181  23.2665  22.9656  23.006  22.9588  22.8511  0.116568  0.0182017  0.0119981  0.0209983  0.0351006  0.102271  
187  23.8086  23.1727  22.9715  23  22.9215  22.869  24.0744  23.2561  22.9715  23  22.9215  22.869  0 23.9704  23.2829  22.978  23.0421  22.9085  22.794  0.108608  0.0186543  0.011998  0.0209983  0.0351  0.102272  
188  23.8086  23.1727  22.9715  23  22.9215  22.869  24.0717  23.246  22.9715  23  22.9216  22.869  0 24.106  23.2456  22.9821  22.9857  22.8797  22.8293  0.108357  0.0185199  0.0119981  0.0209983  0.0351005  0.102271  
189  23.8086  23.1727  22.9715  23  22.9215  22.869  24.1492  23.306  22.9715  23  22.9216  22.869  0 24.0394  23.3085  22.9708  23.0393  22.902  22.8537  0.115827  0.019333  0.0119981  0.0209983  0.0351004  0.102273  
190  23.8086  23.1727  22.9715  23  22.9215  22.869  23.9326  23.2482  22.9715  23  22.9216  22.869  0 23.8474  23.2457  22.9624  22.9749  22.9507  22.907  0.0962001  0.0185492  0.0119981  0.0209983  0.0351003  0.102273  
191  23.8086  23.1727  22.9715  23  22.9215  22.869  24.0215  23.2196  22.9715  23  22.9215  22.869  0 24.0547  23.2241  22.9679  23.0238  22.9235  22.8618  0.103786  0.018176  0.011998  0.0209983  0.0351001  0.10227  
192  23.8086  23.1727  22.9715  23  22.9215  22.869  23.9549  23.2525  22.9715  23  22.9216  22.869  0 24.1292  23.2641  22.9671  22.9621  22.9344  23.0095  0.0980447  0.0186056  0.0119981  0.0209983  0.0351005  0.102271  
193  23.8086  23.1727  22.9715  23  22.9215  22.869  24.0423  23.23  22.9715  23  22.9215  22.869  0 24.1153  23.3  23.0048  23.0132  22.9652  22.8379  0.105658  0.0183103  0.0119981  0.0209983  0.0351002  0.10227  
194  23.8086  23.1727  22.9715  23  22.9215  22.869  23.9782  23.2321  22.9715  23  22.9216  22.869  0 23.9927  23.2441  22.9483  22.9723  22.8568  22.8378  0.100013  0.0183383  0.0119981  0.0209983  0.0351006  0.102271  
195  23.8086  23.1727  22.9715  23  22.9215  22.869  24.0096  23.2538  22.9715  23  22.9216  22.869  0 24.0128  23.2599  22.9547  22.9856  22.9126  22.9115  0.102737  0.018624  0.0119981  0.0209983  0.0351004  0.102271  
196  23.8086  23.1727  22.9715  23  22.9215  22.869  23.966  23.2354  22.9715  23  22.9216  22.869  0 23.9477  23.2247  22.9771  22.9909  22.925  22.685  0.0989801  0.0183814  0.0119981  0.0209983  0.0351004  0.102271  
197  23.8086  23.1727  22.9715  23  22.9215  22.869  23.9577  23.2405  22.9715  23  22.9215  22.869  0 23.8868  23.2311  22.9675  22.9887  22.9646  22.9167  0.0982803  0.0184474  0.011998  0.0209983  0.0351002  0.102272  
198  23.8086  23.1727  22.9715  23  22.9215  22.869  24.0642  23.2243  22.9715  23  22.9216  22.869  0 24.1484  23.2268  22.9954  23.0304  22.9365  22.9366  0.10766  0.0182368  0.0119981  0.0209983  0.0351007  0.102271  
199  23.8086  23.1727  22.9715  23  22.9215  22.869  24.0696  23.2376  22.9715  23  22.9216  22.869  0 24.1091  23.2378  22.9529  23.0226  22.8564  22.9343  0.108161  0.0184103  0.011998  0.0209983  0.0351004  0.10227  
200  23.8086  23.1727  22.9715  23  22.9215  22.869  24.0622  23.2383  22.9715  23  22.9216  22.869  0 24.2318  23.2548  23.0032  22.9922  22.8673  22.8776  0.107476  0.0184194  0.0119981  0.0209983  0.0351003  0.102271  
